0,0.017391
1,0.464316
2,0.129241
3,0.000000
4,0.420137
5,0.000000
6,0.458447
7,0.353158
8,0.000000
9,0.021154
10,0.449217
11,0.319807
12,0.000000
13,0.000000
14,0.419836
15,0.000000
16,0.172662
17,0.411491
18,0.065574
19,0.000000
20,0.000000
21,0.000000
22,0.294999
23,0.036053
24,0.448054
25,0.300112
26,0.000000
27,0.471184
28,0.094746
29,0.438623
30,0.340816
31,0.426895
32,0.407657
33,0.047170
34,0.000000
35,0.420978
36,0.456464
37,0.000000
38,0.088561
39,0.091480
40,0.367374
41,0.435924
42,0.468887
43,0.417791
44,0.379117
45,0.413333
46,0.350305
47,0.425876
48,0.000000
49,0.286306
50,0.388889
51,0.419896
52,0.000000
53,0.248943
54,0.449963
55,0.077277
56,0.440801
57,0.002004
58,0.373840
59,0.388998
60,0.351333
61,0.448964
62,0.094558
63,0.392417
64,0.000000
65,0.087578
66,0.253644
67,0.007905
68,0.020408
69,0.366476
70,0.349584
71,0.015748
72,0.443748
73,0.373180
74,0.000000
75,0.442466
76,0.000000
77,0.352824
78,0.387058
79,0.021484
80,0.021484
81,0.128125
82,0.462633
83,0.464673
84,0.002004
85,0.398472
86,0.442093
87,0.451311
88,0.444071
89,0.465409
90,0.437754
91,0.443015
92,0.449756
93,0.305993
94,0.392788
95,0.457392
96,0.086879
97,0.046425
98,0.465116
99,0.089686
100,0.000000
101,0.458278
102,0.469565
103,0.469565
104,0.469565
105,0.469565
106,0.469565
107,0.469565
108,0.469565
109,0.469565
110,0.469565
111,0.469565
112,0.469565
113,0.469565
114,0.469565
115,0.465652
116,0.465652
117,0.465652
118,0.466145
119,0.466145
120,0.466145
121,0.466145
122,0.466145
123,0.465652
124,0.469565
125,0.469565
126,0.469565
127,0.469565
128,0.469565
129,0.469565
130,0.469565
131,0.458809
132,0.463554
133,0.464740
134,0.466640
135,0.466640
136,0.466640
137,0.467928
138,0.467928
139,0.467928
140,0.466640
141,0.467986
142,0.464740
143,0.463554
144,0.463554
145,0.463554
146,0.463554
147,0.463554
148,0.463554
149,0.458809
150,0.458809
151,0.458809
152,0.458809
153,0.456984
154,0.462238
155,0.469565
156,0.469565
157,0.465652
158,0.465589
159,0.468103
160,0.468103
161,0.468103
162,0.468103
163,0.468103
164,0.462886
165,0.462886
166,0.460963
167,0.459888
168,0.459888
169,0.459888
170,0.456984
171,0.456984
172,0.459888
173,0.459888
174,0.459888
175,0.460772
176,0.460772
177,0.460772
178,0.471222
179,0.460772
180,0.469954
181,0.460963
182,0.460963
183,0.467451
184,0.467451
185,0.469108
186,0.469108
187,0.467442
188,0.467442
189,0.461816
190,0.461816
191,0.460517
192,0.460517
193,0.460517
194,0.467442
195,0.467442
196,0.467442
197,0.467442
198,0.467442
199,0.467442
200,0.467442
201,0.461229
202,0.461229
203,0.461229
204,0.450593
205,0.450593
206,0.450593
207,0.461229
208,0.461229
209,0.461229
210,0.461229
211,0.464865
212,0.464865
213,0.464865
214,0.464865
215,0.464865
216,0.464865
217,0.464865
218,0.461229
219,0.461229
220,0.461229
221,0.461229
222,0.461229
223,0.468811
224,0.468811
225,0.469108
226,0.467261
227,0.467261
228,0.467261
229,0.463308
230,0.464865
231,0.468543
232,0.468543
233,0.468543
234,0.468543
235,0.468543
236,0.470137
237,0.470739
238,0.468103
239,0.465252
240,0.465252
241,0.465252
242,0.460674
243,0.465252
244,0.465252
245,0.464526
246,0.464526
247,0.461229
248,0.461229
249,0.461229
250,0.461229
251,0.461229
252,0.463828
253,0.471222
254,0.471222
255,0.468543
256,0.468543
257,0.468543
258,0.468543
259,0.468543
260,0.468543
261,0.468543
262,0.468543
263,0.468543
264,0.470137
265,0.469565
266,0.469565
267,0.469565
268,0.469565
269,0.469565
270,0.469565
271,0.469565
272,0.469565
273,0.469565
274,0.469565
275,0.469565
276,0.460890
277,0.460890
278,0.459888
279,0.459888
280,0.459888
281,0.459888
282,0.459888
283,0.459888
284,0.471222
285,0.471222
286,0.471222
287,0.464865
288,0.464865
289,0.464865
290,0.464865
291,0.463828
292,0.462963
293,0.462963
294,0.462963
295,0.462963
296,0.462963
297,0.462963
298,0.464376
299,0.464376
300,0.464376
301,0.464376
302,0.448574
303,0.448574
304,0.448574
305,0.448574
306,0.448574
307,0.448574
308,0.448574
309,0.448574
310,0.448574
311,0.463828
312,0.468543
313,0.468543
314,0.468543
315,0.470137
316,0.470137
317,0.470137
318,0.469565
319,0.469565
320,0.470137
321,0.465019
322,0.465019
323,0.464376
324,0.464376
325,0.464376
326,0.466772
327,0.446069
328,0.446069
329,0.468629
330,0.468629
331,0.468629
332,0.468629
333,0.466772
334,0.464376
335,0.465019
336,0.465019
337,0.465019
338,0.465019
339,0.465019
340,0.465019
341,0.446069
342,0.446069
343,0.446069
344,0.465019
345,0.465019
346,0.464376
347,0.464376
348,0.464376
349,0.464376
350,0.465019
351,0.465019
352,0.465019
353,0.464638
354,0.464638
355,0.470137
356,0.470137
357,0.470137
358,0.470137
359,0.470137
360,0.469565
361,0.470739
362,0.440104
363,0.440104
364,0.440104
365,0.465604
366,0.465604
367,0.465604
368,0.463320
369,0.466698
370,0.460960
371,0.464376
372,0.464376
373,0.461264
374,0.457841
375,0.457841
376,0.457841
377,0.457841
378,0.457841
379,0.457841
380,0.457841
381,0.461795
382,0.462963
383,0.462963
384,0.462963
385,0.465019
386,0.468543
387,0.468543
388,0.468543
389,0.468543
390,0.468543
391,0.468543
392,0.465019
393,0.465019
394,0.465019
395,0.465019
396,0.465019
397,0.462963
398,0.462963
399,0.462963
400,0.462963
401,0.461795
402,0.457841
403,0.457841
404,0.457841
405,0.457841
406,0.457841
407,0.457841
408,0.457841
409,0.457841
410,0.457841
411,0.461795
412,0.462963
413,0.465019
414,0.465214
415,0.465214
416,0.468103
417,0.465214
418,0.465214
419,0.465214
420,0.465019
421,0.465019
422,0.462963
423,0.449591
424,0.449591
425,0.449591
426,0.449591
427,0.449591
428,0.449591
429,0.449591
430,0.449591
431,0.449591
432,0.449591
433,0.449591
434,0.449591
435,0.464376
436,0.465604
437,0.465604
438,0.465604
439,0.465604
440,0.465604
441,0.465604
442,0.465604
443,0.465604
444,0.464376
445,0.459414
446,0.459414
447,0.459030
448,0.466165
449,0.468629
450,0.468629
451,0.470727
452,0.449295
453,0.449295
454,0.449295
455,0.449295
456,0.449295
457,0.449295
458,0.461795
459,0.461795
460,0.465019
461,0.465019
462,0.465019
463,0.465019
464,0.465019
465,0.463158
466,0.461795
467,0.449591
468,0.449591
469,0.449591
470,0.449591
471,0.449591
472,0.457841
473,0.457841
474,0.457841
475,0.457841
476,0.457841
477,0.461795
478,0.461795
479,0.461795
480,0.461795
481,0.461795
482,0.465019
483,0.461795
484,0.461795
485,0.461795
486,0.461795
487,0.461795
488,0.461795
489,0.461795
490,0.461795
491,0.461795
492,0.461795
493,0.461795
494,0.461795
495,0.452489
496,0.452489
497,0.452489
498,0.452489
499,0.462963
500,0.462963
501,0.472469
502,0.449591
503,0.449591
504,0.449591
505,0.449591
506,0.449591
507,0.449591
508,0.449591
509,0.449591
510,0.462963
511,0.468543
512,0.468543
513,0.469565
514,0.469565
515,0.469565
516,0.469565
517,0.469565
518,0.469565
519,0.469565
520,0.469565
521,0.470101
522,0.463320
523,0.465604
524,0.464376
525,0.464376
526,0.466165
527,0.466165
528,0.468629
529,0.469446
530,0.469446
531,0.449591
532,0.449591
533,0.449591
534,0.449295
535,0.469446
536,0.469446
537,0.461795
538,0.461795
539,0.461795
540,0.461795
541,0.464376
542,0.464376
543,0.465643
544,0.468629
545,0.468629
546,0.468629
547,0.468811
548,0.468811
549,0.464777
550,0.464376
551,0.464777
552,0.464376
553,0.464376
554,0.464376
555,0.465019
556,0.465019
557,0.462963
558,0.462963
559,0.462963
560,0.462963
561,0.462963
562,0.462963
563,0.462963
564,0.462963
565,0.464865
566,0.462963
567,0.462963
568,0.462963
569,0.462963
570,0.464376
571,0.464376
572,0.466772
573,0.466165
574,0.465643
575,0.465643
576,0.468629
577,0.470727
578,0.470727
579,0.449295
580,0.449295
581,0.449295
582,0.469446
583,0.469446
584,0.469446
585,0.469446
586,0.469446
587,0.470727
588,0.464777
589,0.464777
590,0.464777
591,0.464777
592,0.464777
593,0.464777
594,0.464777
595,0.464376
596,0.464376
597,0.464376
598,0.464376
599,0.464376
600,0.464376
601,0.461795
602,0.461795
603,0.457841
604,0.457841
605,0.457841
606,0.449591
607,0.449591
608,0.472469
609,0.440104
610,0.440104
611,0.450135
612,0.468543
613,0.468543
614,0.470137
615,0.470137
616,0.470137
617,0.470137
618,0.470137
619,0.464638
620,0.464638
621,0.465019
622,0.465019
623,0.465019
624,0.465019
625,0.465019
626,0.465019
627,0.465019
628,0.464376
629,0.464376
630,0.464376
631,0.464376
632,0.464376
633,0.464376
634,0.464376
635,0.464376
636,0.464376
637,0.464376
638,0.464777
639,0.464777
640,0.464376
641,0.456284
642,0.470101
643,0.469565
644,0.470137
645,0.470137
646,0.470137
647,0.470137
648,0.468543
649,0.463828
650,0.461795
651,0.461795
652,0.461795
653,0.461795
654,0.461795
655,0.449591
656,0.449591
657,0.449591
658,0.449591
659,0.449591
660,0.449591
661,0.449591
662,0.449591
663,0.449591
664,0.449591
665,0.449591
666,0.465019
667,0.464638
668,0.464638
669,0.465604
670,0.463158
671,0.463158
672,0.463158
673,0.465604
674,0.465604
675,0.465604
676,0.465604
677,0.464638
678,0.464638
679,0.464638
680,0.464638
681,0.464376
682,0.464376
683,0.464376
684,0.464376
685,0.464376
686,0.464376
687,0.465019
688,0.465604
689,0.463158
690,0.463158
691,0.463158
692,0.463158
693,0.461795
694,0.449591
695,0.449591
696,0.469256
697,0.470727
698,0.470727
699,0.469446
700,0.469446
701,0.461795
702,0.461795
703,0.461795
704,0.456126
705,0.456126
706,0.448574
707,0.442808
708,0.470852
709,0.456126
710,0.456126
711,0.457841
712,0.457841
713,0.457841
714,0.457841
715,0.463828
716,0.463828
717,0.464865
718,0.464865
719,0.464865
720,0.464865
721,0.464865
722,0.464865
723,0.461795
724,0.461795
725,0.461795
726,0.461795
727,0.449591
728,0.449591
729,0.449591
730,0.456126
731,0.456126
732,0.456126
733,0.464777
734,0.465214
735,0.464638
736,0.470137
737,0.470137
738,0.470137
739,0.470137
740,0.456126
741,0.456126
742,0.456126
743,0.456126
744,0.456126
745,0.456126
746,0.456126
747,0.456126
748,0.456126
749,0.456126
750,0.456126
751,0.456126
752,0.468811
753,0.466957
754,0.466957
755,0.466957
756,0.466957
757,0.468811
758,0.468811
759,0.468629
760,0.468629
761,0.449591
762,0.449591
763,0.468629
764,0.468629
765,0.468629
766,0.449591
767,0.468629
768,0.468811
769,0.465643
770,0.468543
771,0.470137
772,0.470137
773,0.470137
774,0.470137
775,0.470137
776,0.470137
777,0.470137
778,0.465214
779,0.464777
780,0.466772
781,0.466772
782,0.456126
783,0.456126
784,0.456126
785,0.456126
786,0.456126
787,0.456126
788,0.456126
789,0.456126
790,0.470137
791,0.470137
792,0.470137
793,0.470137
794,0.470137
795,0.470137
796,0.470137
797,0.470137
798,0.470137
799,0.470137
800,0.470137
801,0.468543
802,0.468543
803,0.468543
804,0.468543
805,0.468543
806,0.468543
807,0.468543
808,0.464526
809,0.464526
810,0.464526
811,0.464526
812,0.464526
813,0.464526
814,0.464526
815,0.469108
816,0.469108
817,0.469512
818,0.469512
819,0.469512
820,0.464526
821,0.464526
822,0.464526
823,0.464526
824,0.464526
825,0.464526
826,0.464526
827,0.464526
828,0.464526
829,0.464526
830,0.464526
831,0.464526
832,0.464526
833,0.464526
834,0.464526
835,0.464526
836,0.466105
837,0.468677
838,0.464711
839,0.464711
840,0.464711
841,0.464711
842,0.464711
843,0.464526
844,0.464526
845,0.464526
846,0.464526
847,0.464526
848,0.464526
849,0.464526
850,0.464526
851,0.464711
852,0.464711
853,0.464711
854,0.464711
855,0.464711
856,0.464711
857,0.454404
858,0.454404
859,0.454404
860,0.456126
861,0.456126
862,0.456126
863,0.456126
864,0.456126
865,0.456126
866,0.456126
867,0.456126
868,0.447472
869,0.447472
870,0.447472
871,0.447472
872,0.447472
873,0.447472
874,0.448238
875,0.448238
876,0.456126
877,0.456126
878,0.456126
879,0.456126
880,0.456126
881,0.448238
882,0.448238
883,0.448238
884,0.448238
885,0.448238
886,0.448238
887,0.464711
888,0.470137
889,0.470137
890,0.470137
891,0.470137
892,0.470137
893,0.447472
894,0.454404
895,0.454404
896,0.456126
897,0.456126
898,0.456126
899,0.456126
900,0.456126
901,0.456126
902,0.456126
903,0.456126
904,0.448238
905,0.448238
906,0.448238
907,0.448238
908,0.448238
909,0.448238
910,0.448238
911,0.448238
912,0.448238
913,0.448238
914,0.448238
915,0.448238
916,0.448238
917,0.448238
918,0.448238
919,0.469565
920,0.470137
921,0.470137
922,0.470137
923,0.450135
924,0.450135
925,0.450135
926,0.456126
927,0.456126
928,0.456126
929,0.456126
930,0.456126
931,0.456126
932,0.448238
933,0.448238
934,0.448238
935,0.448238
936,0.469565
937,0.469565
938,0.469565
939,0.469565
940,0.469565
941,0.469565
942,0.469565
943,0.469565
944,0.470137
945,0.470137
946,0.470137
947,0.470137
948,0.470137
949,0.470137
950,0.470137
951,0.470137
952,0.470137
953,0.469565
954,0.469565
955,0.469565
956,0.469565
957,0.469565
958,0.469565
959,0.469565
960,0.469565
961,0.469565
962,0.469565
963,0.469565
964,0.469565
965,0.469565
966,0.469565
967,0.469565
968,0.469565
969,0.469565
970,0.469565
971,0.469565
972,0.469565
973,0.469565
974,0.469565
975,0.469565
976,0.469565
977,0.469565
978,0.469565
979,0.469565
980,0.469565
981,0.469565
982,0.469565
983,0.469565
984,0.469565
985,0.469565
986,0.469565
987,0.469565
988,0.469565
989,0.469565
990,0.469565
991,0.470137
992,0.470137
993,0.470137
994,0.464711
995,0.464711
996,0.464526
997,0.464526
998,0.464526
999,0.464526
1000,0.469565
1001,0.469565
1002,0.469565
1003,0.469565
1004,0.469565
1005,0.469565
1006,0.469565
1007,0.469565
1008,0.469565
1009,0.469565
1010,0.469565
1011,0.469565
1012,0.469565
1013,0.470137
1014,0.470137
1015,0.470137
1016,0.463828
1017,0.463828
1018,0.463828
1019,0.470137
1020,0.470137
1021,0.470137
1022,0.469565
1023,0.469565
1024,0.469565
1025,0.469565
1026,0.469565
1027,0.469565
1028,0.469565
1029,0.469565
1030,0.469565
1031,0.469565
1032,0.469565
1033,0.469565
1034,0.469565
1035,0.469565
1036,0.469565
1037,0.470137
1038,0.470137
1039,0.470137
1040,0.470137
1041,0.470137
1042,0.470137
1043,0.470137
1044,0.470137
1045,0.470137
1046,0.464526
1047,0.464526
1048,0.464526
1049,0.464526
1050,0.464526
1051,0.464526
1052,0.464526
1053,0.464526
1054,0.464526
1055,0.464526
1056,0.470137
1057,0.470137
1058,0.470137
1059,0.470137
1060,0.469565
1061,0.469565
1062,0.469565
1063,0.469565
1064,0.469565
1065,0.469565
1066,0.469565
1067,0.469565
1068,0.469565
1069,0.469565
1070,0.469565
1071,0.469565
1072,0.469565
1073,0.470137
1074,0.470137
1075,0.470137
1076,0.470137
1077,0.470137
1078,0.470137
1079,0.470137
1080,0.470137
1081,0.470137
1082,0.470137
1083,0.469565
1084,0.469565
1085,0.469565
1086,0.469565
1087,0.469565
1088,0.469565
1089,0.469565
1090,0.469565
1091,0.469565
1092,0.469565
1093,0.469565
1094,0.469565
1095,0.469565
1096,0.469565
1097,0.469565
1098,0.469565
1099,0.469565
1100,0.469565
1101,0.469565
1102,0.469565
1103,0.469565
1104,0.469565
1105,0.469565
1106,0.464711
1107,0.464711
1108,0.464711
1109,0.469565
1110,0.469565
1111,0.469565
1112,0.469565
1113,0.469565
1114,0.469565
1115,0.469565
1116,0.469565
1117,0.469565
1118,0.469565
1119,0.469565
1120,0.469565
1121,0.469565
1122,0.469565
1123,0.469565
1124,0.469565
1125,0.469565
1126,0.469565
1127,0.469565
1128,0.469565
1129,0.469565
1130,0.469565
1131,0.469565
1132,0.469565
1133,0.469565
1134,0.469565
1135,0.469565
1136,0.469565
1137,0.468629
1138,0.469565
1139,0.469565
1140,0.469565
1141,0.469565
1142,0.469565
1143,0.469565
1144,0.469565
1145,0.469565
1146,0.469565
1147,0.469565
1148,0.469565
1149,0.469565
1150,0.469565
1151,0.469565
1152,0.469565
1153,0.469565
1154,0.469565
1155,0.469565
1156,0.469565
1157,0.463828
1158,0.463828
1159,0.463828
1160,0.463828
1161,0.469565
1162,0.469565
1163,0.469565
1164,0.469565
1165,0.464526
1166,0.469565
1167,0.469565
1168,0.469565
1169,0.469565
1170,0.469565
1171,0.469565
1172,0.469565
1173,0.469565
1174,0.469565
1175,0.469565
1176,0.469565
1177,0.469565
1178,0.469565
1179,0.469565
1180,0.469565
1181,0.469565
1182,0.463828
1183,0.463828
1184,0.463828
1185,0.463828
1186,0.463828
1187,0.463828
1188,0.463828
1189,0.463828
1190,0.463828
1191,0.469565
1192,0.469565
1193,0.469565
1194,0.469565
1195,0.469565
1196,0.469565
1197,0.469565
1198,0.469565
1199,0.469565
1200,0.469565
1201,0.469565
1202,0.469565
1203,0.469565
1204,0.463828
1205,0.463828
1206,0.463828
1207,0.469565
1208,0.469565
1209,0.469565
1210,0.469565
1211,0.469565
1212,0.469565
1213,0.469565
1214,0.469565
1215,0.469565
1216,0.469565
1217,0.469565
1218,0.469565
1219,0.469565
1220,0.469565
1221,0.469565
1222,0.469565
1223,0.469565
1224,0.463828
1225,0.463828
1226,0.469565
1227,0.469565
1228,0.469565
1229,0.469565
1230,0.464526
1231,0.464526
1232,0.467685
1233,0.467685
1234,0.469565
1235,0.469565
1236,0.469565
1237,0.469565
1238,0.469565
1239,0.469565
1240,0.469565
1241,0.469565
1242,0.469565
1243,0.469565
1244,0.469565
1245,0.469565
1246,0.469565
1247,0.463828
1248,0.463828
1249,0.463828
1250,0.469565
1251,0.469565
1252,0.469565
1253,0.469565
1254,0.469565
1255,0.469565
1256,0.469565
1257,0.469565
1258,0.469565
1259,0.469565
1260,0.469565
1261,0.469565
1262,0.469565
1263,0.469565
1264,0.469565
1265,0.469565
1266,0.469565
1267,0.469565
1268,0.469565
1269,0.469565
1270,0.463828
1271,0.463828
1272,0.463828
1273,0.463828
1274,0.463828
1275,0.463828
1276,0.463828
1277,0.466105
1278,0.466105
1279,0.466105
1280,0.466105
1281,0.466105
1282,0.467451
1283,0.469565
1284,0.469565
1285,0.469565
1286,0.469565
1287,0.469565
1288,0.469565
1289,0.469565
1290,0.469565
1291,0.469565
1292,0.469565
1293,0.469565
1294,0.469565
1295,0.469565
1296,0.469565
1297,0.469565
1298,0.469565
1299,0.469565
1300,0.469565
1301,0.469565
1302,0.469565
1303,0.469565
1304,0.469565
1305,0.469565
1306,0.469565
1307,0.469565
1308,0.469565
1309,0.469565
1310,0.469565
1311,0.469565
1312,0.469565
1313,0.469565
1314,0.469565
1315,0.469565
1316,0.469565
1317,0.469565
1318,0.469565
1319,0.469565
1320,0.469565
1321,0.469565
1322,0.469565
1323,0.469565
1324,0.469565
1325,0.469565
1326,0.469565
1327,0.469565
1328,0.469565
1329,0.469565
1330,0.469565
1331,0.469565
1332,0.469565
1333,0.469565
1334,0.469565
1335,0.469565
1336,0.469565
1337,0.469565
1338,0.469565
1339,0.469565
1340,0.469565
1341,0.469565
1342,0.469565
1343,0.469565
1344,0.469565
1345,0.469565
1346,0.469565
1347,0.469565
1348,0.469565
1349,0.469565
1350,0.469565
1351,0.469565
1352,0.469565
1353,0.469565
1354,0.469565
1355,0.469565
1356,0.469565
1357,0.469565
1358,0.469565
1359,0.469565
1360,0.469565
1361,0.469565
1362,0.469565
1363,0.469565
1364,0.469565
1365,0.469565
1366,0.469565
1367,0.469565
1368,0.469565
1369,0.469565
1370,0.469565
1371,0.469565
1372,0.469565
1373,0.469565
1374,0.469565
1375,0.469565
1376,0.469565
1377,0.469565
1378,0.469565
1379,0.469565
1380,0.469565
1381,0.469565
1382,0.469565
1383,0.469565
1384,0.469565
1385,0.469565
1386,0.469565
1387,0.469565
1388,0.469565
1389,0.469565
1390,0.469565
1391,0.469565
1392,0.469565
1393,0.469565
1394,0.469565
1395,0.469565
1396,0.469565
1397,0.469565
1398,0.469565
1399,0.469565
1400,0.469565
1401,0.469565
1402,0.469565
1403,0.469565
1404,0.469565
1405,0.469565
1406,0.469565
1407,0.469565
1408,0.469565
1409,0.469565
1410,0.469565
1411,0.469565
1412,0.469565
1413,0.469565
1414,0.469565
1415,0.469565
1416,0.469565
1417,0.469565
1418,0.469565
1419,0.469565
1420,0.469565
1421,0.469565
1422,0.464020
1423,0.460674
1424,0.448574
1425,0.448574
1426,0.448574
1427,0.448574
1428,0.448574
1429,0.448574
1430,0.469565
1431,0.469565
1432,0.469565
1433,0.469565
1434,0.469565
1435,0.469565
1436,0.469565
1437,0.469565
1438,0.469565
1439,0.469565
1440,0.469565
1441,0.469565
1442,0.469565
1443,0.469565
1444,0.469565
1445,0.469565
1446,0.469565
1447,0.469565
1448,0.469565
1449,0.469565
1450,0.469565
1451,0.469565
1452,0.469565
1453,0.469565
1454,0.469565
1455,0.469565
1456,0.469565
1457,0.469565
1458,0.469565
1459,0.469565
1460,0.469565
1461,0.469565
1462,0.469565
1463,0.469565
1464,0.469565
1465,0.469565
1466,0.469565
1467,0.463828
1468,0.461229
1469,0.461229
1470,0.461229
1471,0.461229
1472,0.461229
1473,0.463828
1474,0.469565
1475,0.469565
1476,0.469565
1477,0.469565
1478,0.469565
1479,0.469565
1480,0.466479
1481,0.466479
1482,0.449295
1483,0.461366
1484,0.461366
1485,0.473846
1486,0.473846
1487,0.469565
1488,0.469565
1489,0.469565
1490,0.469565
1491,0.469565
1492,0.469565
1493,0.469565
1494,0.469565
1495,0.469565
1496,0.469565
1497,0.469565
1498,0.469565
1499,0.469565
1500,0.469565
1501,0.469565
1502,0.469565
1503,0.469565
1504,0.469565
1505,0.469565
1506,0.469565
1507,0.469565
1508,0.469565
1509,0.469565
1510,0.469565
1511,0.469565
1512,0.469565
1513,0.469565
1514,0.469565
1515,0.469565
1516,0.469565
1517,0.469565
1518,0.469565
1519,0.469565
1520,0.469565
1521,0.469565
1522,0.469565
1523,0.469565
1524,0.469565
1525,0.469565
1526,0.469565
1527,0.469565
1528,0.469565
1529,0.469565
1530,0.469565
1531,0.469565
1532,0.469565
1533,0.469565
1534,0.469565
1535,0.469565
1536,0.469565
1537,0.469565
1538,0.469565
1539,0.469565
1540,0.469565
1541,0.469565
1542,0.469565
1543,0.469565
1544,0.469565
1545,0.469565
1546,0.469565
1547,0.469565
1548,0.469565
1549,0.469565
1550,0.469565
1551,0.469565
1552,0.469565
1553,0.469565
1554,0.469565
1555,0.469565
1556,0.469565
1557,0.469565
1558,0.469565
1559,0.469565
1560,0.469565
1561,0.469565
1562,0.469565
1563,0.469565
1564,0.469565
1565,0.469565
1566,0.469565
1567,0.469565
1568,0.469565
1569,0.469565
1570,0.469565
1571,0.469565
1572,0.469565
1573,0.469565
1574,0.469565
1575,0.469565
1576,0.469565
1577,0.469565
1578,0.469565
1579,0.469565
1580,0.469565
1581,0.469565
1582,0.469565
1583,0.469565
1584,0.469565
1585,0.469565
1586,0.469565
1587,0.469565
1588,0.469565
1589,0.469565
1590,0.469565
1591,0.469565
1592,0.469565
1593,0.469565
1594,0.469565
1595,0.469565
1596,0.469565
1597,0.469565
1598,0.469565
1599,0.469565
1600,0.469565
1601,0.469565
1602,0.469565
1603,0.469565
1604,0.469565
1605,0.469565
1606,0.469565
1607,0.469565
1608,0.469565
1609,0.469565
1610,0.469565
1611,0.469565
1612,0.469565
1613,0.469565
1614,0.469565
1615,0.469565
1616,0.469565
1617,0.469565
1618,0.469565
1619,0.469565
1620,0.469565
1621,0.469565
1622,0.469565
1623,0.469565
1624,0.469565
1625,0.469565
1626,0.469565
1627,0.469565
1628,0.469565
1629,0.469565
1630,0.469565
1631,0.469565
1632,0.469565
1633,0.469565
1634,0.469565
1635,0.469565
1636,0.469565
1637,0.469565
1638,0.469565
1639,0.469565
1640,0.469565
1641,0.469565
1642,0.469565
1643,0.469565
1644,0.469565
1645,0.469565
1646,0.469565
1647,0.469565
1648,0.469565
1649,0.469565
1650,0.469565
1651,0.469565
1652,0.469565
1653,0.469565
1654,0.469565
1655,0.461229
1656,0.461229
1657,0.461229
1658,0.469565
1659,0.469565
1660,0.469565
1661,0.469565
1662,0.469565
1663,0.469565
1664,0.469565
1665,0.469565
1666,0.469565
1667,0.469565
1668,0.469565
1669,0.469565
1670,0.469565
1671,0.469565
1672,0.469565
1673,0.469565
1674,0.469565
1675,0.469565
1676,0.469565
1677,0.469565
1678,0.469565
1679,0.461229
1680,0.461229
1681,0.461229
1682,0.461229
1683,0.469565
1684,0.469565
1685,0.469565
1686,0.469565
1687,0.469565
1688,0.469565
1689,0.469565
1690,0.469565
1691,0.469565
1692,0.469565
1693,0.469565
1694,0.469565
1695,0.469565
1696,0.469565
1697,0.469565
1698,0.469565
1699,0.469565
1700,0.469565
1701,0.469565
1702,0.469565
1703,0.469565
1704,0.469565
1705,0.469565
1706,0.469565
1707,0.469565
1708,0.469565
1709,0.469565
1710,0.469565
1711,0.469565
1712,0.469565
1713,0.469565
1714,0.469565
1715,0.469565
1716,0.469565
1717,0.469565
1718,0.469565
1719,0.469565
1720,0.469565
1721,0.469565
1722,0.469565
1723,0.469565
1724,0.469565
1725,0.469565
1726,0.469565
1727,0.469565
1728,0.469565
1729,0.469565
1730,0.469565
1731,0.469565
1732,0.469565
1733,0.469565
1734,0.469565
1735,0.469565
1736,0.469565
1737,0.469565
1738,0.469565
1739,0.469565
1740,0.469565
1741,0.469565
1742,0.469565
1743,0.469565
1744,0.469565
1745,0.469565
1746,0.469565
1747,0.469565
1748,0.469565
1749,0.469565
1750,0.469565
1751,0.469565
1752,0.469565
1753,0.469565
1754,0.469565
1755,0.469565
1756,0.469565
1757,0.469565
1758,0.469565
1759,0.469565
1760,0.469565
1761,0.469565
1762,0.469565
1763,0.461229
1764,0.461229
1765,0.461229
1766,0.461229
1767,0.469565
1768,0.469565
1769,0.469565
1770,0.469565
1771,0.469565
1772,0.469565
1773,0.469565
1774,0.469565
1775,0.469565
1776,0.469565
1777,0.469565
1778,0.469565
1779,0.469565
1780,0.469565
1781,0.469565
1782,0.469565
1783,0.469565
1784,0.469565
1785,0.469565
1786,0.469565
1787,0.469565
1788,0.469565
1789,0.469565
1790,0.469565
1791,0.469565
1792,0.469565
1793,0.469565
1794,0.469565
1795,0.469565
1796,0.469565
1797,0.469565
1798,0.469565
1799,0.469565
1800,0.469565
1801,0.469565
1802,0.469565
1803,0.469565
1804,0.469565
1805,0.459287
1806,0.459287
1807,0.459287
1808,0.461366
1809,0.461366
1810,0.469565
1811,0.469565
1812,0.469565
1813,0.469565
1814,0.469565
1815,0.469565
1816,0.469565
1817,0.469565
1818,0.469565
1819,0.469565
1820,0.469565
1821,0.469565
1822,0.469565
1823,0.469565
1824,0.469565
1825,0.469565
1826,0.469565
1827,0.469565
1828,0.469565
1829,0.469565
1830,0.469565
1831,0.469565
1832,0.469565
1833,0.469565
1834,0.469565
1835,0.469565
1836,0.469565
1837,0.469565
1838,0.469565
1839,0.469565
1840,0.469565
1841,0.469565
1842,0.469565
1843,0.469565
1844,0.469565
1845,0.469565
1846,0.469565
1847,0.469565
1848,0.469565
1849,0.469565
1850,0.469565
1851,0.469565
1852,0.469565
1853,0.469565
1854,0.469565
1855,0.469565
1856,0.469565
1857,0.469565
1858,0.469565
1859,0.469565
1860,0.469565
1861,0.469565
1862,0.469565
1863,0.469565
1864,0.469565
1865,0.469565
1866,0.469565
1867,0.469565
1868,0.469565
1869,0.469565
1870,0.469565
1871,0.469565
1872,0.469565
1873,0.469565
1874,0.469565
1875,0.469565
1876,0.469565
1877,0.469565
1878,0.469565
1879,0.469565
1880,0.469565
1881,0.469565
1882,0.469565
1883,0.469565
1884,0.469565
1885,0.469565
1886,0.469565
1887,0.469565
1888,0.469565
1889,0.469565
1890,0.469565
1891,0.469565
1892,0.469565
1893,0.469565
1894,0.469565
1895,0.469565
1896,0.469565
1897,0.469565
1898,0.469565
1899,0.469565
1900,0.469565
1901,0.469565
1902,0.469565
1903,0.469565
1904,0.469565
1905,0.469565
1906,0.469565
1907,0.469565
1908,0.469565
1909,0.469565
1910,0.469565
1911,0.469565
1912,0.469565
1913,0.469565
1914,0.469565
1915,0.469565
1916,0.469565
1917,0.469565
1918,0.469565
1919,0.469565
1920,0.469565
1921,0.469565
1922,0.469565
1923,0.469565
1924,0.469565
1925,0.469565
1926,0.469565
1927,0.469565
1928,0.469565
1929,0.469565
1930,0.469565
1931,0.469565
1932,0.469565
1933,0.469565
1934,0.469565
1935,0.469565
1936,0.469565
1937,0.469565
1938,0.469565
1939,0.469565
1940,0.469565
1941,0.469565
1942,0.469565
1943,0.469565
1944,0.469565
1945,0.469565
1946,0.469565
1947,0.469565
1948,0.469565
1949,0.469565
1950,0.469565
1951,0.469565
1952,0.469565
1953,0.469565
1954,0.469565
1955,0.469565
1956,0.469565
1957,0.449295
1958,0.449295
1959,0.449295
1960,0.449295
1961,0.469565
1962,0.469565
1963,0.469565
1964,0.469565
1965,0.465803
1966,0.465803
1967,0.465803
1968,0.465803
1969,0.469565
1970,0.469565
1971,0.469565
1972,0.469565
1973,0.469565
1974,0.469565
1975,0.469565
1976,0.469565
1977,0.469565
1978,0.469565
1979,0.469565
1980,0.469565
1981,0.469565
1982,0.469565
1983,0.469565
1984,0.469565
1985,0.469565
1986,0.469565
1987,0.469565
1988,0.469565
1989,0.469565
1990,0.469565
1991,0.469565
1992,0.469565
1993,0.469565
1994,0.469565
1995,0.469565
1996,0.469565
1997,0.469565
1998,0.469565
1999,0.469565
2000,0.469565
2001,0.469565
2002,0.469565
2003,0.469565
2004,0.469565
2005,0.469565
2006,0.469565
2007,0.469565
2008,0.469565
2009,0.469565
2010,0.469565
2011,0.469565
2012,0.469565
2013,0.469565
2014,0.469565
2015,0.469565
2016,0.469565
2017,0.469565
2018,0.469565
2019,0.469565
2020,0.469565
2021,0.469565
2022,0.469565
2023,0.469565
2024,0.469565
2025,0.469565
2026,0.469565
2027,0.469565
2028,0.469565
2029,0.469565
2030,0.469565
2031,0.469565
2032,0.469565
2033,0.469565
2034,0.469565
2035,0.469565
2036,0.469565
2037,0.469565
2038,0.469565
2039,0.469565
2040,0.469565
2041,0.469565
2042,0.469565
2043,0.469565
2044,0.469565
2045,0.469565
2046,0.469565
2047,0.469565
2048,0.469565
2049,0.469565
2050,0.469565
2051,0.469565
2052,0.469565
2053,0.469565
2054,0.469565
2055,0.469565
2056,0.469565
2057,0.469565
2058,0.469565
2059,0.469565
2060,0.469565
2061,0.469565
2062,0.469565
2063,0.469565
2064,0.469565
2065,0.469565
2066,0.469565
2067,0.469565
2068,0.469565
2069,0.469565
2070,0.469565
2071,0.469565
2072,0.469565
2073,0.469565
2074,0.469565
2075,0.469565
2076,0.469565
2077,0.469565
2078,0.469565
2079,0.469565
2080,0.469565
2081,0.469565
2082,0.469565
2083,0.469565
2084,0.469565
2085,0.469565
2086,0.469565
2087,0.469565
2088,0.469565
2089,0.469565
2090,0.469565
2091,0.469565
2092,0.469565
2093,0.469565
2094,0.469565
2095,0.469565
2096,0.469565
2097,0.461229
2098,0.440104
2099,0.440104
2100,0.469565
2101,0.469565
2102,0.469565
2103,0.469565
2104,0.469565
2105,0.469565
2106,0.469565
2107,0.469565
2108,0.469565
2109,0.469565
2110,0.469565
2111,0.469565
2112,0.469565
2113,0.469565
2114,0.469565
2115,0.469565
2116,0.469565
2117,0.469565
2118,0.469565
2119,0.469565
2120,0.469565
2121,0.469565
2122,0.469565
2123,0.469565
2124,0.469565
2125,0.469565
2126,0.469565
2127,0.469565
2128,0.469565
2129,0.469565
2130,0.469565
2131,0.469565
2132,0.469565
2133,0.469565
2134,0.469565
2135,0.469565
2136,0.469565
2137,0.469565
2138,0.469565
2139,0.469565
2140,0.469565
2141,0.469565
2142,0.469565
2143,0.469565
2144,0.469565
2145,0.469565
2146,0.469565
2147,0.464020
2148,0.448574
2149,0.448574
2150,0.448574
2151,0.464020
2152,0.469565
2153,0.469565
2154,0.469565
2155,0.469565
2156,0.469565
2157,0.469565
2158,0.469565
2159,0.469565
2160,0.469565
2161,0.469565
2162,0.469565
2163,0.469565
2164,0.469565
2165,0.469565
2166,0.469565
2167,0.469565
2168,0.469565
2169,0.469565
2170,0.469565
2171,0.469565
2172,0.469565
2173,0.469565
2174,0.469565
2175,0.469565
2176,0.469565
2177,0.469565
2178,0.469565
2179,0.469565
2180,0.469565
2181,0.469565
2182,0.469565
2183,0.469565
2184,0.469565
2185,0.469565
2186,0.469565
2187,0.469565
2188,0.469565
2189,0.469565
2190,0.469565
2191,0.469565
2192,0.469565
2193,0.469565
2194,0.469565
2195,0.469565
2196,0.469565
2197,0.469565
2198,0.469565
2199,0.469565
2200,0.469565
2201,0.469565
2202,0.469565
2203,0.469565
2204,0.469565
2205,0.469565
2206,0.469565
2207,0.469565
2208,0.469565
2209,0.469565
2210,0.469565
2211,0.469565
2212,0.469565
2213,0.469565
2214,0.469565
2215,0.469565
2216,0.469565
2217,0.469565
2218,0.469565
2219,0.469565
2220,0.469565
2221,0.469565
2222,0.469565
2223,0.469565
2224,0.469565
2225,0.469565
2226,0.469565
2227,0.469565
2228,0.469565
2229,0.469565
2230,0.469565
2231,0.469565
2232,0.469565
2233,0.469565
2234,0.469565
2235,0.469565
2236,0.469565
2237,0.469565
2238,0.469565
2239,0.469565
2240,0.469565
2241,0.469565
2242,0.469565
2243,0.469565
2244,0.469565
2245,0.469565
2246,0.469565
2247,0.469565
2248,0.469565
2249,0.469565
2250,0.469565
2251,0.469565
2252,0.469565
2253,0.469565
2254,0.469565
2255,0.469565
2256,0.469565
2257,0.469565
2258,0.469565
2259,0.469565
2260,0.469565
2261,0.469565
2262,0.469565
2263,0.469565
2264,0.469565
2265,0.469565
2266,0.469565
2267,0.469565
2268,0.469565
2269,0.469565
2270,0.469565
2271,0.469565
2272,0.469565
2273,0.469565
2274,0.469565
2275,0.469565
2276,0.469565
2277,0.469565
2278,0.469565
2279,0.469565
2280,0.469565
2281,0.469565
2282,0.469565
2283,0.469565
2284,0.469565
2285,0.469565
2286,0.469565
2287,0.469565
2288,0.469565
2289,0.469565
2290,0.469565
2291,0.469565
2292,0.469565
2293,0.469565
2294,0.469565
2295,0.469565
2296,0.469565
2297,0.469565
2298,0.469565
2299,0.469565
2300,0.469565
2301,0.469565
2302,0.469565
2303,0.469565
2304,0.469565
2305,0.469565
2306,0.469565
2307,0.469565
2308,0.469565
2309,0.469565
2310,0.469565
2311,0.469565
2312,0.469565
2313,0.469565
2314,0.469565
2315,0.469565
2316,0.469565
2317,0.469565
2318,0.469565
2319,0.469565
2320,0.469565
2321,0.469565
2322,0.469565
2323,0.469565
2324,0.469565
2325,0.469565
2326,0.469565
2327,0.469565
2328,0.469565
2329,0.469565
2330,0.469565
2331,0.469565
2332,0.469565
2333,0.469565
2334,0.469565
2335,0.469565
2336,0.469565
2337,0.469565
2338,0.469565
2339,0.469565
2340,0.469565
2341,0.469565
2342,0.469565
2343,0.469565
2344,0.469565
2345,0.469565
2346,0.469565
2347,0.469565
2348,0.469565
2349,0.469565
2350,0.469565
2351,0.469565
2352,0.469565
2353,0.469565
2354,0.469565
2355,0.469565
2356,0.469565
2357,0.469565
2358,0.469565
2359,0.469565
2360,0.469565
2361,0.469565
2362,0.469565
2363,0.469565
2364,0.469565
2365,0.469565
2366,0.469565
2367,0.469565
2368,0.469565
2369,0.469565
2370,0.469565
2371,0.469565
2372,0.469565
2373,0.469565
2374,0.464020
2375,0.460859
2376,0.460859
2377,0.464020
2378,0.469565
2379,0.469565
2380,0.469565
2381,0.469565
2382,0.469565
2383,0.469565
2384,0.469565
2385,0.469565
2386,0.469565
2387,0.469565
2388,0.469565
2389,0.469565
2390,0.469565
2391,0.469565
2392,0.469565
2393,0.469565
2394,0.469565
2395,0.469565
2396,0.469565
2397,0.469565
2398,0.469565
2399,0.469565
2400,0.469565
2401,0.469565
2402,0.469565
2403,0.469565
2404,0.469565
2405,0.469565
2406,0.469565
2407,0.469565
2408,0.469565
2409,0.469565
2410,0.469565
2411,0.469565
2412,0.469565
2413,0.469565
2414,0.469565
2415,0.469565
2416,0.469565
2417,0.469565
2418,0.469565
2419,0.469565
2420,0.469565
2421,0.469565
2422,0.469565
2423,0.469565
2424,0.469565
2425,0.469565
2426,0.469565
2427,0.469565
2428,0.469565
2429,0.469565
2430,0.469565
2431,0.469565
2432,0.469565
2433,0.469565
2434,0.469565
2435,0.469565
2436,0.469565
2437,0.469565
2438,0.469565
2439,0.469565
2440,0.469565
2441,0.469565
2442,0.469565
2443,0.469565
2444,0.469565
2445,0.469565
2446,0.469565
2447,0.469565
2448,0.469565
2449,0.469565
2450,0.469565
2451,0.469565
2452,0.469565
2453,0.469565
2454,0.469565
2455,0.469565
2456,0.469565
2457,0.469565
2458,0.469565
2459,0.469565
2460,0.469565
2461,0.469565
2462,0.469565
2463,0.469565
2464,0.469565
2465,0.469565
2466,0.469565
2467,0.469565
2468,0.469565
2469,0.469565
2470,0.469565
2471,0.469565
2472,0.469565
2473,0.469565
2474,0.469565
2475,0.469565
2476,0.469565
2477,0.469565
2478,0.469565
2479,0.469565
2480,0.469565
2481,0.469565
2482,0.469565
2483,0.469565
2484,0.469565
2485,0.469565
2486,0.469565
2487,0.469565
2488,0.469565
2489,0.469565
2490,0.469565
2491,0.469565
2492,0.469565
2493,0.469565
2494,0.469565
2495,0.469565
2496,0.469565
2497,0.469565
2498,0.469565
2499,0.469565
2500,0.469565
2501,0.469565
2502,0.469565
2503,0.469565
2504,0.469565
2505,0.469565
2506,0.469565
2507,0.469565
2508,0.469565
2509,0.469565
2510,0.469565
2511,0.469565
2512,0.469565
2513,0.469565
2514,0.469565
2515,0.469565
2516,0.469565
2517,0.469565
2518,0.469565
2519,0.469565
2520,0.469565
2521,0.469565
2522,0.469565
2523,0.469565
2524,0.469565
2525,0.469565
2526,0.469565
2527,0.469565
2528,0.469565
2529,0.469565
2530,0.469565
2531,0.469565
2532,0.464020
2533,0.464020
2534,0.469565
2535,0.469565
2536,0.469565
2537,0.469565
2538,0.469565
2539,0.469565
2540,0.469565
2541,0.469565
2542,0.469565
2543,0.469565
2544,0.469565
2545,0.469565
2546,0.469565
2547,0.460859
2548,0.460859
2549,0.460859
2550,0.469565
2551,0.469565
2552,0.469565
2553,0.469565
2554,0.469565
2555,0.469565
2556,0.469565
2557,0.469565
2558,0.469565
2559,0.469565
2560,0.469565
2561,0.469565
2562,0.469565
2563,0.469565
2564,0.469565
2565,0.465833
2566,0.465833
2567,0.469565
2568,0.469565
2569,0.469565
2570,0.469565
2571,0.465252
2572,0.465252
2573,0.465252
2574,0.465252
2575,0.469565
2576,0.469565
2577,0.469565
2578,0.469565
2579,0.469565
2580,0.469565
2581,0.469565
2582,0.469565
2583,0.469565
2584,0.464020
2585,0.464020
2586,0.464020
2587,0.469565
2588,0.469565
2589,0.469565
2590,0.469565
2591,0.469565
2592,0.469565
2593,0.469565
2594,0.469565
2595,0.469565
2596,0.469565
2597,0.469565
2598,0.469565
2599,0.469565
2600,0.460859
2601,0.448574
2602,0.448574
2603,0.460859
2604,0.464020
2605,0.469565
2606,0.469565
2607,0.469565
2608,0.469565
2609,0.469565
2610,0.469565
2611,0.469565
2612,0.469565
2613,0.469565
2614,0.466479
2615,0.466479
2616,0.466479
2617,0.466479
2618,0.466479
2619,0.469565
2620,0.469565
2621,0.469565
2622,0.469565
2623,0.469565
2624,0.469565
2625,0.469565
2626,0.469565
2627,0.469565
2628,0.469565
2629,0.469565
2630,0.469565
2631,0.469565
2632,0.469565
2633,0.469565
2634,0.469565
2635,0.469565
2636,0.469565
2637,0.469565
2638,0.469565
2639,0.469565
2640,0.469565
2641,0.469565
2642,0.469565
2643,0.469565
2644,0.469565
2645,0.469565
2646,0.469565
2647,0.469565
2648,0.469565
2649,0.469565
2650,0.469565
2651,0.469565
2652,0.469565
2653,0.469565
2654,0.469565
2655,0.469565
2656,0.469565
2657,0.469565
2658,0.469565
2659,0.469565
2660,0.469565
2661,0.469565
2662,0.469565
2663,0.469565
2664,0.469565
2665,0.469565
2666,0.469565
2667,0.469565
2668,0.469565
2669,0.469565
2670,0.469565
2671,0.469565
2672,0.469565
2673,0.464020
2674,0.464020
2675,0.469565
2676,0.469565
2677,0.469565
2678,0.469565
2679,0.469565
2680,0.469565
2681,0.469565
2682,0.469565
2683,0.469565
2684,0.469565
2685,0.469565
2686,0.469565
2687,0.469565
2688,0.469565
2689,0.469565
2690,0.469565
2691,0.469565
2692,0.469565
2693,0.469565
2694,0.469565
2695,0.469565
2696,0.469565
2697,0.465252
2698,0.465252
2699,0.465252
2700,0.469565
2701,0.469565
2702,0.469565
2703,0.469565
2704,0.469565
2705,0.469565
2706,0.469565
2707,0.469565
2708,0.469565
2709,0.469565
2710,0.469565
2711,0.460859
2712,0.460859
2713,0.460859
2714,0.460859
2715,0.469565
2716,0.469565
2717,0.469565
2718,0.469565
2719,0.469565
2720,0.469565
2721,0.469565
2722,0.469565
2723,0.469565
2724,0.469565
2725,0.473092
2726,0.473846
2727,0.469565
2728,0.469565
2729,0.469565
2730,0.469565
2731,0.469565
2732,0.469565
2733,0.469565
2734,0.469565
2735,0.469565
2736,0.469565
2737,0.469565
2738,0.469565
2739,0.460859
2740,0.460859
2741,0.460859
2742,0.464020
2743,0.464020
2744,0.460674
2745,0.464020
2746,0.469565
2747,0.469565
2748,0.469565
2749,0.469565
2750,0.469565
2751,0.469565
2752,0.469565
2753,0.469565
2754,0.469565
2755,0.469565
2756,0.469565
2757,0.464020
2758,0.448574
2759,0.448574
2760,0.448574
2761,0.460859
2762,0.464020
2763,0.469565
2764,0.469565
2765,0.469565
2766,0.464020
2767,0.466479
2768,0.466479
2769,0.466479
2770,0.466479
2771,0.473092
2772,0.469108
2773,0.476314
2774,0.476314
2775,0.469108
2776,0.469108
2777,0.467662
2778,0.462334
2779,0.462334
2780,0.466479
2781,0.469108
2782,0.469108
2783,0.469108
2784,0.466949
2785,0.466949
2786,0.466949
2787,0.469108
2788,0.469108
2789,0.469108
2790,0.469108
2791,0.467662
2792,0.467662
2793,0.469108
2794,0.462334
2795,0.462334
2796,0.469108
2797,0.469108
2798,0.469108
2799,0.466949
2800,0.466949
2801,0.466949
2802,0.469108
2803,0.469108
2804,0.469565
2805,0.469565
2806,0.469565
2807,0.469565
2808,0.469565
2809,0.469565
2810,0.469565
2811,0.469565
2812,0.469565
2813,0.469565
2814,0.469565
2815,0.469565
2816,0.469565
2817,0.469565
2818,0.469565
2819,0.469565
2820,0.469565
2821,0.469565
2822,0.469565
2823,0.469565
2824,0.469565
2825,0.469565
2826,0.469565
2827,0.469565
2828,0.469565
2829,0.469565
2830,0.469565
2831,0.469565
2832,0.469565
2833,0.469565
2834,0.469565
2835,0.469565
2836,0.466479
2837,0.466479
2838,0.476314
2839,0.476314
2840,0.476314
2841,0.476314
2842,0.476314
2843,0.476314
2844,0.469565
2845,0.469565
2846,0.469565
2847,0.469565
2848,0.469565
2849,0.469565
2850,0.469565
2851,0.476314
2852,0.466949
2853,0.466949
2854,0.467116
2855,0.467116
2856,0.467116
2857,0.467116
2858,0.467116
2859,0.464865
2860,0.464865
2861,0.464865
2862,0.464865
2863,0.470137
2864,0.470137
2865,0.470137
2866,0.464865
2867,0.464865
2868,0.464865
2869,0.464865
2870,0.464865
2871,0.464865
2872,0.464865
2873,0.470137
2874,0.470137
2875,0.469565
2876,0.469565
2877,0.469565
2878,0.469565
2879,0.469565
2880,0.469565
2881,0.469565
2882,0.469565
2883,0.469565
2884,0.469565
2885,0.473092
2886,0.473846
2887,0.473846
2888,0.473846
2889,0.473846
2890,0.473846
2891,0.469565
2892,0.469565
2893,0.469565
2894,0.469565
2895,0.469565
2896,0.469565
2897,0.469565
2898,0.469565
2899,0.464020
2900,0.460674
2901,0.465252
2902,0.469565
2903,0.469565
2904,0.469565
2905,0.469565
2906,0.469565
2907,0.469565
2908,0.469565
2909,0.469565
2910,0.469565
2911,0.469565
2912,0.469565
2913,0.469565
2914,0.469565
2915,0.466479
2916,0.466479
2917,0.466479
2918,0.466479
2919,0.462505
2920,0.467780
2921,0.467780
2922,0.467780
2923,0.464384
2924,0.464384
2925,0.464384
2926,0.473846
2927,0.473846
2928,0.473846
2929,0.473846
2930,0.473846
2931,0.473846
2932,0.473846
2933,0.473846
2934,0.473846
2935,0.473846
2936,0.473846
2937,0.470137
2938,0.469565
2939,0.469565
2940,0.469565
2941,0.469565
2942,0.469565
2943,0.469565
2944,0.469565
2945,0.469565
2946,0.469565
2947,0.469565
2948,0.469565
2949,0.469565
2950,0.469565
2951,0.469565
2952,0.469565
2953,0.469565
2954,0.469565
2955,0.469565
2956,0.470137
2957,0.470137
2958,0.470137
2959,0.470137
2960,0.470137
2961,0.470137
2962,0.470137
2963,0.469565
2964,0.469565
2965,0.469565
2966,0.469565
2967,0.469565
2968,0.469565
2969,0.469565
2970,0.469565
2971,0.469565
2972,0.473846
2973,0.473846
2974,0.473846
2975,0.473846
2976,0.473846
2977,0.473846
2978,0.469565
2979,0.473846
2980,0.473846
2981,0.473846
2982,0.473846
2983,0.473846
2984,0.473846
2985,0.473846
2986,0.473846
2987,0.469565
2988,0.469565
2989,0.469565
2990,0.469565
2991,0.469565
2992,0.469565
2993,0.473846
2994,0.473846
2995,0.473846
2996,0.473846
2997,0.473846
2998,0.473846
2999,0.473846
3000,0.469565
3001,0.469565
3002,0.469565
3003,0.469565
3004,0.469565
3005,0.469565
3006,0.469565
3007,0.469565
3008,0.469565
3009,0.469565
3010,0.469565
3011,0.469565
3012,0.469565
3013,0.469565
3014,0.469565
3015,0.469565
3016,0.469565
3017,0.469565
3018,0.473846
3019,0.473846
3020,0.463587
3021,0.463587
3022,0.463587
3023,0.463587
3024,0.473846
3025,0.473846
3026,0.473846
3027,0.473846
3028,0.473846
3029,0.473846
3030,0.473846
3031,0.473846
3032,0.464740
3033,0.464740
3034,0.473846
3035,0.473846
3036,0.473846
3037,0.473846
3038,0.473846
3039,0.473846
3040,0.473846
3041,0.470137
3042,0.470137
3043,0.470137
3044,0.470137
3045,0.470137
3046,0.470137
3047,0.470137
3048,0.470137
3049,0.469565
3050,0.469565
3051,0.469565
3052,0.469565
3053,0.469565
3054,0.469565
3055,0.473846
3056,0.473846
3057,0.473846
3058,0.473846
3059,0.463587
3060,0.463587
3061,0.471085
3062,0.473846
3063,0.473846
3064,0.473846
3065,0.473846
3066,0.473846
3067,0.473846
3068,0.473846
3069,0.473846
3070,0.473846
3071,0.473846
3072,0.473846
3073,0.473846
3074,0.473846
3075,0.473846
3076,0.473846
3077,0.473846
3078,0.473846
3079,0.473846
3080,0.469565
3081,0.469565
3082,0.469565
3083,0.469565
3084,0.469565
3085,0.469565
3086,0.473846
3087,0.473846
3088,0.473846
3089,0.462505
3090,0.462505
3091,0.462505
3092,0.473846
3093,0.473846
3094,0.473846
3095,0.469565
3096,0.469565
3097,0.469565
3098,0.473846
3099,0.473846
3100,0.473092
3101,0.440104
3102,0.440104
3103,0.473092
3104,0.473846
3105,0.473846
3106,0.469565
3107,0.469565
3108,0.473846
3109,0.473846
3110,0.473846
3111,0.473846
3112,0.473846
3113,0.473846
3114,0.473846
3115,0.469565
3116,0.469565
3117,0.469565
3118,0.473846
3119,0.473846
3120,0.473846
3121,0.473846
3122,0.473846
3123,0.473846
3124,0.473846
3125,0.469565
3126,0.469565
3127,0.469565
3128,0.469565
3129,0.469565
3130,0.473846
3131,0.473846
3132,0.473846
3133,0.473846
3134,0.473846
3135,0.473846
3136,0.473846
3137,0.473846
3138,0.473846
3139,0.473846
3140,0.473846
3141,0.473846
3142,0.473846
3143,0.473846
3144,0.473846
3145,0.473846
3146,0.473846
3147,0.473846
3148,0.473846
3149,0.473846
3150,0.473846
3151,0.473846
3152,0.473846
3153,0.473846
3154,0.473846
3155,0.473846
3156,0.473846
3157,0.473846
3158,0.473846
3159,0.469565
3160,0.469565
3161,0.473846
3162,0.473846
3163,0.473846
3164,0.473846
3165,0.473846
3166,0.473846
3167,0.473846
3168,0.473846
3169,0.473846
3170,0.473846
3171,0.469565
3172,0.473846
3173,0.473846
3174,0.473846
3175,0.473846
3176,0.473846
3177,0.473846
3178,0.473846
3179,0.473846
3180,0.473846
3181,0.473846
3182,0.473846
3183,0.473846
3184,0.473846
3185,0.473846
3186,0.473846
3187,0.473846
3188,0.473846
3189,0.473846
3190,0.473846
3191,0.473846
3192,0.473846
3193,0.473846
3194,0.473846
3195,0.473846
3196,0.473846
3197,0.473846
3198,0.473846
3199,0.473846
3200,0.473846
3201,0.473846
3202,0.473846
3203,0.473846
3204,0.473846
3205,0.473846
3206,0.473092
3207,0.473092
3208,0.473846
3209,0.473846
3210,0.473846
3211,0.473846
3212,0.473846
3213,0.473846
3214,0.473846
3215,0.473846
3216,0.473846
3217,0.473846
3218,0.473846
3219,0.473846
3220,0.473846
3221,0.473846
3222,0.473846
3223,0.473846
3224,0.473846
3225,0.473846
3226,0.473846
3227,0.473846
3228,0.473846
3229,0.473846
3230,0.473846
3231,0.473846
3232,0.473846
3233,0.473846
3234,0.473846
3235,0.473846
3236,0.473846
3237,0.473846
3238,0.473846
3239,0.473846
3240,0.473846
3241,0.473846
3242,0.473846
3243,0.473846
3244,0.473846
3245,0.473846
3246,0.473846
3247,0.473846
3248,0.473846
3249,0.473846
3250,0.473846
3251,0.476190
3252,0.476190
3253,0.476190
3254,0.476190
3255,0.476190
3256,0.476190
3257,0.476190
3258,0.476190
3259,0.476190
3260,0.473846
3261,0.473846
3262,0.473846
3263,0.473846
3264,0.473846
3265,0.473092
3266,0.473092
3267,0.473092
3268,0.473846
3269,0.473846
3270,0.473846
3271,0.473846
3272,0.473846
3273,0.473846
3274,0.473846
3275,0.473846
3276,0.473846
3277,0.473846
3278,0.473846
3279,0.473846
3280,0.473846
3281,0.473846
3282,0.473846
3283,0.473846
3284,0.473846
3285,0.473846
3286,0.473846
3287,0.473846
3288,0.473846
3289,0.473846
3290,0.473846
3291,0.473846
3292,0.473846
3293,0.473846
3294,0.473846
3295,0.473846
3296,0.473846
3297,0.473846
3298,0.473846
3299,0.473846
3300,0.473846
3301,0.473846
3302,0.473846
3303,0.473846
3304,0.473846
3305,0.473846
3306,0.473846
3307,0.473846
3308,0.473846
3309,0.473846
3310,0.473846
3311,0.473846
3312,0.473846
3313,0.473846
3314,0.473846
3315,0.473846
3316,0.473846
3317,0.473846
3318,0.473846
3319,0.473092
3320,0.473092
3321,0.473092
3322,0.473092
3323,0.474318
3324,0.474318
3325,0.474318
3326,0.473846
3327,0.473846
3328,0.476190
3329,0.476190
3330,0.476190
3331,0.476190
3332,0.476190
3333,0.473846
3334,0.473846
3335,0.473846
3336,0.473846
3337,0.473846
3338,0.473846
3339,0.476276
3340,0.454510
3341,0.476276
3342,0.473846
3343,0.473846
3344,0.473846
3345,0.473846
3346,0.476276
3347,0.476276
3348,0.476276
3349,0.476276
3350,0.473092
3351,0.476276
3352,0.476276
3353,0.476276
3354,0.476276
3355,0.476276
3356,0.476276
3357,0.454510
3358,0.454510
3359,0.454510
3360,0.454510
3361,0.454510
3362,0.454510
3363,0.454510
3364,0.454510
3365,0.454510
3366,0.447132
3367,0.447132
3368,0.447132
3369,0.476276
3370,0.447132
3371,0.447132
3372,0.454510
3373,0.454510
3374,0.454510
3375,0.476276
3376,0.476276
3377,0.476276
3378,0.476276
3379,0.476276
3380,0.476276
3381,0.476276
3382,0.476276
3383,0.476276
3384,0.476276
3385,0.476276
3386,0.476276
3387,0.476276
3388,0.476276
3389,0.476276
3390,0.476276
3391,0.476276
3392,0.476276
3393,0.476276
3394,0.476276
3395,0.476190
3396,0.476190
3397,0.476190
3398,0.476190
3399,0.476276
3400,0.476276
3401,0.476276
3402,0.476276
3403,0.476276
3404,0.476276
3405,0.476276
3406,0.476276
3407,0.476276
3408,0.476276
3409,0.476276
3410,0.476276
3411,0.473092
3412,0.473092
3413,0.473092
3414,0.476276
3415,0.476276
3416,0.476276
3417,0.473846
3418,0.469565
3419,0.473846
3420,0.473846
3421,0.473846
3422,0.476276
3423,0.476276
3424,0.476276
3425,0.476276
3426,0.473846
3427,0.473846
3428,0.476276
3429,0.476276
3430,0.476276
3431,0.473846
3432,0.473846
3433,0.473846
3434,0.473846
3435,0.473846
3436,0.473846
3437,0.473846
3438,0.473846
3439,0.473846
3440,0.476190
3441,0.473846
3442,0.473846
3443,0.473846
3444,0.473846
3445,0.473846
3446,0.473846
3447,0.469565
3448,0.469565
3449,0.473846
3450,0.473846
3451,0.476276
3452,0.473092
3453,0.473092
3454,0.473092
3455,0.473092
3456,0.473846
3457,0.473846
3458,0.473846
3459,0.473846
3460,0.473846
3461,0.476190
3462,0.476190
3463,0.476190
3464,0.476190
3465,0.476190
3466,0.473846
3467,0.473846
3468,0.473846
3469,0.473846
3470,0.473846
3471,0.473846
3472,0.476276
3473,0.476276
3474,0.473846
3475,0.473846
3476,0.473846
3477,0.473846
3478,0.473846
3479,0.476276
3480,0.475221
3481,0.473092
3482,0.473092
3483,0.476276
3484,0.473846
3485,0.473846
3486,0.473846
3487,0.473846
3488,0.473846
3489,0.473846
3490,0.474318
3491,0.476497
3492,0.473846
3493,0.473846
3494,0.473846
3495,0.473846
3496,0.473846
3497,0.473846
3498,0.473846
3499,0.473846
3500,0.476276
3501,0.476276
3502,0.476276
3503,0.476276
3504,0.473846
3505,0.473846
3506,0.473846
3507,0.473846
3508,0.473846
3509,0.476190
3510,0.476190
3511,0.476190
3512,0.476190
3513,0.476190
3514,0.473846
3515,0.473846
3516,0.473846
3517,0.473846
3518,0.473846
3519,0.476276
3520,0.473092
3521,0.473092
3522,0.473092
3523,0.473846
3524,0.473846
3525,0.473846
3526,0.473846
3527,0.473846
3528,0.473846
3529,0.473846
3530,0.473846
3531,0.473846
3532,0.473846
3533,0.473846
3534,0.473846
3535,0.473846
3536,0.473846
3537,0.473846
3538,0.473846
3539,0.473846
3540,0.476190
3541,0.476190
3542,0.476190
3543,0.476190
3544,0.476190
3545,0.473846
3546,0.473846
3547,0.473846
3548,0.473846
3549,0.473846
3550,0.473846
3551,0.473846
3552,0.473846
3553,0.473846
3554,0.476276
3555,0.475221
3556,0.475221
3557,0.473846
3558,0.473846
3559,0.473846
3560,0.473846
3561,0.473846
3562,0.473846
3563,0.473846
3564,0.473846
3565,0.473846
3566,0.473846
3567,0.473846
3568,0.473846
3569,0.473846
3570,0.473846
3571,0.473846
3572,0.473846
3573,0.473846
3574,0.473846
3575,0.476276
3576,0.473846
3577,0.473846
3578,0.473846
3579,0.473846
3580,0.473846
3581,0.473846
3582,0.475221
3583,0.476190
3584,0.476190
3585,0.476190
3586,0.473846
3587,0.473846
3588,0.473846
3589,0.476917
3590,0.474318
3591,0.476917
3592,0.476917
3593,0.476497
3594,0.476497
3595,0.473846
3596,0.473846
3597,0.473846
3598,0.473846
3599,0.473846
3600,0.473846
3601,0.473846
3602,0.476276
3603,0.475221
3604,0.476148
3605,0.475221
3606,0.473846
3607,0.473846
3608,0.473846
3609,0.473846
3610,0.476190
3611,0.473092
3612,0.473092
3613,0.475221
3614,0.476190
3615,0.473846
3616,0.473846
3617,0.473846
3618,0.473846
3619,0.473846
3620,0.473846
3621,0.473846
3622,0.473846
3623,0.473846
3624,0.473846
3625,0.475221
3626,0.475221
3627,0.475221
3628,0.475221
3629,0.475221
3630,0.476276
3631,0.476276
3632,0.476190
3633,0.476190
3634,0.476917
3635,0.476917
3636,0.476917
3637,0.476917
3638,0.476917
3639,0.476917
3640,0.476190
3641,0.473846
3642,0.473846
3643,0.476276
3644,0.475221
3645,0.475221
3646,0.475221
3647,0.476276
3648,0.476276
3649,0.476276
3650,0.476276
3651,0.476276
3652,0.476276
3653,0.476276
3654,0.476276
3655,0.476276
3656,0.476276
3657,0.476276
3658,0.476276
3659,0.476276
3660,0.476276
3661,0.476276
3662,0.476276
3663,0.476276
3664,0.476276
3665,0.475221
3666,0.475221
3667,0.475221
3668,0.476276
3669,0.476276
3670,0.476276
3671,0.476276
3672,0.475221
3673,0.475221
3674,0.476276
3675,0.476276
3676,0.473846
3677,0.473846
3678,0.473846
3679,0.476276
3680,0.476917
3681,0.476917
3682,0.476917
3683,0.476497
3684,0.476497
3685,0.476276
3686,0.476276
3687,0.476276
3688,0.476276
3689,0.476276
3690,0.476148
3691,0.476148
3692,0.476148
3693,0.476148
3694,0.476148
3695,0.476148
3696,0.476148
3697,0.476148
3698,0.476148
3699,0.476148
3700,0.475221
3701,0.476917
3702,0.476917
3703,0.476917
3704,0.476917
3705,0.474318
3706,0.474318
3707,0.474318
3708,0.474318
3709,0.476276
3710,0.476276
3711,0.476276
3712,0.476276
3713,0.476276
3714,0.476148
3715,0.476148
3716,0.476148
3717,0.476276
3718,0.476276
3719,0.476276
3720,0.476276
3721,0.476276
3722,0.476190
3723,0.476190
3724,0.476917
3725,0.474128
3726,0.474128
3727,0.474318
3728,0.474318
3729,0.474318
3730,0.474318
3731,0.476497
3732,0.476190
3733,0.476917
3734,0.476917
3735,0.476917
3736,0.476276
3737,0.476276
3738,0.476276
3739,0.476276
3740,0.476276
3741,0.476276
3742,0.476276
3743,0.476276
3744,0.476276
3745,0.476276
3746,0.476276
3747,0.476276
3748,0.476276
3749,0.476276
3750,0.476276
3751,0.476276
3752,0.476276
3753,0.476276
3754,0.476276
3755,0.476276
3756,0.476276
3757,0.476276
3758,0.476276
3759,0.476276
3760,0.476276
3761,0.476276
3762,0.476276
3763,0.476276
3764,0.476276
3765,0.476276
3766,0.476276
3767,0.476276
3768,0.476276
3769,0.476276
3770,0.476276
3771,0.476276
3772,0.476276
3773,0.476148
3774,0.476148
3775,0.474531
3776,0.476276
3777,0.476276
3778,0.476276
3779,0.476276
3780,0.476276
3781,0.476276
3782,0.475080
3783,0.475080
3784,0.476148
3785,0.476276
3786,0.476276
3787,0.476276
3788,0.476276
3789,0.476276
3790,0.476276
3791,0.476276
3792,0.476276
3793,0.476276
3794,0.476276
3795,0.476276
3796,0.476276
3797,0.476276
3798,0.476276
3799,0.476276
3800,0.476276
3801,0.476276
3802,0.476276
3803,0.476276
3804,0.476276
3805,0.476276
3806,0.476276
3807,0.476276
3808,0.476276
3809,0.476276
3810,0.476276
3811,0.476276
3812,0.476276
3813,0.476276
3814,0.476276
3815,0.476276
3816,0.476276
3817,0.476276
3818,0.476276
3819,0.476276
3820,0.476276
3821,0.476276
3822,0.476276
3823,0.476276
3824,0.476276
3825,0.476276
3826,0.476276
3827,0.476276
3828,0.476276
3829,0.476276
3830,0.476276
3831,0.476276
3832,0.476276
3833,0.476276
3834,0.476276
3835,0.476276
3836,0.476276
3837,0.476276
3838,0.476276
3839,0.476276
3840,0.476276
3841,0.476276
3842,0.476276
3843,0.476276
3844,0.476276
3845,0.476276
3846,0.476276
3847,0.476276
3848,0.476276
3849,0.476276
3850,0.476276
3851,0.476276
3852,0.476917
3853,0.476917
3854,0.476190
3855,0.476276
3856,0.476276
3857,0.476276
3858,0.476276
3859,0.476276
3860,0.476276
3861,0.476276
3862,0.476276
3863,0.476276
3864,0.476276
3865,0.476276
3866,0.476276
3867,0.476276
3868,0.476276
3869,0.476276
3870,0.476190
3871,0.476190
3872,0.476917
3873,0.476917
3874,0.474128
3875,0.474128
3876,0.476917
3877,0.476917
3878,0.476190
3879,0.476190
3880,0.476276
3881,0.476276
3882,0.476276
3883,0.476276
3884,0.476276
3885,0.476276
3886,0.476276
3887,0.476276
3888,0.476276
3889,0.476276
3890,0.476276
3891,0.476276
3892,0.476276
3893,0.476276
3894,0.476497
3895,0.474318
3896,0.474318
3897,0.474128
3898,0.474128
3899,0.474128
3900,0.476917
3901,0.476917
3902,0.476917
3903,0.476917
3904,0.476917
3905,0.476276
3906,0.476276
3907,0.476276
3908,0.476276
3909,0.476276
3910,0.476276
3911,0.477108
3912,0.477108
3913,0.477108
3914,0.477108
3915,0.477108
3916,0.476190
3917,0.476276
3918,0.476276
3919,0.476276
3920,0.476276
3921,0.476276
3922,0.476276
3923,0.476276
3924,0.476276
3925,0.476276
3926,0.476276
3927,0.476276
3928,0.477108
3929,0.477108
3930,0.477108
3931,0.476276
3932,0.476190
3933,0.476917
3934,0.476917
3935,0.474128
3936,0.474128
3937,0.476917
3938,0.476190
3939,0.476190
3940,0.476190
3941,0.476276
3942,0.476276
3943,0.477108
3944,0.477108
3945,0.476276
3946,0.476276
3947,0.476276
3948,0.476276
3949,0.476276
3950,0.476276
3951,0.476917
3952,0.476917
3953,0.476917
3954,0.476276
3955,0.476276
3956,0.476276
3957,0.476276
3958,0.476276
3959,0.476276
3960,0.476276
3961,0.476276
3962,0.477108
3963,0.476276
3964,0.476276
3965,0.476276
3966,0.476276
3967,0.476276
3968,0.476276
3969,0.476276
3970,0.476276
3971,0.476276
3972,0.476276
3973,0.476276
3974,0.476276
3975,0.476190
3976,0.476276
3977,0.476276
3978,0.476276
3979,0.476917
3980,0.476917
3981,0.476917
3982,0.476190
3983,0.476190
3984,0.476276
3985,0.476276
3986,0.476276
3987,0.476276
3988,0.476276
3989,0.476276
3990,0.476276
3991,0.476276
3992,0.476276
3993,0.476276
3994,0.476276
3995,0.476276
3996,0.477108
3997,0.477108
3998,0.477108
3999,0.476917
4000,0.476917
4001,0.476190
4002,0.476190
4003,0.476276
4004,0.476276
4005,0.476276
4006,0.476276
4007,0.476276
4008,0.476276
4009,0.476276
4010,0.476276
4011,0.476276
4012,0.476276
4013,0.477108
4014,0.476917
4015,0.476917
4016,0.476917
4017,0.476190
4018,0.476276
4019,0.476276
4020,0.476276
4021,0.476276
4022,0.476276
4023,0.476276
4024,0.476276
4025,0.476276
4026,0.476276
4027,0.476276
4028,0.476917
4029,0.474128
4030,0.474128
4031,0.474128
4032,0.474128
4033,0.473092
4034,0.477108
4035,0.477108
4036,0.477108
4037,0.476190
4038,0.476190
4039,0.476276
4040,0.476276
4041,0.476276
4042,0.476276
4043,0.476276
4044,0.476276
4045,0.476917
4046,0.476917
4047,0.474128
4048,0.474128
4049,0.476917
4050,0.476917
4051,0.476917
4052,0.474318
4053,0.474318
4054,0.474318
4055,0.476497
4056,0.476497
4057,0.476190
4058,0.476190
4059,0.476917
4060,0.476917
4061,0.476917
4062,0.476190
4063,0.476190
4064,0.476190
4065,0.476190
4066,0.476190
4067,0.476190
4068,0.476190
4069,0.476497
4070,0.477108
4071,0.477108
4072,0.473092
4073,0.477108
4074,0.477108
4075,0.476190
4076,0.476917
4077,0.476917
4078,0.476917
4079,0.476917
4080,0.476190
4081,0.476190
4082,0.476190
4083,0.476190
4084,0.476190
4085,0.476190
4086,0.476190
4087,0.477108
4088,0.477108
4089,0.477108
4090,0.473092
4091,0.473092
4092,0.473092
4093,0.473092
4094,0.477108
4095,0.477108
4096,0.477108
4097,0.476497
4098,0.476497
4099,0.476497
4100,0.476497
4101,0.476497
4102,0.476917
4103,0.476917
4104,0.476917
4105,0.476917
4106,0.476917
4107,0.476917
4108,0.476190
4109,0.476190
4110,0.476190
4111,0.469510
4112,0.469510
4113,0.469510
4114,0.477108
4115,0.477108
4116,0.477108
4117,0.477108
4118,0.476190
4119,0.476190
4120,0.476190
4121,0.476497
4122,0.476497
4123,0.476497
4124,0.476497
4125,0.474318
4126,0.476305
4127,0.476497
4128,0.476190
4129,0.476190
4130,0.476190
4131,0.477108
4132,0.477108
4133,0.477108
4134,0.476276
4135,0.476190
4136,0.476190
4137,0.476190
4138,0.476190
4139,0.476190
4140,0.476190
4141,0.476190
4142,0.476190
4143,0.476190
4144,0.476190
4145,0.476190
4146,0.476190
4147,0.476190
4148,0.476276
4149,0.476497
4150,0.476497
4151,0.476497
4152,0.476497
4153,0.476497
4154,0.476497
4155,0.477108
4156,0.477108
4157,0.477108
4158,0.473092
4159,0.476917
4160,0.476917
4161,0.476190
4162,0.476190
4163,0.476190
4164,0.476190
4165,0.476190
4166,0.476190
4167,0.477108
4168,0.477108
4169,0.477108
4170,0.477108
4171,0.476190
4172,0.476190
4173,0.476497
4174,0.476497
4175,0.476497
4176,0.476497
4177,0.476190
4178,0.476190
4179,0.476190
4180,0.476190
4181,0.476190
4182,0.477108
4183,0.477108
4184,0.473092
4185,0.477108
4186,0.477108
4187,0.476917
4188,0.476917
4189,0.476917
4190,0.476917
4191,0.476917
4192,0.476917
4193,0.476917
4194,0.476917
4195,0.476917
4196,0.476917
4197,0.476190
4198,0.477108
4199,0.477108
4200,0.477108
4201,0.477108
4202,0.476190
4203,0.476190
4204,0.476190
4205,0.476190
4206,0.476917
4207,0.476917
4208,0.474128
4209,0.474128
4210,0.474128
4211,0.477108
4212,0.477108
4213,0.477108
4214,0.476190
4215,0.476190
4216,0.476190
4217,0.476190
4218,0.477108
4219,0.476497
4220,0.476917
4221,0.476190
4222,0.476190
4223,0.476917
4224,0.476917
4225,0.476497
4226,0.476497
4227,0.477108
4228,0.476190
4229,0.476190
4230,0.476190
4231,0.476190
4232,0.476190
4233,0.476190
4234,0.477108
4235,0.477108
4236,0.477108
4237,0.476917
4238,0.476917
4239,0.476917
4240,0.476917
4241,0.476497
4242,0.476497
4243,0.477108
4244,0.477108
4245,0.477108
4246,0.477108
4247,0.476190
4248,0.476190
4249,0.476190
4250,0.476190
4251,0.476497
4252,0.476497
4253,0.476497
4254,0.477108
4255,0.476190
4256,0.476190
4257,0.477108
4258,0.477108
4259,0.477108
4260,0.477108
4261,0.476917
4262,0.476917
4263,0.476497
4264,0.476497
4265,0.476497
4266,0.476497
4267,0.476497
4268,0.477108
4269,0.477108
4270,0.477108
4271,0.477108
4272,0.477108
4273,0.476190
4274,0.476190
4275,0.476190
4276,0.476190
4277,0.476497
4278,0.476497
4279,0.476497
4280,0.476497
4281,0.476497
4282,0.477108
4283,0.477108
4284,0.477108
4285,0.477108
4286,0.000000
4287,0.477108
4288,0.477108
4289,0.476190
4290,0.476190
4291,0.476190
4292,0.476190
4293,0.476917
4294,0.476917
4295,0.476917
4296,0.476917
4297,0.476917
4298,0.477108
4299,0.477108
4300,0.476917
4301,0.476917
4302,0.476917
4303,0.476917
4304,0.476917
4305,0.476917
4306,0.476917
4307,0.476190
4308,0.476190
4309,0.477108
4310,0.476497
4311,0.476497
4312,0.476190
4313,0.477108
4314,0.477108
4315,0.477108
4316,0.477108
4317,0.477108
4318,0.474128
4319,0.474128
4320,0.474128
4321,0.469565
4322,0.469565
4323,0.469565
4324,0.469565
4325,0.477108
4326,0.473092
4327,0.475080
4328,0.475080
4329,0.476917
4330,0.476917
4331,0.476917
4332,0.474128
4333,0.474128
4334,0.474128
4335,0.474318
4336,0.474318
4337,0.473092
4338,0.476917
4339,0.476917
4340,0.476917
4341,0.474128
4342,0.474128
4343,0.474128
4344,0.474128
4345,0.476917
4346,0.477108
4347,0.477108
4348,0.473092
4349,0.475080
4350,0.475080
4351,0.475080
4352,0.476497
4353,0.476917
4354,0.476917
4355,0.476917
4356,0.476917
4357,0.473092
4358,0.473092
4359,0.473092
4360,0.473092
4361,0.474318
4362,0.474318
4363,0.474318
4364,0.474318
4365,0.474318
4366,0.476917
4367,0.474128
4368,0.474128
4369,0.474128
4370,0.477108
4371,0.477108
4372,0.476917
4373,0.474318
4374,0.474318
4375,0.474318
4376,0.474318
4377,0.474318
4378,0.476497
4379,0.477108
4380,0.477108
4381,0.473092
4382,0.473092
4383,0.473092
4384,0.477108
4385,0.476917
4386,0.476497
4387,0.476497
4388,0.476497
4389,0.475080
4390,0.475080
4391,0.475080
4392,0.475080
4393,0.477108
4394,0.477108
4395,0.477108
4396,0.476917
4397,0.474128
4398,0.474318
4399,0.475080
4400,0.475080
4401,0.476497
4402,0.477108
4403,0.477108
4404,0.477108
4405,0.477108
4406,0.475080
4407,0.477108
4408,0.476497
4409,0.476497
4410,0.476497
4411,0.476497
4412,0.476497
4413,0.476917
4414,0.477108
4415,0.477108
4416,0.477108
4417,0.477108
4418,0.477108
4419,0.477108
4420,0.476497
4421,0.476497
4422,0.476497
4423,0.476917
4424,0.476917
4425,0.476917
4426,0.476917
4427,0.477108
4428,0.477108
4429,0.477108
4430,0.477108
4431,0.476917
4432,0.476917
4433,0.476917
4434,0.476917
4435,0.476917
4436,0.476917
4437,0.475080
4438,0.476917
4439,0.476917
4440,0.476917
4441,0.476497
4442,0.476497
4443,0.476497
4444,0.476497
4445,0.477108
4446,0.477108
4447,0.477108
4448,0.477108
4449,0.476917
4450,0.476917
4451,0.476917
4452,0.476917
4453,0.476917
4454,0.475080
4455,0.475080
4456,0.476917
4457,0.476917
4458,0.476917
4459,0.476917
4460,0.476917
4461,0.473092
4462,0.476917
4463,0.476917
4464,0.476917
4465,0.476917
4466,0.476917
4467,0.476917
4468,0.475080
4469,0.477108
4470,0.477108
4471,0.477108
4472,0.477108
4473,0.476917
4474,0.476917
4475,0.474128
4476,0.474128
4477,0.474318
4478,0.476917
4479,0.477108
4480,0.477108
4481,0.477108
4482,0.476190
4483,0.476190
4484,0.476917
4485,0.476917
4486,0.476917
4487,0.477108
4488,0.477108
4489,0.475369
4490,0.476497
4491,0.476497
4492,0.474318
4493,0.474318
4494,0.477108
4495,0.477108
4496,0.476917
4497,0.476917
4498,0.476917
4499,0.474318
4500,0.474318
4501,0.474318
4502,0.476497
4503,0.477108
4504,0.477108
4505,0.476917
4506,0.476917
4507,0.476497
4508,0.475080
4509,0.474318
4510,0.473092
4511,0.477108
4512,0.469565
4513,0.469565
4514,0.476190
4515,0.476917
4516,0.475080
4517,0.475080
4518,0.475080
4519,0.476497
4520,0.475369
4521,0.475369
4522,0.477108
4523,0.476917
4524,0.474128
4525,0.474128
4526,0.474128
4527,0.473092
4528,0.476917
4529,0.476917
4530,0.476917
4531,0.476917
4532,0.475080
4533,0.475080
4534,0.475080
4535,0.475080
4536,0.477108
4537,0.476917
4538,0.476917
4539,0.476917
4540,0.476917
4541,0.475080
4542,0.473092
4543,0.473092
4544,0.473092
4545,0.476497
4546,0.476917
4547,0.476917
4548,0.476917
4549,0.476497
4550,0.476917
4551,0.474128
4552,0.474128
4553,0.474128
4554,0.473092
4555,0.469565
4556,0.469565
4557,0.469565
4558,0.469565
4559,0.476917
4560,0.475080
4561,0.475080
4562,0.475080
4563,0.477108
4564,0.476917
4565,0.470137
4566,0.474128
4567,0.474128
4568,0.473092
4569,0.460674
4570,0.464020
4571,0.468103
4572,0.470137
4573,0.476917
4574,0.476917
4575,0.464740
4576,0.466957
4577,0.466957
4578,0.477108
4579,0.476917
4580,0.474128
4581,0.474128
4582,0.474128
4583,0.473092
4584,0.473092
4585,0.473092
4586,0.476917
4587,0.476917
4588,0.475080
4589,0.475080
4590,0.475080
4591,0.475080
4592,0.477108
4593,0.477108
4594,0.477108
4595,0.476917
4596,0.475080
4597,0.475080
4598,0.475080
4599,0.473092
4600,0.473092
4601,0.473092
4602,0.474318
4603,0.474318
4604,0.474318
4605,0.474128
4606,0.474128
4607,0.473092
4608,0.477108
4609,0.477108
4610,0.476497
4611,0.476497
4612,0.476497
4613,0.475080
4614,0.477108
4615,0.477108
4616,0.474128
4617,0.474128
4618,0.474128
4619,0.474128
4620,0.476497
4621,0.476917
4622,0.476917
4623,0.476917
4624,0.477108
4625,0.477108
4626,0.477108
4627,0.476497
4628,0.476497
4629,0.476917
4630,0.476917
4631,0.476917
4632,0.476917
4633,0.476917
4634,0.476917
4635,0.477108
4636,0.477108
4637,0.477108
4638,0.477108
4639,0.474128
4640,0.474128
4641,0.474128
4642,0.476917
4643,0.473092
4644,0.473092
4645,0.474318
4646,0.476497
4647,0.476917
4648,0.476917
4649,0.476917
4650,0.476917
4651,0.475080
4652,0.475080
4653,0.476917
4654,0.476917
4655,0.476917
4656,0.476917
4657,0.474318
4658,0.466479
4659,0.473092
4660,0.465833
4661,0.470940
4662,0.469565
4663,0.469565
4664,0.476190
4665,0.477108
4666,0.464740
4667,0.466640
4668,0.474128
4669,0.476917
4670,0.469565
4671,0.469565
4672,0.469565
4673,0.477108
4674,0.473092
4675,0.474128
4676,0.475080
4677,0.476917
4678,0.476917
4679,0.476917
4680,0.476917
4681,0.474318
4682,0.448574
4683,0.448574
4684,0.474128
4685,0.468103
4686,0.469565
4687,0.469565
4688,0.475369
4689,0.477108
4690,0.474636
4691,0.477374
4692,0.475080
4693,0.473092
4694,0.473092
4695,0.466479
4696,0.460859
4697,0.460859
4698,0.465833
4699,0.464020
4700,0.460674
4701,0.470137
4702,0.476917
4703,0.476497
4704,0.474636
4705,0.464740
4706,0.474636
4707,0.475080
4708,0.477108
4709,0.477108
4710,0.474128
4711,0.466479
4712,0.474128
4713,0.474128
4714,0.465833
4715,0.468543
4716,0.460674
4717,0.460674
4718,0.474128
4719,0.474128
4720,0.475080
4721,0.475080
4722,0.476497
4723,0.476190
4724,0.476190
4725,0.476497
4726,0.476917
4727,0.475080
4728,0.474128
4729,0.474128
4730,0.474128
4731,0.474318
4732,0.474318
4733,0.474318
4734,0.476917
4735,0.476960
4736,0.475080
4737,0.475080
4738,0.475080
4739,0.474318
4740,0.474318
4741,0.474318
4742,0.473092
4743,0.473092
4744,0.473092
4745,0.474128
4746,0.474128
4747,0.474318
4748,0.474318
4749,0.474318
4750,0.473092
4751,0.473092
4752,0.477108
4753,0.474128
4754,0.474128
4755,0.474128
4756,0.475080
4757,0.475080
4758,0.473092
4759,0.473092
4760,0.473092
4761,0.477108
4762,0.474128
4763,0.474128
4764,0.474128
4765,0.474128
4766,0.473092
4767,0.473092
4768,0.473092
4769,0.473092
4770,0.476497
4771,0.474318
4772,0.474318
4773,0.474128
4774,0.474128
4775,0.473092
4776,0.473092
4777,0.473092
4778,0.474128
4779,0.474128
4780,0.474318
4781,0.477108
4782,0.476917
4783,0.476917
4784,0.473092
4785,0.474128
4786,0.474128
4787,0.474318
4788,0.473092
4789,0.477108
4790,0.473092
4791,0.476917
4792,0.474318
4793,0.474318
4794,0.474128
4795,0.476917
4796,0.477108
4797,0.477108
4798,0.477108
4799,0.476497
4800,0.474318
4801,0.474318
4802,0.474128
4803,0.474128
4804,0.473092
4805,0.474318
4806,0.474318
4807,0.474318
4808,0.474318
4809,0.473092
4810,0.473092
4811,0.474128
4812,0.474128
4813,0.476917
4814,0.476497
4815,0.476497
4816,0.476917
4817,0.477108
4818,0.477108
4819,0.477108
4820,0.476917
4821,0.476917
4822,0.476917
4823,0.476917
4824,0.477108
4825,0.473092
4826,0.477108
4827,0.477108
4828,0.476917
4829,0.476917
4830,0.476917
4831,0.440104
4832,0.440104
4833,0.440104
4834,0.460674
4835,0.464020
4836,0.465833
4837,0.468103
4838,0.468103
4839,0.476917
4840,0.475080
4841,0.475080
4842,0.475080
4843,0.474318
4844,0.474318
4845,0.468103
4846,0.468543
4847,0.468543
4848,0.468543
4849,0.476917
4850,0.474318
4851,0.475080
4852,0.475080
4853,0.475080
4854,0.477108
4855,0.477108
4856,0.476917
4857,0.476917
4858,0.474128
4859,0.474128
4860,0.474318
4861,0.474318
4862,0.473092
4863,0.474128
4864,0.476917
4865,0.476917
4866,0.476917
4867,0.476917
4868,0.475080
4869,0.475080
4870,0.475080
4871,0.475080
4872,0.475080
4873,0.477108
4874,0.476917
4875,0.476917
4876,0.476917
4877,0.477108
4878,0.474318
4879,0.474318
4880,0.473092
4881,0.474128
4882,0.476917
4883,0.476917
4884,0.476917
4885,0.474318
4886,0.474318
4887,0.474318
4888,0.476917
4889,0.476917
4890,0.476917
4891,0.476917
4892,0.476917
4893,0.474318
4894,0.474318
4895,0.474318
4896,0.477108
4897,0.477108
4898,0.476917
4899,0.476917
4900,0.476917
4901,0.476917
4902,0.476497
4903,0.476497
4904,0.477108
4905,0.477108
4906,0.477108
4907,0.476917
4908,0.476917
4909,0.476917
4910,0.476917
4911,0.476917
4912,0.476917
4913,0.477108
4914,0.476917
4915,0.476917
4916,0.476917
4917,0.476497
4918,0.476497
4919,0.477108
4920,0.477108
4921,0.477108
4922,0.477108
4923,0.477108
4924,0.476917
4925,0.476917
4926,0.476917
4927,0.473092
4928,0.473092
4929,0.474318
4930,0.474318
4931,0.476917
4932,0.476917
4933,0.476917
4934,0.476917
4935,0.477108
4936,0.477108
4937,0.474318
4938,0.474318
4939,0.474318
4940,0.476917
4941,0.476917
4942,0.474128
4943,0.474128
4944,0.474128
4945,0.474318
4946,0.474318
4947,0.473092
4948,0.477108
4949,0.476917
4950,0.474128
4951,0.474128
4952,0.474318
4953,0.474318
4954,0.476917
4955,0.476917
4956,0.469565
4957,0.476190
4958,0.476917
4959,0.474128
4960,0.474128
4961,0.474128
4962,0.473092
4963,0.476917
4964,0.476917
4965,0.476917
4966,0.476917
4967,0.476497
4968,0.476917
4969,0.476917
4970,0.476917
4971,0.473092
4972,0.473092
4973,0.476917
4974,0.476917
4975,0.476917
4976,0.476917
4977,0.476917
4978,0.474128
4979,0.474128
4980,0.475080
4981,0.474318
4982,0.476497
4983,0.476917
4984,0.476917
4985,0.476917
4986,0.474128
4987,0.474318
4988,0.474128
4989,0.474128
4990,0.473092
4991,0.473092
4992,0.476917
4993,0.476917
4994,0.476917
4995,0.476917
4996,0.476917
4997,0.474318
4998,0.473092
4999,0.473092
5000,0.473092
5001,0.474128
5002,0.476917
5003,0.476917
5004,0.476917
5005,0.476917
5006,0.477108
5007,0.477108
5008,0.477108
5009,0.476917
5010,0.476917
5011,0.476917
5012,0.476917
5013,0.476917
5014,0.476917
5015,0.476917
5016,0.476917
5017,0.476917
5018,0.474128
5019,0.476917
5020,0.476917
5021,0.476917
5022,0.477108
5023,0.476497
5024,0.476917
5025,0.474128
5026,0.474128
5027,0.474128
5028,0.476917
5029,0.476917
5030,0.476917
5031,0.476917
5032,0.476917
5033,0.476917
5034,0.476917
5035,0.476917
5036,0.477108
5037,0.477108
5038,0.477108
5039,0.477108
5040,0.476917
5041,0.476917
5042,0.474128
5043,0.474128
5044,0.476917
5045,0.476917
5046,0.473092
5047,0.474318
5048,0.477108
5049,0.476497
5050,0.476917
5051,0.476917
5052,0.476917
5053,0.477108
5054,0.477108
5055,0.477108
5056,0.476917
5057,0.474128
5058,0.474128
5059,0.474128
5060,0.474128
5061,0.473092
5062,0.477108
5063,0.477108
5064,0.476917
5065,0.476190
5066,0.476190
5067,0.476497
5068,0.476497
5069,0.477108
5070,0.477108
5071,0.476917
5072,0.476917
5073,0.476917
5074,0.476917
5075,0.476497
5076,0.477108
5077,0.477108
5078,0.477108
5079,0.477108
5080,0.476917
5081,0.476917
5082,0.476917
5083,0.476917
5084,0.477108
5085,0.477108
5086,0.473092
5087,0.474128
5088,0.474128
5089,0.474128
5090,0.474128
5091,0.474318
5092,0.474318
5093,0.477108
5094,0.477108
5095,0.477108
5096,0.476917
5097,0.476917
5098,0.476917
5099,0.476917
5100,0.476917
5101,0.476917
5102,0.477108
5103,0.473092
5104,0.477108
5105,0.477108
5106,0.476917
5107,0.476190
5108,0.476190
5109,0.476190
5110,0.476190
5111,0.476917
5112,0.476917
5113,0.477108
5114,0.476917
5115,0.476917
5116,0.476917
5117,0.476190
5118,0.475369
5119,0.476190
5120,0.476190
5121,0.476190
5122,0.476497
5123,0.476497
5124,0.476917
5125,0.476917
5126,0.476917
5127,0.476917
5128,0.476917
5129,0.477108
5130,0.474318
5131,0.474318
5132,0.475080
5133,0.477108
5134,0.477108
5135,0.476917
5136,0.476917
5137,0.476917
5138,0.476917
5139,0.474318
5140,0.474318
5141,0.474318
5142,0.474318
5143,0.476917
5144,0.476917
5145,0.476917
5146,0.477108
5147,0.477108
5148,0.477108
5149,0.476497
5150,0.476917
5151,0.476917
5152,0.476917
5153,0.476917
5154,0.477108
5155,0.477108
5156,0.477108
5157,0.476497
5158,0.476497
5159,0.476917
5160,0.476917
5161,0.474128
5162,0.474128
5163,0.477108
5164,0.476497
5165,0.476497
5166,0.476917
5167,0.476917
5168,0.476917
5169,0.476917
5170,0.477108
5171,0.474318
5172,0.474318
5173,0.477108
5174,0.477108
5175,0.476917
5176,0.476917
5177,0.476917
5178,0.476917
5179,0.476497
5180,0.474318
5181,0.474318
5182,0.473092
5183,0.477108
5184,0.477108
5185,0.476917
5186,0.476917
5187,0.476917
5188,0.476917
5189,0.475080
5190,0.477108
5191,0.477108
5192,0.477108
5193,0.476190
5194,0.476917
5195,0.476917
5196,0.474128
5197,0.474318
5198,0.473092
5199,0.473092
5200,0.477108
5201,0.476917
5202,0.476917
5203,0.476917
5204,0.474128
5205,0.474318
5206,0.474318
5207,0.477108
5208,0.477108
5209,0.476917
5210,0.476917
5211,0.476917
5212,0.476917
5213,0.474318
5214,0.474128
5215,0.476917
5216,0.476917
5217,0.476917
5218,0.476917
5219,0.476497
5220,0.476497
5221,0.476497
5222,0.476917
5223,0.477108
5224,0.477108
5225,0.473092
5226,0.473092
5227,0.474128
5228,0.474128
5229,0.474128
5230,0.476917
5231,0.476917
5232,0.476917
5233,0.477108
5234,0.477108
5235,0.477108
5236,0.476497
5237,0.476497
5238,0.476497
5239,0.476917
5240,0.476917
5241,0.477108
5242,0.477108
5243,0.477108
5244,0.474128
5245,0.474128
5246,0.474128
5247,0.476917
5248,0.476917
5249,0.477108
5250,0.477108
5251,0.477108
5252,0.477108
5253,0.474128
5254,0.474128
5255,0.474128
5256,0.474128
5257,0.477108
5258,0.477108
5259,0.477108
5260,0.477108
5261,0.476917
5262,0.476917
5263,0.474318
5264,0.476917
5265,0.476917
5266,0.476917
5267,0.476917
5268,0.477108
5269,0.477108
5270,0.476917
5271,0.476917
5272,0.476917
5273,0.476917
5274,0.476917
5275,0.476917
5276,0.476190
5277,0.476190
5278,0.475369
5279,0.476917
5280,0.476917
5281,0.474128
5282,0.476917
5283,0.476917
5284,0.476190
5285,0.476190
5286,0.476497
5287,0.476497
5288,0.476497
5289,0.475080
5290,0.476917
5291,0.476917
5292,0.477108
5293,0.476190
5294,0.476497
5295,0.474318
5296,0.476497
5297,0.476917
5298,0.474128
5299,0.474128
5300,0.477108
5301,0.475369
5302,0.476190
5303,0.476190
5304,0.476497
5305,0.476497
5306,0.474128
5307,0.474128
5308,0.474128
5309,0.474128
5310,0.476917
5311,0.476190
5312,0.476190
5313,0.476190
5314,0.475369
5315,0.477108
5316,0.476917
5317,0.474128
5318,0.474128
5319,0.476917
5320,0.476917
5321,0.476917
5322,0.476917
5323,0.476190
5324,0.476190
5325,0.476190
5326,0.476917
5327,0.476497
5328,0.476917
5329,0.476917
5330,0.476917
5331,0.474128
5332,0.477108
5333,0.474318
5334,0.474128
5335,0.476917
5336,0.476917
5337,0.476917
5338,0.476917
5339,0.476497
5340,0.476497
5341,0.476497
5342,0.477108
5343,0.476917
5344,0.477108
5345,0.477108
5346,0.476917
5347,0.476917
5348,0.476917
5349,0.476497
5350,0.476497
5351,0.477108
5352,0.473092
5353,0.474128
5354,0.474128
5355,0.474128
5356,0.476917
5357,0.476497
5358,0.476497
5359,0.476190
5360,0.477108
5361,0.476917
5362,0.475080
5363,0.476917
5364,0.476917
5365,0.476497
5366,0.476497
5367,0.476497
5368,0.477108
5369,0.474128
5370,0.474128
5371,0.473092
5372,0.477108
5373,0.476917
5374,0.476917
5375,0.476497
5376,0.476497
5377,0.477108
5378,0.473092
5379,0.474128
5380,0.474128
5381,0.474128
5382,0.476917
5383,0.476497
5384,0.477108
5385,0.474318
5386,0.474128
5387,0.474128
5388,0.476917
5389,0.476917
5390,0.476917
5391,0.477108
5392,0.477108
5393,0.477108
5394,0.477108
5395,0.477108
5396,0.474128
5397,0.476917
5398,0.476917
5399,0.476497
5400,0.476497
5401,0.476497
5402,0.476917
5403,0.476917
5404,0.477108
5405,0.474128
5406,0.474128
5407,0.474128
5408,0.474128
5409,0.474318
5410,0.474128
5411,0.474128
5412,0.474128
5413,0.476917
5414,0.476917
5415,0.476497
5416,0.476497
5417,0.476190
5418,0.477108
5419,0.476917
5420,0.476917
5421,0.474128
5422,0.476917
5423,0.474128
5424,0.474128
5425,0.474128
5426,0.477108
5427,0.477108
5428,0.477108
5429,0.476917
5430,0.476917
5431,0.474128
5432,0.474128
5433,0.474128
5434,0.477108
5435,0.477108
5436,0.473092
5437,0.474128
5438,0.474128
5439,0.474128
5440,0.476917
5441,0.476917
5442,0.476497
5443,0.476497
5444,0.477108
5445,0.477108
5446,0.476917
5447,0.476917
5448,0.476917
5449,0.476917
5450,0.477108
5451,0.477108
5452,0.477108
5453,0.477108
5454,0.476917
5455,0.476917
5456,0.476917
5457,0.476917
5458,0.476917
5459,0.476497
5460,0.477108
5461,0.477108
5462,0.477108
5463,0.477108
5464,0.476917
5465,0.476917
5466,0.476917
5467,0.476917
5468,0.476917
5469,0.476917
5470,0.476917
5471,0.476497
5472,0.477108
5473,0.477108
5474,0.477108
5475,0.477108
5476,0.476917
5477,0.476497
5478,0.476497
5479,0.476917
5480,0.476917
5481,0.477108
5482,0.477108
5483,0.477108
5484,0.477108
5485,0.476497
5486,0.476917
5487,0.476917
5488,0.476917
5489,0.476917
5490,0.476917
5491,0.477108
5492,0.477108
5493,0.477108
5494,0.474128
5495,0.474128
5496,0.474128
5497,0.474128
5498,0.474128
5499,0.474128
5500,0.477108
5501,0.474318
5502,0.477108
5503,0.476917
5504,0.476917
5505,0.476917
5506,0.476917
5507,0.477108
5508,0.477108
5509,0.476497
5510,0.476497
5511,0.476917
5512,0.476917
5513,0.474128
5514,0.476917
5515,0.477108
5516,0.476497
5517,0.476917
5518,0.476917
5519,0.476917
5520,0.474128
5521,0.474128
5522,0.477108
5523,0.474318
5524,0.474318
5525,0.474128
5526,0.474128
5527,0.474128
5528,0.474128
5529,0.474128
5530,0.476917
5531,0.476497
5532,0.476917
5533,0.474128
5534,0.474128
5535,0.476917
5536,0.476917
5537,0.477108
5538,0.477108
5539,0.477108
5540,0.477108
5541,0.476497
5542,0.476917
5543,0.476917
5544,0.476917
5545,0.476917
5546,0.477108
5547,0.477108
5548,0.477108
5549,0.476917
5550,0.476917
5551,0.474128
5552,0.474128
5553,0.474128
5554,0.476917
5555,0.476917
5556,0.476917
5557,0.474318
5558,0.474318
5559,0.474128
5560,0.476917
5561,0.477108
5562,0.477108
5563,0.477108
5564,0.477108
5565,0.476497
5566,0.474318
5567,0.474318
5568,0.477108
5569,0.477108
5570,0.477108
5571,0.476917
5572,0.476917
5573,0.476917
5574,0.476917
5575,0.476497
5576,0.476497
5577,0.477108
5578,0.477108
5579,0.477108
5580,0.477108
5581,0.476917
5582,0.476917
5583,0.476917
5584,0.476917
5585,0.476497
5586,0.476917
5587,0.476917
5588,0.476917
5589,0.477108
5590,0.477108
5591,0.474128
5592,0.474128
5593,0.474128
5594,0.476917
5595,0.474128
5596,0.474128
5597,0.474128
5598,0.477108
5599,0.477108
5600,0.476917
5601,0.476917
5602,0.474128
5603,0.474128
5604,0.474128
5605,0.477108
5606,0.477108
5607,0.476917
5608,0.476917
5609,0.476917
5610,0.476917
5611,0.477108
5612,0.477108
5613,0.477108
5614,0.477108
5615,0.477108
5616,0.476917
5617,0.474128
5618,0.474128
5619,0.476917
5620,0.474318
5621,0.477108
5622,0.477108
5623,0.477108
5624,0.476917
5625,0.476917
5626,0.476917
5627,0.476917
5628,0.474128
5629,0.477108
5630,0.477108
5631,0.477108
5632,0.477108
5633,0.477108
5634,0.476917
5635,0.476917
5636,0.476917
5637,0.476917
5638,0.476917
5639,0.477108
5640,0.477108
5641,0.477108
5642,0.476497
5643,0.476497
5644,0.476497
5645,0.476497
5646,0.476497
5647,0.477108
5648,0.477108
5649,0.477108
5650,0.477108
5651,0.476917
5652,0.476917
5653,0.476497
5654,0.476497
5655,0.476497
5656,0.477108
5657,0.477108
5658,0.476917
5659,0.476917
5660,0.477108
5661,0.477108
5662,0.477108
5663,0.476497
5664,0.476917
5665,0.476917
5666,0.474128
5667,0.474128
5668,0.474128
5669,0.477108
5670,0.473092
5671,0.474318
5672,0.474318
5673,0.476917
5674,0.476917
5675,0.476917
5676,0.476917
5677,0.477108
5678,0.477108
5679,0.477108
5680,0.476497
5681,0.476917
5682,0.474128
5683,0.474128
5684,0.474128
5685,0.473092
5686,0.473092
5687,0.477108
5688,0.476917
5689,0.476917
5690,0.474128
5691,0.476917
5692,0.477108
5693,0.477108
5694,0.477108
5695,0.477108
5696,0.476917
5697,0.474318
5698,0.474318
5699,0.474318
5700,0.476917
5701,0.477108
5702,0.477108
5703,0.473092
5704,0.476917
5705,0.474128
5706,0.476917
5707,0.474318
5708,0.476497
5709,0.476917
5710,0.476917
5711,0.477108
5712,0.476917
5713,0.474128
5714,0.474128
5715,0.474128
5716,0.474128
5717,0.476917
5718,0.477108
5719,0.477108
5720,0.476917
5721,0.476917
5722,0.476917
5723,0.476917
5724,0.476917
5725,0.476917
5726,0.476497
5727,0.476917
5728,0.474128
5729,0.474128
5730,0.474128
5731,0.474128
5732,0.474128
5733,0.474128
5734,0.474318
5735,0.474318
5736,0.476917
5737,0.476917
5738,0.476917
5739,0.476917
5740,0.476917
5741,0.476917
5742,0.476497
5743,0.476497
5744,0.476917
5745,0.474128
5746,0.476917
5747,0.474128
5748,0.474128
5749,0.476917
5750,0.477108
5751,0.476497
5752,0.476497
5753,0.476497
5754,0.476917
5755,0.476917
5756,0.476917
5757,0.476917
5758,0.476917
5759,0.476917
5760,0.476497
5761,0.474318
5762,0.474318
5763,0.476917
5764,0.477108
5765,0.477108
5766,0.476917
5767,0.476917
5768,0.476917
5769,0.476917
5770,0.476917
5771,0.476497
5772,0.476497
5773,0.476917
5774,0.476917
5775,0.476917
5776,0.477108
5777,0.477108
5778,0.477108
5779,0.474318
5780,0.474128
5781,0.474318
5782,0.476917
5783,0.476917
5784,0.476917
5785,0.476917
5786,0.477108
5787,0.477108
5788,0.476917
5789,0.476917
5790,0.476917
5791,0.476917
5792,0.476917
5793,0.476917
5794,0.476917
5795,0.474318
5796,0.476497
5797,0.476917
5798,0.476917
5799,0.476917
5800,0.476917
5801,0.476917
5802,0.476917
5803,0.476917
5804,0.477108
5805,0.476497
5806,0.476917
5807,0.476917
5808,0.476917
5809,0.476917
5810,0.476917
5811,0.477108
5812,0.477108
5813,0.477108
5814,0.476917
5815,0.476917
5816,0.474128
5817,0.474128
5818,0.474128
5819,0.476497
5820,0.476497
5821,0.476497
5822,0.476917
5823,0.474128
5824,0.476917
5825,0.476917
5826,0.476917
5827,0.476917
5828,0.476497
5829,0.476497
5830,0.476917
5831,0.476917
5832,0.476917
5833,0.476917
5834,0.476917
5835,0.476917
5836,0.474128
5837,0.474128
5838,0.477108
5839,0.476917
5840,0.476917
5841,0.476917
5842,0.476917
5843,0.476917
5844,0.476917
5845,0.476917
5846,0.476917
5847,0.476917
5848,0.476917
5849,0.474128
5850,0.474128
5851,0.477108
5852,0.477108
5853,0.476497
5854,0.476917
5855,0.476917
5856,0.476917
5857,0.476917
5858,0.476917
5859,0.476917
5860,0.476917
5861,0.476497
5862,0.476497
5863,0.476917
5864,0.476917
5865,0.476917
5866,0.477108
5867,0.477108
5868,0.476917
5869,0.476917
5870,0.476917
5871,0.476917
5872,0.477108
5873,0.477108
5874,0.477108
5875,0.477108
5876,0.474128
5877,0.474128
5878,0.474128
5879,0.474128
5880,0.477108
5881,0.477108
5882,0.477108
5883,0.473092
5884,0.474128
5885,0.476917
5886,0.476917
5887,0.476917
5888,0.476917
5889,0.476917
5890,0.476917
5891,0.474128
5892,0.474128
5893,0.477108
5894,0.477108
5895,0.477108
5896,0.477108
5897,0.476917
5898,0.476917
5899,0.476917
5900,0.477108
5901,0.477108
5902,0.477108
5903,0.477108
5904,0.476917
5905,0.476917
5906,0.474128
5907,0.474128
5908,0.477108
5909,0.477108
5910,0.477108
5911,0.477108
5912,0.477108
5913,0.476917
5914,0.476917
5915,0.476917
5916,0.477108
5917,0.477108
5918,0.473092
5919,0.473092
5920,0.477108
5921,0.474128
5922,0.474128
5923,0.476917
5924,0.476497
5925,0.477108
5926,0.477108
5927,0.477108
5928,0.476917
5929,0.476917
5930,0.476917
5931,0.476917
5932,0.476917
5933,0.474318
5934,0.474318
5935,0.477108
5936,0.476917
5937,0.476917
5938,0.476917
5939,0.476917
5940,0.476917
5941,0.476917
5942,0.476917
5943,0.477108
5944,0.476917
5945,0.476917
5946,0.476497
5947,0.476497
5948,0.477108
5949,0.476917
5950,0.476917
5951,0.474128
5952,0.477108
5953,0.477108
5954,0.474318
5955,0.474318
5956,0.474318
5957,0.477108
5958,0.476917
5959,0.476917
5960,0.476917
5961,0.476917
5962,0.476497
5963,0.476497
5964,0.476917
5965,0.476917
5966,0.476917
5967,0.477108
5968,0.477108
5969,0.476497
5970,0.476917
5971,0.476917
5972,0.476917
5973,0.476917
5974,0.476917
5975,0.477108
5976,0.477108
5977,0.477108
5978,0.474128
5979,0.474128
5980,0.474128
5981,0.476917
5982,0.477108
5983,0.477108
5984,0.477108
5985,0.474128
5986,0.476917
5987,0.476917
5988,0.476917
5989,0.477108
5990,0.477108
5991,0.476917
5992,0.476917
5993,0.476917
5994,0.476917
5995,0.476917
5996,0.477108
5997,0.477108
5998,0.477108
5999,0.477108
6000,0.476917
6001,0.476917
6002,0.476917
6003,0.476497
6004,0.476497
6005,0.477108
6006,0.477108
6007,0.477108
6008,0.476917
6009,0.476917
6010,0.476917
6011,0.476917
6012,0.476497
6013,0.477108
6014,0.477108
6015,0.477108
6016,0.477108
6017,0.477108
6018,0.474128
6019,0.476917
6020,0.476917
6021,0.476497
6022,0.476497
6023,0.477108
6024,0.477108
6025,0.476917
6026,0.476917
6027,0.476917
6028,0.476497
6029,0.474318
6030,0.474318
6031,0.477108
6032,0.477108
6033,0.476917
6034,0.476917
6035,0.476917
6036,0.476917
6037,0.476497
6038,0.477108
6039,0.477108
6040,0.476917
6041,0.474128
6042,0.474128
6043,0.474318
6044,0.474318
6045,0.474318
6046,0.474318
6047,0.476917
6048,0.474128
6049,0.474128
6050,0.476917
6051,0.477108
6052,0.477108
6053,0.476497
6054,0.476497
6055,0.476497
6056,0.474128
6057,0.474128
6058,0.476917
6059,0.474128
6060,0.477108
6061,0.477108
6062,0.476917
6063,0.476917
6064,0.476917
6065,0.476917
6066,0.476917
6067,0.477108
6068,0.477108
6069,0.477108
6070,0.476917
6071,0.476917
6072,0.476917
6073,0.476917
6074,0.476917
6075,0.477108
6076,0.474128
6077,0.473092
6078,0.477108
6079,0.477108
6080,0.477108
6081,0.476917
6082,0.476917
6083,0.476917
6084,0.477108
6085,0.473092
6086,0.473092
6087,0.477108
6088,0.476917
6089,0.474128
6090,0.474128
6091,0.474128
6092,0.473092
6093,0.473092
6094,0.477108
6095,0.476917
6096,0.476917
6097,0.476917
6098,0.476917
6099,0.476917
6100,0.476917
6101,0.477108
6102,0.476497
6103,0.476497
6104,0.476917
6105,0.476917
6106,0.476917
6107,0.473092
6108,0.473092
6109,0.473092
6110,0.474318
6111,0.474318
6112,0.474318
6113,0.474318
6114,0.474318
6115,0.477108
6116,0.473092
6117,0.477108
6118,0.477108
6119,0.476917
6120,0.476917
6121,0.476497
6122,0.474318
6123,0.474318
6124,0.473092
6125,0.473092
6126,0.473092
6127,0.477108
6128,0.476917
6129,0.476497
6130,0.476497
6131,0.476497
6132,0.475080
6133,0.477108
6134,0.477108
6135,0.476917
6136,0.476917
6137,0.474128
6138,0.474128
6139,0.474318
6140,0.474128
6141,0.477108
6142,0.477108
6143,0.477108
6144,0.477108
6145,0.476497
6146,0.476497
6147,0.476497
6148,0.477108
6149,0.477108
6150,0.476917
6151,0.474128
6152,0.474128
6153,0.476497
6154,0.476497
6155,0.476497
6156,0.476917
6157,0.476917
6158,0.476917
6159,0.476917
6160,0.476917
6161,0.477108
6162,0.476497
6163,0.476917
6164,0.476917
6165,0.476917
6166,0.476917
6167,0.476917
6168,0.477108
6169,0.477108
6170,0.474318
6171,0.476497
6172,0.476917
6173,0.476917
6174,0.476917
6175,0.476917
6176,0.476917
6177,0.474318
6178,0.474318
6179,0.474318
6180,0.476917
6181,0.476917
6182,0.476917
6183,0.476917
6184,0.477108
6185,0.477108
6186,0.476497
6187,0.476497
6188,0.476917
6189,0.476917
6190,0.476917
6191,0.476917
6192,0.477108
6193,0.474318
6194,0.474318
6195,0.477108
6196,0.477108
6197,0.474128
6198,0.474128
6199,0.476917
6200,0.476917
6201,0.477108
6202,0.477108
6203,0.477108
6204,0.474128
6205,0.474128
6206,0.474128
6207,0.476917
6208,0.477108
6209,0.477108
6210,0.474318
6211,0.476917
6212,0.476917
6213,0.476917
6214,0.476917
6215,0.476917
6216,0.476497
6217,0.476497
6218,0.476917
6219,0.474128
6220,0.476917
6221,0.476917
6222,0.476917
6223,0.476917
6224,0.476497
6225,0.476497
6226,0.476497
6227,0.476917
6228,0.476917
6229,0.476917
6230,0.473092
6231,0.473092
6232,0.473092
6233,0.474318
6234,0.474318
6235,0.474318
6236,0.476497
6237,0.476917
6238,0.476917
6239,0.477108
6240,0.476917
6241,0.476917
6242,0.476917
6243,0.474318
6244,0.474318
6245,0.474128
6246,0.477108
6247,0.477108
6248,0.476917
6249,0.474128
6250,0.474128
6251,0.476917
6252,0.476917
6253,0.474128
6254,0.477108
6255,0.477108
6256,0.474128
6257,0.474128
6258,0.474128
6259,0.474318
6260,0.474318
6261,0.474318
6262,0.474128
6263,0.476917
6264,0.476917
6265,0.476917
6266,0.476917
6267,0.476190
6268,0.475369
6269,0.476497
6270,0.476917
6271,0.476917
6272,0.474128
6273,0.474128
6274,0.474128
6275,0.473092
6276,0.473092
6277,0.477108
6278,0.476917
6279,0.476917
6280,0.476917
6281,0.476917
6282,0.474128
6283,0.474128
6284,0.476917
6285,0.473092
6286,0.473092
6287,0.474128
6288,0.474128
6289,0.474128
6290,0.474128
6291,0.474128
6292,0.476917
6293,0.476190
6294,0.477108
6295,0.476190
6296,0.476190
6297,0.476190
6298,0.476190
6299,0.476917
6300,0.476917
6301,0.477108
6302,0.474318
6303,0.477108
6304,0.477108
6305,0.476917
6306,0.476917
6307,0.476917
6308,0.476497
6309,0.477108
6310,0.477108
6311,0.473092
6312,0.474128
6313,0.474128
6314,0.474128
6315,0.474128
6316,0.474128
6317,0.460674
6318,0.460674
6319,0.476917
6320,0.474128
6321,0.476917
6322,0.475080
6323,0.475080
6324,0.476917
6325,0.475369
6326,0.475369
6327,0.476917
6328,0.474128
6329,0.474128
6330,0.473092
6331,0.473092
6332,0.474128
6333,0.460674
6334,0.474128
6335,0.474128
6336,0.474128
6337,0.475080
6338,0.476917
6339,0.477108
6340,0.476917
6341,0.476917
6342,0.474128
6343,0.474128
6344,0.474128
6345,0.460674
6346,0.460674
6347,0.460674
6348,0.477108
6349,0.476917
6350,0.475080
6351,0.476334
6352,0.476917
6353,0.476917
6354,0.477108
6355,0.474318
6356,0.474318
6357,0.474128
6358,0.474128
6359,0.473092
6360,0.477108
6361,0.477108
6362,0.476917
6363,0.476917
6364,0.475080
6365,0.476497
6366,0.476917
6367,0.474128
6368,0.474128
6369,0.474128
6370,0.474128
6371,0.474128
6372,0.474128
6373,0.474128
6374,0.474318
6375,0.474128
6376,0.474128
6377,0.476917
6378,0.477108
6379,0.476917
6380,0.476917
6381,0.476497
6382,0.474318
6383,0.474318
6384,0.474128
6385,0.474128
6386,0.460674
6387,0.460674
6388,0.460674
6389,0.474128
6390,0.474318
6391,0.474318
6392,0.476917
6393,0.476917
6394,0.477108
6395,0.477108
6396,0.473092
6397,0.474128
6398,0.474128
6399,0.474128
6400,0.474318
6401,0.474318
6402,0.476917
6403,0.477108
6404,0.477108
6405,0.477108
6406,0.476917
6407,0.476917
6408,0.476497
6409,0.476497
6410,0.474318
6411,0.473092
6412,0.473092
6413,0.473092
6414,0.474128
6415,0.474128
6416,0.476917
6417,0.474318
6418,0.474318
6419,0.476497
6420,0.476497
6421,0.476917
6422,0.476917
6423,0.474128
6424,0.474128
6425,0.474128
6426,0.474128
6427,0.474128
6428,0.474128
6429,0.477108
6430,0.474128
6431,0.474128
6432,0.476917
6433,0.477108
6434,0.476917
6435,0.476917
6436,0.476917
6437,0.476917
6438,0.477108
6439,0.474128
6440,0.474128
6441,0.474128
6442,0.474128
6443,0.474128
6444,0.476917
6445,0.476917
6446,0.475080
6447,0.475080
6448,0.476917
6449,0.476917
6450,0.476917
6451,0.476917
6452,0.474128
6453,0.473092
6454,0.473092
6455,0.473092
6456,0.474318
6457,0.476917
6458,0.476917
6459,0.475080
6460,0.475080
6461,0.475080
6462,0.477108
6463,0.477108
6464,0.476917
6465,0.475080
6466,0.475080
6467,0.474318
6468,0.474318
6469,0.473092
6470,0.477108
6471,0.476917
6472,0.475080
6473,0.475080
6474,0.475080
6475,0.475080
6476,0.476497
6477,0.476497
6478,0.475080
6479,0.474318
6480,0.474128
6481,0.474128
6482,0.474128
6483,0.474128
6484,0.474128
6485,0.476917
6486,0.475080
6487,0.474636
6488,0.474636
6489,0.476497
6490,0.476497
6491,0.475080
6492,0.475080
6493,0.474128
6494,0.474128
6495,0.473092
6496,0.460674
6497,0.473092
6498,0.474318
6499,0.475080
6500,0.477374
6501,0.474636
6502,0.476917
6503,0.474636
6504,0.477374
6505,0.477374
6506,0.475080
6507,0.474318
6508,0.477108
6509,0.474128
6510,0.474128
6511,0.475080
6512,0.474636
6513,0.475080
6514,0.474636
6515,0.474636
6516,0.476148
6517,0.476148
6518,0.474128
6519,0.474128
6520,0.474128
6521,0.474318
6522,0.474318
6523,0.474318
6524,0.474128
6525,0.474128
6526,0.476917
6527,0.466957
6528,0.466957
6529,0.477374
6530,0.476497
6531,0.477108
6532,0.474128
6533,0.474128
6534,0.474128
6535,0.474128
6536,0.474128
6537,0.474318
6538,0.474318
6539,0.474318
6540,0.477108
6541,0.476917
6542,0.476917
6543,0.476917
6544,0.476917
6545,0.476497
6546,0.476497
6547,0.477108
6548,0.474128
6549,0.474128
6550,0.474128
6551,0.474128
6552,0.474318
6553,0.474318
6554,0.474318
6555,0.476497
6556,0.477108
6557,0.477108
6558,0.477108
6559,0.477108
6560,0.476917
6561,0.476497
6562,0.476497
6563,0.476497
6564,0.474128
6565,0.474128
6566,0.474128
6567,0.477108
6568,0.475369
6569,0.476190
6570,0.476190
6571,0.476917
6572,0.476917
6573,0.476917
6574,0.477108
6575,0.477108
6576,0.477108
6577,0.476917
6578,0.476917
6579,0.476917
6580,0.476190
6581,0.476917
6582,0.476917
6583,0.477108
6584,0.477108
6585,0.473092
6586,0.474128
6587,0.474128
6588,0.474128
6589,0.474128
6590,0.476917
6591,0.476917
6592,0.477108
6593,0.477108
6594,0.477108
6595,0.477108
6596,0.476917
6597,0.476190
6598,0.476497
6599,0.476497
6600,0.474128
6601,0.476917
6602,0.476190
6603,0.473846
6604,0.473846
6605,0.473846
6606,0.476917
6607,0.474318
6608,0.474128
6609,0.474128
6610,0.474128
6611,0.476917
6612,0.476917
6613,0.476917
6614,0.475080
6615,0.476148
6616,0.477108
6617,0.476276
6618,0.476276
6619,0.476917
6620,0.476917
6621,0.476148
6622,0.476148
6623,0.475080
6624,0.477108
6625,0.477108
6626,0.476917
6627,0.476148
6628,0.476148
6629,0.476148
6630,0.474128
6631,0.477108
6632,0.473092
6633,0.473092
6634,0.476917
6635,0.476917
6636,0.476917
6637,0.476917
6638,0.474128
6639,0.476148
6640,0.477108
6641,0.477108
6642,0.476917
6643,0.476917
6644,0.476917
6645,0.474128
6646,0.474318
6647,0.474318
6648,0.477108
6649,0.477108
6650,0.476917
6651,0.475221
6652,0.476148
6653,0.475221
6654,0.475221
6655,0.474128
6656,0.474128
6657,0.474128
6658,0.473092
6659,0.473092
6660,0.474128
6661,0.474128
6662,0.476917
6663,0.475221
6664,0.476917
6665,0.476917
6666,0.476917
6667,0.477108
6668,0.477108
6669,0.473092
6670,0.473092
6671,0.477108
6672,0.476190
6673,0.473846
6674,0.473846
6675,0.476190
6676,0.476190
6677,0.475080
6678,0.477108
6679,0.477108
6680,0.474128
6681,0.474128
6682,0.474128
6683,0.474318
6684,0.476497
6685,0.477108
6686,0.476148
6687,0.476148
6688,0.476148
6689,0.475221
6690,0.476497
6691,0.474318
6692,0.476917
6693,0.474636
6694,0.474636
6695,0.476148
6696,0.474636
6697,0.474636
6698,0.474318
6699,0.474636
6700,0.474636
6701,0.474636
6702,0.476917
6703,0.476917
6704,0.477108
6705,0.476497
6706,0.476148
6707,0.476148
6708,0.475221
6709,0.475221
6710,0.477108
6711,0.475221
6712,0.476148
6713,0.476148
6714,0.474128
6715,0.474128
6716,0.476917
6717,0.477108
6718,0.477108
6719,0.476497
6720,0.475221
6721,0.475221
6722,0.476917
6723,0.476917
6724,0.474128
6725,0.474128
6726,0.474128
6727,0.474318
6728,0.474128
6729,0.474128
6730,0.476917
6731,0.476917
6732,0.475221
6733,0.475221
6734,0.477108
6735,0.477108
6736,0.476917
6737,0.474128
6738,0.474128
6739,0.474318
6740,0.477108
6741,0.477108
6742,0.477108
6743,0.476021
6744,0.475221
6745,0.476917
6746,0.476917
6747,0.474318
6748,0.474318
6749,0.474128
6750,0.474128
6751,0.474128
6752,0.477108
6753,0.476917
6754,0.476917
6755,0.476497
6756,0.476497
6757,0.476497
6758,0.477108
6759,0.477108
6760,0.477108
6761,0.474128
6762,0.474128
6763,0.474128
6764,0.474318
6765,0.476497
6766,0.476497
6767,0.476148
6768,0.476148
6769,0.477108
6770,0.477108
6771,0.476917
6772,0.474128
6773,0.474128
6774,0.474128
6775,0.474318
6776,0.476497
6777,0.477108
6778,0.477108
6779,0.476148
6780,0.476148
6781,0.476148
6782,0.476917
6783,0.474318
6784,0.474318
6785,0.474318
6786,0.473092
6787,0.474636
6788,0.476148
6789,0.476917
6790,0.476917
6791,0.476497
6792,0.474318
6793,0.474318
6794,0.474128
6795,0.477108
6796,0.477108
6797,0.477108
6798,0.476917
6799,0.476497
6800,0.476917
6801,0.476917
6802,0.476917
6803,0.477108
6804,0.477108
6805,0.473092
6806,0.477108
6807,0.477108
6808,0.476917
6809,0.476917
6810,0.476917
6811,0.476917
6812,0.476917
6813,0.474318
6814,0.473092
6815,0.477108
6816,0.477108
6817,0.476917
6818,0.476917
6819,0.476917
6820,0.476917
6821,0.476917
6822,0.477108
6823,0.477108
6824,0.474128
6825,0.474128
6826,0.474128
6827,0.474128
6828,0.476917
6829,0.473092
6830,0.477108
6831,0.476497
6832,0.476190
6833,0.473846
6834,0.473846
6835,0.473846
6836,0.476917
6837,0.474128
6838,0.474318
6839,0.474318
6840,0.474318
6841,0.477108
6842,0.474128
6843,0.474128
6844,0.474128
6845,0.473846
6846,0.473846
6847,0.473846
6848,0.473846
6849,0.474128
6850,0.474128
6851,0.474128
6852,0.474128
6853,0.474128
6854,0.473846
6855,0.473846
6856,0.477108
6857,0.475080
6858,0.475080
6859,0.473846
6860,0.473846
6861,0.476190
6862,0.476917
6863,0.475080
6864,0.475080
6865,0.475080
6866,0.477108
6867,0.477108
6868,0.476190
6869,0.476917
6870,0.477374
6871,0.477374
6872,0.476497
6873,0.477108
6874,0.473092
6875,0.473092
6876,0.474128
6877,0.474128
6878,0.476917
6879,0.476917
6880,0.476497
6881,0.476497
6882,0.476190
6883,0.476917
6884,0.474128
6885,0.474128
6886,0.477108
6887,0.477108
6888,0.476917
6889,0.476497
6890,0.476917
6891,0.476917
6892,0.476917
6893,0.476917
6894,0.476917
6895,0.476917
6896,0.474318
6897,0.474318
6898,0.474318
6899,0.474318
6900,0.477108
6901,0.476917
6902,0.476917
6903,0.476917
6904,0.476917
6905,0.474318
6906,0.473092
6907,0.473092
6908,0.477108
6909,0.476917
6910,0.474128
6911,0.474128
6912,0.474128
6913,0.476497
6914,0.477108
6915,0.477108
6916,0.475369
6917,0.473846
6918,0.473846
6919,0.476190
6920,0.474128
6921,0.474128
6922,0.474128
6923,0.474128
6924,0.473846
6925,0.473846
6926,0.473846
6927,0.473846
6928,0.473846
6929,0.474128
6930,0.474128
6931,0.473846
6932,0.473846
6933,0.473846
6934,0.474398
6935,0.475080
6936,0.474398
6937,0.473846
6938,0.473846
6939,0.473846
6940,0.475080
6941,0.475080
6942,0.476148
6943,0.475080
6944,0.476190
6945,0.476190
6946,0.476917
6947,0.476148
6948,0.477374
6949,0.477374
6950,0.477374
6951,0.477108
6952,0.477108
6953,0.476917
6954,0.477374
6955,0.476148
6956,0.476917
6957,0.476917
6958,0.476917
6959,0.476917
6960,0.477108
6961,0.477108
6962,0.474128
6963,0.474128
6964,0.474128
6965,0.476917
6966,0.476917
6967,0.474128
6968,0.477108
6969,0.475080
6970,0.475080
6971,0.473846
6972,0.473846
6973,0.473846
6974,0.473846
6975,0.476917
6976,0.476917
6977,0.476497
6978,0.475080
6979,0.477108
6980,0.474128
6981,0.474128
6982,0.474128
6983,0.474128
6984,0.474128
6985,0.476148
6986,0.476148
6987,0.473846
6988,0.473846
6989,0.473846
6990,0.473846
6991,0.474128
6992,0.474128
6993,0.473846
6994,0.473846
6995,0.473846
6996,0.473846
6997,0.476148
6998,0.476148
6999,0.477108
7000,0.476917
7001,0.476917
7002,0.473846
7003,0.473846
7004,0.476148
7005,0.476148
7006,0.476148
7007,0.477108
7008,0.473846
7009,0.476917
7010,0.476917
7011,0.476917
7012,0.476148
7013,0.476148
7014,0.473846
7015,0.473846
7016,0.473846
7017,0.473846
7018,0.473846
7019,0.473846
7020,0.473846
7021,0.473846
7022,0.473846
7023,0.473846
7024,0.473846
7025,0.473846
7026,0.474128
7027,0.474128
7028,0.474128
7029,0.473846
7030,0.473846
7031,0.473846
7032,0.473846
7033,0.473846
7034,0.473846
7035,0.474128
7036,0.473846
7037,0.473846
7038,0.473846
7039,0.473846
7040,0.474398
7041,0.473846
7042,0.473846
7043,0.474398
7044,0.474128
7045,0.474128
7046,0.474128
7047,0.474128
7048,0.476917
7049,0.473520
7050,0.473520
7051,0.476917
7052,0.473846
7053,0.473846
7054,0.476917
7055,0.474128
7056,0.474128
7057,0.474318
7058,0.474318
7059,0.477108
7060,0.477108
7061,0.477108
7062,0.476917
7063,0.476917
7064,0.474128
7065,0.474128
7066,0.474128
7067,0.474128
7068,0.477108
7069,0.473092
7070,0.473092
7071,0.477108
7072,0.473846
7073,0.473846
7074,0.473846
7075,0.473846
7076,0.473846
7077,0.473846
7078,0.473846
7079,0.473846
7080,0.474128
7081,0.474128
7082,0.474128
7083,0.474128
7084,0.474128
7085,0.474398
7086,0.474398
7087,0.474398
7088,0.473846
7089,0.473846
7090,0.473846
7091,0.477108
7092,0.475080
7093,0.475080
7094,0.474128
7095,0.477374
7096,0.475000
7097,0.475000
7098,0.473520
7099,0.473520
7100,0.473520
7101,0.476917
7102,0.476917
7103,0.474128
7104,0.474128
7105,0.476917
7106,0.476497
7107,0.476917
7108,0.476917
7109,0.473846
7110,0.473846
7111,0.473846
7112,0.476917
7113,0.476917
7114,0.476917
7115,0.473846
7116,0.473846
7117,0.473846
7118,0.473846
7119,0.473846
7120,0.473846
7121,0.473846
7122,0.473846
7123,0.473846
7124,0.473846
7125,0.473846
7126,0.473846
7127,0.473846
7128,0.473846
7129,0.473846
7130,0.473846
7131,0.473846
7132,0.473846
7133,0.473846
7134,0.473846
7135,0.474128
7136,0.474398
7137,0.474398
7138,0.474398
7139,0.473846
7140,0.473846
7141,0.473846
7142,0.476148
7143,0.477374
7144,0.477374
7145,0.477374
7146,0.476917
7147,0.474128
7148,0.474128
7149,0.474318
7150,0.474318
7151,0.476497
7152,0.476497
7153,0.473846
7154,0.474398
7155,0.476917
7156,0.475080
7157,0.474128
7158,0.474128
7159,0.477108
7160,0.474318
7161,0.474318
7162,0.474318
7163,0.476497
7164,0.473846
7165,0.473846
7166,0.473846
7167,0.473846
7168,0.473846
7169,0.473846
7170,0.473846
7171,0.473846
7172,0.473846
7173,0.473846
7174,0.474128
7175,0.474128
7176,0.474128
7177,0.473846
7178,0.473846
7179,0.473846
7180,0.473846
7181,0.473846
7182,0.473846
7183,0.473846
7184,0.473846
7185,0.473846
7186,0.475080
7187,0.475080
7188,0.475080
7189,0.473846
7190,0.473846
7191,0.473846
7192,0.477374
7193,0.477374
7194,0.476148
7195,0.476148
7196,0.476148
7197,0.476148
7198,0.476148
7199,0.477374
7200,0.477374
7201,0.475080
7202,0.474128
7203,0.474128
7204,0.474128
7205,0.474128
7206,0.476917
7207,0.474318
7208,0.475080
7209,0.475080
7210,0.474398
7211,0.473846
7212,0.473846
7213,0.473846
7214,0.473846
7215,0.473846
7216,0.473846
7217,0.473846
7218,0.473846
7219,0.473846
7220,0.473846
7221,0.473846
7222,0.473846
7223,0.473846
7224,0.473846
7225,0.473846
7226,0.474128
7227,0.474128
7228,0.474128
7229,0.473846
7230,0.473846
7231,0.473846
7232,0.473846
7233,0.474398
7234,0.473846
7235,0.473846
7236,0.473846
7237,0.473846
7238,0.473846
7239,0.473846
7240,0.475080
7241,0.475080
7242,0.476917
7243,0.473846
7244,0.476917
7245,0.475080
7246,0.474318
7247,0.474318
7248,0.476497
7249,0.473846
7250,0.473846
7251,0.473846
7252,0.474398
7253,0.474398
7254,0.474398
7255,0.473846
7256,0.473846
7257,0.473846
7258,0.473846
7259,0.474318
7260,0.474318
7261,0.474318
7262,0.473846
7263,0.473846
7264,0.473846
7265,0.474398
7266,0.474398
7267,0.473846
7268,0.473846
7269,0.473846
7270,0.473846
7271,0.473846
7272,0.473846
7273,0.473846
7274,0.473846
7275,0.473846
7276,0.473846
7277,0.473846
7278,0.473846
7279,0.473846
7280,0.475080
7281,0.477374
7282,0.476148
7283,0.477374
7284,0.473520
7285,0.476497
7286,0.476917
7287,0.474128
7288,0.474128
7289,0.474128
7290,0.473092
7291,0.477108
7292,0.477108
7293,0.473846
7294,0.473846
7295,0.473846
7296,0.474398
7297,0.475080
7298,0.474128
7299,0.474128
7300,0.474128
7301,0.476917
7302,0.473092
7303,0.466479
7304,0.473092
7305,0.473846
7306,0.473846
7307,0.473846
7308,0.473846
7309,0.473846
7310,0.473846
7311,0.473846
7312,0.474318
7313,0.466479
7314,0.466479
7315,0.466479
7316,0.473092
7317,0.473092
7318,0.473846
7319,0.474398
7320,0.474398
7321,0.473846
7322,0.473846
7323,0.473846
7324,0.473846
7325,0.474398
7326,0.474398
7327,0.474398
7328,0.476497
7329,0.476497
7330,0.475080
7331,0.475080
7332,0.475080
7333,0.475080
7334,0.476917
7335,0.476917
7336,0.475080
7337,0.475080
7338,0.474398
7339,0.473846
7340,0.473846
7341,0.473846
7342,0.473846
7343,0.473846
7344,0.473846
7345,0.473846
7346,0.473846
7347,0.473846
7348,0.473846
7349,0.474128
7350,0.474128
7351,0.466479
7352,0.474128
7353,0.474128
7354,0.474128
7355,0.473846
7356,0.473846
7357,0.473846
7358,0.474398
7359,0.474398
7360,0.473846
7361,0.473846
7362,0.473846
7363,0.473846
7364,0.473846
7365,0.474398
7366,0.470401
7367,0.474128
7368,0.474128
7369,0.474128
7370,0.474128
7371,0.474128
7372,0.474128
7373,0.475080
7374,0.475080
7375,0.474398
7376,0.474398
7377,0.473846
7378,0.477374
7379,0.473520
7380,0.475080
7381,0.475080
7382,0.476917
7383,0.476917
7384,0.476917
7385,0.477108
7386,0.477108
7387,0.475080
7388,0.475080
7389,0.474398
7390,0.474398
7391,0.474398
7392,0.474398
7393,0.475080
7394,0.475080
7395,0.476917
7396,0.474128
7397,0.474128
7398,0.474318
7399,0.474318
7400,0.473846
7401,0.473846
7402,0.473846
7403,0.473846
7404,0.473846
7405,0.473846
7406,0.473846
7407,0.474398
7408,0.473846
7409,0.473846
7410,0.473846
7411,0.474128
7412,0.466479
7413,0.466479
7414,0.458072
7415,0.474128
7416,0.473846
7417,0.473846
7418,0.474398
7419,0.474398
7420,0.474398
7421,0.473846
7422,0.473846
7423,0.473846
7424,0.474398
7425,0.475080
7426,0.475080
7427,0.474128
7428,0.474128
7429,0.474128
7430,0.474318
7431,0.474318
7432,0.475080
7433,0.473520
7434,0.473520
7435,0.477374
7436,0.473846
7437,0.476917
7438,0.476917
7439,0.475080
7440,0.475080
7441,0.475080
7442,0.476917
7443,0.473846
7444,0.473846
7445,0.473846
7446,0.474398
7447,0.475080
7448,0.475080
7449,0.475080
7450,0.476917
7451,0.476917
7452,0.476917
7453,0.474128
7454,0.474128
7455,0.474128
7456,0.476917
7457,0.473846
7458,0.473846
7459,0.473846
7460,0.473846
7461,0.473846
7462,0.473846
7463,0.473846
7464,0.473846
7465,0.473846
7466,0.473846
7467,0.473846
7468,0.473846
7469,0.474128
7470,0.474128
7471,0.474128
7472,0.473846
7473,0.473846
7474,0.473846
7475,0.473846
7476,0.473846
7477,0.473846
7478,0.473846
7479,0.473846
7480,0.474398
7481,0.474398
7482,0.473846
7483,0.473846
7484,0.473846
7485,0.473846
7486,0.473846
7487,0.474398
7488,0.474398
7489,0.474398
7490,0.474398
7491,0.475080
7492,0.474128
7493,0.474128
7494,0.474128
7495,0.474128
7496,0.475080
7497,0.473520
7498,0.473520
7499,0.477374
7500,0.475000
7501,0.475221
7502,0.475221
7503,0.475221
7504,0.476148
7505,0.476148
7506,0.476148
7507,0.474398
7508,0.476917
7509,0.476917
7510,0.476917
7511,0.474318
7512,0.474318
7513,0.474318
7514,0.476497
7515,0.476497
7516,0.473846
7517,0.473846
7518,0.473846
7519,0.473846
7520,0.473846
7521,0.473846
7522,0.473846
7523,0.473846
7524,0.473846
7525,0.473846
7526,0.474398
7527,0.474398
7528,0.474398
7529,0.474398
7530,0.474128
7531,0.466479
7532,0.466479
7533,0.466479
7534,0.474128
7535,0.474128
7536,0.473846
7537,0.473846
7538,0.474398
7539,0.474398
7540,0.474398
7541,0.474398
7542,0.473846
7543,0.473846
7544,0.474398
7545,0.474398
7546,0.474398
7547,0.474398
7548,0.474398
7549,0.474398
7550,0.474128
7551,0.474128
7552,0.476148
7553,0.477374
7554,0.477374
7555,0.476148
7556,0.476148
7557,0.476148
7558,0.473520
7559,0.473520
7560,0.473520
7561,0.473520
7562,0.476917
7563,0.474398
7564,0.474398
7565,0.474398
7566,0.473846
7567,0.473846
7568,0.473846
7569,0.473846
7570,0.473846
7571,0.473846
7572,0.473846
7573,0.476917
7574,0.474128
7575,0.474128
7576,0.474128
7577,0.474128
7578,0.474128
7579,0.474128
7580,0.473846
7581,0.473846
7582,0.474398
7583,0.474398
7584,0.474398
7585,0.473846
7586,0.473846
7587,0.473846
7588,0.473846
7589,0.473846
7590,0.473846
7591,0.473846
7592,0.474398
7593,0.474398
7594,0.474398
7595,0.474398
7596,0.474398
7597,0.474128
7598,0.474128
7599,0.474128
7600,0.474128
7601,0.474128
7602,0.474128
7603,0.473846
7604,0.473846
7605,0.474398
7606,0.474398
7607,0.474398
7608,0.474398
7609,0.474398
7610,0.474398
7611,0.474398
7612,0.474398
7613,0.474398
7614,0.474128
7615,0.474128
7616,0.474128
7617,0.474128
7618,0.474128
7619,0.474128
7620,0.474128
7621,0.473092
7622,0.473092
7623,0.474398
7624,0.474398
7625,0.474398
7626,0.474128
7627,0.474128
7628,0.474128
7629,0.476917
7630,0.476917
7631,0.476917
7632,0.474398
7633,0.474398
7634,0.473846
7635,0.473846
7636,0.473846
7637,0.473846
7638,0.476917
7639,0.474128
7640,0.474128
7641,0.474128
7642,0.476917
7643,0.476917
7644,0.474128
7645,0.474128
7646,0.474128
7647,0.474128
7648,0.469565
7649,0.473846
7650,0.473846
7651,0.474398
7652,0.474398
7653,0.474398
7654,0.474398
7655,0.473846
7656,0.473846
7657,0.473846
7658,0.473846
7659,0.474398
7660,0.474398
7661,0.474398
7662,0.474398
7663,0.473846
7664,0.474318
7665,0.474398
7666,0.474398
7667,0.474398
7668,0.474398
7669,0.474398
7670,0.473846
7671,0.473846
7672,0.474398
7673,0.474398
7674,0.474398
7675,0.474398
7676,0.474398
7677,0.474398
7678,0.474398
7679,0.474398
7680,0.474398
7681,0.474398
7682,0.474398
7683,0.476917
7684,0.476917
7685,0.474398
7686,0.474398
7687,0.474398
7688,0.474398
7689,0.474398
7690,0.474398
7691,0.473846
7692,0.473846
7693,0.473846
7694,0.473846
7695,0.474398
7696,0.474398
7697,0.476917
7698,0.473846
7699,0.473846
7700,0.473846
7701,0.473846
7702,0.473846
7703,0.473846
7704,0.473846
7705,0.473846
7706,0.473846
7707,0.473846
7708,0.473846
7709,0.473846
7710,0.473846
7711,0.473846
7712,0.474398
7713,0.473846
7714,0.474128
7715,0.474128
7716,0.474398
7717,0.466479
7718,0.466479
7719,0.473846
7720,0.473846
7721,0.473846
7722,0.473846
7723,0.474398
7724,0.474398
7725,0.474398
7726,0.474398
7727,0.474398
7728,0.474398
7729,0.474398
7730,0.475080
7731,0.475080
7732,0.474128
7733,0.474128
7734,0.474128
7735,0.469745
7736,0.474128
7737,0.474318
7738,0.474318
7739,0.475080
7740,0.475080
7741,0.475080
7742,0.475080
7743,0.479346
7744,0.476917
7745,0.476917
7746,0.479346
7747,0.479346
7748,0.475080
7749,0.476917
7750,0.476917
7751,0.476917
7752,0.476917
7753,0.476917
7754,0.475080
7755,0.475080
7756,0.477108
7757,0.476497
7758,0.476917
7759,0.476917
7760,0.474128
7761,0.474128
7762,0.476917
7763,0.476190
7764,0.473846
7765,0.473846
7766,0.473846
7767,0.473846
7768,0.473846
7769,0.473846
7770,0.473846
7771,0.473846
7772,0.473846
7773,0.473846
7774,0.474462
7775,0.469512
7776,0.469512
7777,0.469512
7778,0.466479
7779,0.474128
7780,0.474318
7781,0.474318
7782,0.469108
7783,0.460517
7784,0.469108
7785,0.474398
7786,0.473846
7787,0.473846
7788,0.473846
7789,0.474398
7790,0.474398
7791,0.474398
7792,0.474398
7793,0.474398
7794,0.476917
7795,0.474128
7796,0.474128
7797,0.474128
7798,0.474128
7799,0.475080
7800,0.476917
7801,0.475080
7802,0.475080
7803,0.475080
7804,0.475080
7805,0.473520
7806,0.473520
7807,0.474531
7808,0.477108
7809,0.477108
7810,0.476917
7811,0.475080
7812,0.476917
7813,0.477108
7814,0.477108
7815,0.477108
7816,0.477108
7817,0.477108
7818,0.477108
7819,0.477108
7820,0.474398
7821,0.474398
7822,0.477108
7823,0.476190
7824,0.476190
7825,0.476917
7826,0.474128
7827,0.474128
7828,0.474128
7829,0.474128
7830,0.473846
7831,0.473846
7832,0.473846
7833,0.473846
7834,0.473846
7835,0.473846
7836,0.473846
7837,0.473846
7838,0.473846
7839,0.474398
7840,0.474462
7841,0.474398
7842,0.474128
7843,0.469512
7844,0.474128
7845,0.474128
7846,0.466479
7847,0.460859
7848,0.466479
7849,0.474318
7850,0.474318
7851,0.474398
7852,0.474398
7853,0.474398
7854,0.474398
7855,0.474398
7856,0.474398
7857,0.474398
7858,0.474398
7859,0.474398
7860,0.475080
7861,0.474128
7862,0.474128
7863,0.474318
7864,0.474318
7865,0.474318
7866,0.473520
7867,0.473520
7868,0.473520
7869,0.474531
7870,0.476917
7871,0.476917
7872,0.474128
7873,0.474128
7874,0.475080
7875,0.476917
7876,0.476917
7877,0.476917
7878,0.476917
7879,0.476497
7880,0.476497
7881,0.476497
7882,0.477108
7883,0.477108
7884,0.476960
7885,0.473092
7886,0.473092
7887,0.477108
7888,0.477108
7889,0.477108
7890,0.477108
7891,0.477108
7892,0.476497
7893,0.474398
7894,0.474318
7895,0.474318
7896,0.476497
7897,0.476190
7898,0.473846
7899,0.474398
7900,0.474398
7901,0.474398
7902,0.474398
7903,0.473846
7904,0.473846
7905,0.473846
7906,0.474398
7907,0.474398
7908,0.474398
7909,0.474398
7910,0.469565
7911,0.469565
7912,0.469565
7913,0.474398
7914,0.474398
7915,0.474398
7916,0.474398
7917,0.474398
7918,0.474398
7919,0.474398
7920,0.474398
7921,0.474398
7922,0.474398
7923,0.474398
7924,0.474398
7925,0.474398
7926,0.474398
7927,0.474398
7928,0.474398
7929,0.474398
7930,0.474398
7931,0.474462
7932,0.469512
7933,0.474128
7934,0.474128
7935,0.474128
7936,0.474128
7937,0.474128
7938,0.474128
7939,0.475080
7940,0.475080
7941,0.479346
7942,0.479346
7943,0.479346
7944,0.475080
7945,0.474128
7946,0.474128
7947,0.474128
7948,0.476917
7949,0.475080
7950,0.474531
7951,0.474107
7952,0.474107
7953,0.476276
7954,0.476276
7955,0.476276
7956,0.476917
7957,0.479346
7958,0.479346
7959,0.479346
7960,0.476917
7961,0.476917
7962,0.476917
7963,0.476917
7964,0.474318
7965,0.474318
7966,0.479346
7967,0.479346
7968,0.477108
7969,0.476190
7970,0.476190
7971,0.476190
7972,0.476190
7973,0.476190
7974,0.474398
7975,0.474398
7976,0.474398
7977,0.473846
7978,0.473846
7979,0.473846
7980,0.473846
7981,0.473846
7982,0.474398
7983,0.474398
7984,0.474398
7985,0.474398
7986,0.474128
7987,0.474128
7988,0.474128
7989,0.474128
7990,0.474318
7991,0.474398
7992,0.474398
7993,0.474398
7994,0.474398
7995,0.474398
7996,0.474398
7997,0.474398
7998,0.474398
7999,0.474398
8000,0.474398
8001,0.474398
8002,0.474398
8003,0.474398
8004,0.474398
8005,0.474462
8006,0.474462
8007,0.474398
8008,0.474398
8009,0.474398
8010,0.474318
8011,0.466479
8012,0.466479
8013,0.466479
8014,0.477905
8015,0.474398
8016,0.474398
8017,0.474398
8018,0.474398
8019,0.479346
8020,0.475080
8021,0.479346
8022,0.479346
8023,0.476917
8024,0.479346
8025,0.479346
8026,0.474531
8027,0.474531
8028,0.474531
8029,0.474398
8030,0.476497
8031,0.474318
8032,0.474318
8033,0.474318
8034,0.474318
8035,0.474128
8036,0.474128
8037,0.476917
8038,0.476917
8039,0.477108
8040,0.475080
8041,0.475080
8042,0.475080
8043,0.479346
8044,0.477108
8045,0.476190
8046,0.476190
8047,0.476190
8048,0.476190
8049,0.474398
8050,0.474398
8051,0.474398
8052,0.476190
8053,0.476190
8054,0.476190
8055,0.476190
8056,0.474398
8057,0.474398
8058,0.474398
8059,0.474398
8060,0.473846
8061,0.473846
8062,0.473846
8063,0.474318
8064,0.474318
8065,0.474398
8066,0.474398
8067,0.474398
8068,0.474398
8069,0.474398
8070,0.474398
8071,0.474398
8072,0.474398
8073,0.474398
8074,0.474398
8075,0.474398
8076,0.474398
8077,0.474398
8078,0.474398
8079,0.474398
8080,0.474398
8081,0.474398
8082,0.474398
8083,0.474398
8084,0.474398
8085,0.474398
8086,0.474398
8087,0.474398
8088,0.474398
8089,0.474398
8090,0.474398
8091,0.474398
8092,0.473846
8093,0.473846
8094,0.474398
8095,0.474398
8096,0.474398
8097,0.474398
8098,0.474398
8099,0.474398
8100,0.474398
8101,0.474398
8102,0.479346
8103,0.475080
8104,0.475080
8105,0.479346
8106,0.476917
8107,0.479346
8108,0.479346
8109,0.479346
8110,0.474531
8111,0.474531
8112,0.474531
8113,0.476497
8114,0.474531
8115,0.474531
8116,0.474531
8117,0.474531
8118,0.476276
8119,0.476276
8120,0.476276
8121,0.474398
8122,0.474398
8123,0.474398
8124,0.474398
8125,0.474398
8126,0.476917
8127,0.474128
8128,0.479346
8129,0.474318
8130,0.474318
8131,0.474318
8132,0.474318
8133,0.474318
8134,0.476497
8135,0.474398
8136,0.474398
8137,0.474398
8138,0.474398
8139,0.474398
8140,0.473846
8141,0.474398
8142,0.474398
8143,0.474398
8144,0.474398
8145,0.474398
8146,0.474398
8147,0.474398
8148,0.474398
8149,0.474398
8150,0.474398
8151,0.474398
8152,0.474398
8153,0.474398
8154,0.474398
8155,0.474398
8156,0.474398
8157,0.474398
8158,0.474398
8159,0.474398
8160,0.474398
8161,0.474398
8162,0.474398
8163,0.474398
8164,0.474398
8165,0.474398
8166,0.474398
8167,0.474398
8168,0.474398
8169,0.474398
8170,0.475080
8171,0.466479
8172,0.477905
8173,0.474398
8174,0.474398
8175,0.474398
8176,0.474398
8177,0.474398
8178,0.474398
8179,0.474398
8180,0.474398
8181,0.474398
8182,0.474398
8183,0.474398
8184,0.474398
8185,0.474398
8186,0.474398
8187,0.474398
8188,0.474398
8189,0.476276
8190,0.474398
8191,0.474398
8192,0.474398
8193,0.474398
8194,0.474398
8195,0.474398
8196,0.474128
8197,0.474128
8198,0.474128
8199,0.474398
8200,0.474398
8201,0.474398
8202,0.474398
8203,0.474398
8204,0.474398
8205,0.474398
8206,0.474398
8207,0.474398
8208,0.474398
8209,0.474398
8210,0.474398
8211,0.474128
8212,0.474128
8213,0.474128
8214,0.474128
8215,0.474128
8216,0.474398
8217,0.474398
8218,0.474398
8219,0.474398
8220,0.474398
8221,0.474398
8222,0.474398
8223,0.474398
8224,0.474398
8225,0.474398
8226,0.474398
8227,0.474398
8228,0.474398
8229,0.474128
8230,0.474128
8231,0.474398
8232,0.474398
8233,0.474398
8234,0.474398
8235,0.474398
8236,0.474398
8237,0.474398
8238,0.474398
8239,0.474398
8240,0.474398
8241,0.474398
8242,0.474398
8243,0.474398
8244,0.474398
8245,0.474398
8246,0.474398
8247,0.474398
8248,0.474398
8249,0.474398
8250,0.474398
8251,0.474318
8252,0.474318
8253,0.474128
8254,0.474128
8255,0.479346
8256,0.474398
8257,0.474398
8258,0.474398
8259,0.474398
8260,0.474398
8261,0.474398
8262,0.474398
8263,0.473846
8264,0.473846
8265,0.474398
8266,0.474398
8267,0.474398
8268,0.474398
8269,0.474128
8270,0.474128
8271,0.474128
8272,0.474398
8273,0.474398
8274,0.474398
8275,0.474398
8276,0.474398
8277,0.474398
8278,0.474398
8279,0.474398
8280,0.474398
8281,0.474398
8282,0.474398
8283,0.474398
8284,0.474398
8285,0.474398
8286,0.474398
8287,0.474398
8288,0.474398
8289,0.474398
8290,0.474398
8291,0.474398
8292,0.474398
8293,0.474398
8294,0.474398
8295,0.474398
8296,0.474398
8297,0.474398
8298,0.479346
8299,0.479346
8300,0.474128
8301,0.466479
8302,0.460859
8303,0.460859
8304,0.474318
8305,0.474398
8306,0.474398
8307,0.474398
8308,0.474398
8309,0.474398
8310,0.474398
8311,0.474398
8312,0.479346
8313,0.479346
8314,0.479346
8315,0.479346
8316,0.479346
8317,0.474318
8318,0.474318
8319,0.474318
8320,0.474318
8321,0.474318
8322,0.474398
8323,0.474398
8324,0.474398
8325,0.474398
8326,0.475369
8327,0.475369
8328,0.477108
8329,0.477108
8330,0.475369
8331,0.474398
8332,0.474398
8333,0.474398
8334,0.474398
8335,0.473846
8336,0.473846
8337,0.473846
8338,0.473846
8339,0.474398
8340,0.474398
8341,0.472434
8342,0.472434
8343,0.474398
8344,0.473846
8345,0.473846
8346,0.473846
8347,0.474398
8348,0.472434
8349,0.472434
8350,0.472434
8351,0.472434
8352,0.474398
8353,0.473846
8354,0.473846
8355,0.474398
8356,0.472434
8357,0.472434
8358,0.472434
8359,0.472434
8360,0.474398
8361,0.474398
8362,0.474398
8363,0.474398
8364,0.472434
8365,0.472434
8366,0.472434
8367,0.474398
8368,0.474398
8369,0.474128
8370,0.474128
8371,0.474128
8372,0.474128
8373,0.472434
8374,0.472434
8375,0.472434
8376,0.474398
8377,0.474398
8378,0.473846
8379,0.474398
8380,0.472434
8381,0.472434
8382,0.472434
8383,0.472434
8384,0.472434
8385,0.472434
8386,0.472434
8387,0.472434
8388,0.474128
8389,0.474128
8390,0.474128
8391,0.474128
8392,0.472434
8393,0.472434
8394,0.474462
8395,0.474462
8396,0.474462
8397,0.472434
8398,0.472434
8399,0.474462
8400,0.474462
8401,0.474462
8402,0.470079
8403,0.466206
8404,0.466206
8405,0.474128
8406,0.474128
8407,0.474128
8408,0.474128
8409,0.474128
8410,0.034850
8411,0.474128
8412,0.472434
8413,0.474462
8414,0.474462
8415,0.472434
8416,0.474398
8417,0.473846
8418,0.473846
8419,0.474398
8420,0.474462
8421,0.474462
8422,0.474462
8423,0.474462
8424,0.474462
8425,0.474462
8426,0.474462
8427,0.474462
8428,0.474462
8429,0.474462
8430,0.474462
8431,0.474462
8432,0.474462
8433,0.474462
8434,0.474462
8435,0.471839
8436,0.471839
8437,0.469512
8438,0.468496
8439,0.469512
8440,0.469512
8441,0.471839
8442,0.474462
8443,0.474462
8444,0.474462
8445,0.474462
8446,0.474462
8447,0.474462
8448,0.474128
8449,0.474128
8450,0.474128
8451,0.474128
8452,0.476917
8453,0.464228
8454,0.476190
8455,0.473846
8456,0.473846
8457,0.473846
8458,0.473846
8459,0.473846
8460,0.473846
8461,0.473846
8462,0.476190
8463,0.474462
8464,0.471839
8465,0.468496
8466,0.468496
8467,0.466479
8468,0.474128
8469,0.466479
8470,0.466479
8471,0.466479
8472,0.456155
8473,0.456155
8474,0.474462
8475,0.474462
8476,0.474462
8477,0.474462
8478,0.472211
8479,0.472211
8480,0.472211
8481,0.474462
8482,0.474462
8483,0.471839
8484,0.471839
8485,0.471839
8486,0.471839
8487,0.476190
8488,0.473846
8489,0.473846
8490,0.474462
8491,0.474462
8492,0.474462
8493,0.474462
8494,0.474462
8495,0.474462
8496,0.474462
8497,0.474462
8498,0.471839
8499,0.468496
8500,0.468496
8501,0.468496
8502,0.468496
8503,0.468496
8504,0.474462
8505,0.474462
8506,0.474462
8507,0.474462
8508,0.474462
8509,0.474462
8510,0.474462
8511,0.474462
8512,0.474462
8513,0.474462
8514,0.474462
8515,0.472434
8516,0.473846
8517,0.473846
8518,0.472434
8519,0.474462
8520,0.472434
8521,0.472434
8522,0.473846
8523,0.472434
8524,0.474462
8525,0.474462
8526,0.474462
8527,0.474462
8528,0.472434
8529,0.474128
8530,0.474128
8531,0.474128
8532,0.472434
8533,0.474462
8534,0.474462
8535,0.474462
8536,0.474462
8537,0.472434
8538,0.473515
8539,0.466479
8540,0.466479
8541,0.466479
8542,0.474462
8543,0.474462
8544,0.474128
8545,0.476190
8546,0.473846
8547,0.474462
8548,0.474462
8549,0.474462
8550,0.474462
8551,0.474462
8552,0.473846
8553,0.467692
8554,0.473846
8555,0.474462
8556,0.474462
8557,0.474462
8558,0.474462
8559,0.474462
8560,0.474398
8561,0.472434
8562,0.474462
8563,0.474462
8564,0.474462
8565,0.474462
8566,0.474462
8567,0.474462
8568,0.474462
8569,0.474462
8570,0.474462
8571,0.474462
8572,0.474462
8573,0.474462
8574,0.474462
8575,0.474462
8576,0.474462
8577,0.474128
8578,0.474128
8579,0.474128
8580,0.474398
8581,0.474462
8582,0.474462
8583,0.474462
8584,0.474462
8585,0.474462
8586,0.474462
8587,0.474462
8588,0.474462
8589,0.474462
8590,0.474398
8591,0.474462
8592,0.474398
8593,0.474462
8594,0.474462
8595,0.474462
8596,0.474462
8597,0.474462
8598,0.474462
8599,0.474462
8600,0.473846
8601,0.467692
8602,0.466479
8603,0.466479
8604,0.466479
8605,0.466479
8606,0.474398
8607,0.474398
8608,0.474398
8609,0.472434
8610,0.474462
8611,0.474462
8612,0.474462
8613,0.472434
8614,0.472434
8615,0.472434
8616,0.472434
8617,0.472434
8618,0.474462
8619,0.474462
8620,0.474462
8621,0.474462
8622,0.474462
8623,0.474462
8624,0.472434
8625,0.474462
8626,0.474462
8627,0.474462
8628,0.474462
8629,0.468859
8630,0.466479
8631,0.474318
8632,0.474462
8633,0.474462
8634,0.474462
8635,0.474462
8636,0.474462
8637,0.472434
8638,0.474398
8639,0.472434
8640,0.474462
8641,0.474462
8642,0.468496
8643,0.468496
8644,0.468496
8645,0.466479
8646,0.460859
8647,0.460859
8648,0.466479
8649,0.474462
8650,0.448574
8651,0.448574
8652,0.469512
8653,0.466479
8654,0.460674
8655,0.460674
8656,0.466479
8657,0.468496
8658,0.469512
8659,0.472211
8660,0.472211
8661,0.479346
8662,0.473049
8663,0.474128
8664,0.474128
8665,0.474128
8666,0.476917
8667,0.473994
8668,0.473994
8669,0.476917
8670,0.476917
8671,0.477108
8672,0.473092
8673,0.473092
8674,0.473092
8675,0.477905
8676,0.477108
8677,0.477108
8678,0.477108
8679,0.474128
8680,0.474128
8681,0.474128
8682,0.474128
8683,0.474128
8684,0.474128
8685,0.474128
8686,0.448574
8687,0.448574
8688,0.479346
8689,0.476190
8690,0.476190
8691,0.476190
8692,0.474462
8693,0.474462
8694,0.474462
8695,0.474462
8696,0.474462
8697,0.474398
8698,0.474398
8699,0.474398
8700,0.474398
8701,0.474462
8702,0.468859
8703,0.448574
8704,0.448574
8705,0.474462
8706,0.474462
8707,0.474462
8708,0.474462
8709,0.466479
8710,0.474462
8711,0.474462
8712,0.474462
8713,0.479346
8714,0.479346
8715,0.474462
8716,0.474462
8717,0.474462
8718,0.474462
8719,0.474462
8720,0.477905
8721,0.474398
8722,0.474398
8723,0.477905
8724,0.466479
8725,0.466479
8726,0.479346
8727,0.474128
8728,0.479346
8729,0.479346
8730,0.479346
8731,0.474462
8732,0.474462
8733,0.474398
8734,0.474318
8735,0.474318
8736,0.474318
8737,0.477905
8738,0.474462
8739,0.474462
8740,0.477905
8741,0.473092
8742,0.475369
8743,0.474398
8744,0.474398
8745,0.474462
8746,0.474462
8747,0.479346
8748,0.474128
8749,0.474128
8750,0.473846
8751,0.474398
8752,0.474462
8753,0.474462
8754,0.474462
8755,0.474462
8756,0.474398
8757,0.474398
8758,0.474462
8759,0.474462
8760,0.474462
8761,0.474462
8762,0.474462
8763,0.474462
8764,0.474462
8765,0.474128
8766,0.464102
8767,0.474128
8768,0.474128
8769,0.474462
8770,0.474462
8771,0.474462
8772,0.474462
8773,0.474462
8774,0.479346
8775,0.479346
8776,0.474128
8777,0.474128
8778,0.479346
8779,0.479346
8780,0.474398
8781,0.474398
8782,0.476190
8783,0.474398
8784,0.474398
8785,0.474462
8786,0.474462
8787,0.474398
8788,0.474398
8789,0.476190
8790,0.476190
8791,0.474398
8792,0.479346
8793,0.474462
8794,0.479346
8795,0.479346
8796,0.476190
8797,0.476190
8798,0.474398
8799,0.479346
8800,0.479346
8801,0.479346
8802,0.479346
8803,0.474398
8804,0.474398
8805,0.476190
8806,0.476190
8807,0.474398
8808,0.474398
8809,0.474462
8810,0.474462
8811,0.474398
8812,0.476190
8813,0.476190
8814,0.474398
8815,0.474462
8816,0.474398
8817,0.474398
8818,0.474398
8819,0.473846
8820,0.474398
8821,0.474398
8822,0.474462
8823,0.474462
8824,0.474462
8825,0.474462
8826,0.474462
8827,0.474398
8828,0.474398
8829,0.474398
8830,0.474398
8831,0.474398
8832,0.474398
8833,0.474398
8834,0.474398
8835,0.474462
8836,0.474398
8837,0.474398
8838,0.474398
8839,0.474398
8840,0.474398
8841,0.474398
8842,0.474398
8843,0.466479
8844,0.460859
8845,0.466479
8846,0.479346
8847,0.474398
8848,0.474398
8849,0.474398
8850,0.474398
8851,0.474398
8852,0.474398
8853,0.474398
8854,0.474398
8855,0.474128
8856,0.474128
8857,0.474128
8858,0.474128
8859,0.474318
8860,0.474318
8861,0.479346
8862,0.474398
8863,0.474398
8864,0.474398
8865,0.474398
8866,0.473846
8867,0.473846
8868,0.473846
8869,0.473846
8870,0.477108
8871,0.473092
8872,0.474128
8873,0.474128
8874,0.474128
8875,0.474128
8876,0.474398
8877,0.474398
8878,0.474398
8879,0.474398
8880,0.474398
8881,0.474398
8882,0.474398
8883,0.474398
8884,0.474398
8885,0.466479
8886,0.466479
8887,0.466479
8888,0.466479
8889,0.479346
8890,0.474398
8891,0.474398
8892,0.474398
8893,0.474462
8894,0.474462
8895,0.474398
8896,0.477108
8897,0.473092
8898,0.466479
8899,0.474128
8900,0.479346
8901,0.479346
8902,0.479346
8903,0.474398
8904,0.474398
8905,0.474398
8906,0.474398
8907,0.474398
8908,0.474398
8909,0.479346
8910,0.479346
8911,0.474128
8912,0.474128
8913,0.474128
8914,0.476497
8915,0.479346
8916,0.474398
8917,0.474398
8918,0.474398
8919,0.474398
8920,0.473846
8921,0.473846
8922,0.476190
8923,0.476917
8924,0.474128
8925,0.474128
8926,0.479346
8927,0.474398
8928,0.474398
8929,0.473846
8930,0.473846
8931,0.473846
8932,0.474398
8933,0.474398
8934,0.474398
8935,0.474398
8936,0.474128
8937,0.476190
8938,0.474128
8939,0.479346
8940,0.479346
8941,0.479346
8942,0.474398
8943,0.474398
8944,0.473846
8945,0.474398
8946,0.474398
8947,0.474398
8948,0.474398
8949,0.474398
8950,0.473092
8951,0.473092
8952,0.474398
8953,0.474398
8954,0.474398
8955,0.474398
8956,0.474398
8957,0.474398
8958,0.474398
8959,0.474398
8960,0.474398
8961,0.474398
8962,0.474398
8963,0.474398
8964,0.474398
8965,0.474398
8966,0.473092
8967,0.474398
8968,0.474398
8969,0.479346
8970,0.464526
8971,0.474398
8972,0.474398
8973,0.474398
8974,0.474398
8975,0.474398
8976,0.474398
8977,0.473846
8978,0.473846
8979,0.473846
8980,0.473092
8981,0.466479
8982,0.466479
8983,0.474128
8984,0.474128
8985,0.474128
8986,0.474398
8987,0.474398
8988,0.474398
8989,0.474398
8990,0.474398
8991,0.473092
8992,0.460674
8993,0.460674
8994,0.460674
8995,0.474398
8996,0.474398
8997,0.474398
8998,0.474398
8999,0.479346
9000,0.474128
9001,0.474128
9002,0.474128
9003,0.474128
9004,0.473092
9005,0.473092
9006,0.475080
9007,0.474398
9008,0.473846
9009,0.473846
9010,0.473846
9011,0.473846
9012,0.474398
9013,0.474398
9014,0.479346
9015,0.474128
9016,0.474128
9017,0.474128
9018,0.474128
9019,0.479346
9020,0.474398
9021,0.474398
9022,0.474398
9023,0.476190
9024,0.476190
9025,0.474128
9026,0.474128
9027,0.474128
9028,0.474128
9029,0.476917
9030,0.473846
9031,0.473846
9032,0.473846
9033,0.473846
9034,0.474398
9035,0.474398
9036,0.474398
9037,0.474398
9038,0.474398
9039,0.474398
9040,0.473846
9041,0.474128
9042,0.474128
9043,0.474398
9044,0.474398
9045,0.474398
9046,0.474398
9047,0.474398
9048,0.474398
9049,0.474398
9050,0.474398
9051,0.474398
9052,0.474398
9053,0.474398
9054,0.474398
9055,0.474398
9056,0.474398
9057,0.474398
9058,0.474398
9059,0.474398
9060,0.474398
9061,0.474398
9062,0.474398
9063,0.474398
9064,0.474398
9065,0.474398
9066,0.474398
9067,0.474398
9068,0.473846
9069,0.476190
9070,0.474398
9071,0.474398
9072,0.474398
9073,0.474398
9074,0.474398
9075,0.473846
9076,0.473846
9077,0.473846
9078,0.473846
9079,0.474398
9080,0.474398
9081,0.474398
9082,0.474398
9083,0.473846
9084,0.476917
9085,0.476917
9086,0.474398
9087,0.474398
9088,0.474398
9089,0.474398
9090,0.474398
9091,0.474398
9092,0.474398
9093,0.474398
9094,0.474398
9095,0.474398
9096,0.474398
9097,0.474398
9098,0.474398
9099,0.474398
9100,0.474398
9101,0.474398
9102,0.474398
9103,0.474398
9104,0.474398
9105,0.474398
9106,0.474398
9107,0.474398
9108,0.474398
9109,0.474398
9110,0.474128
9111,0.474128
9112,0.474128
9113,0.474128
9114,0.474128
9115,0.474398
9116,0.474398
9117,0.474398
9118,0.474398
9119,0.474398
9120,0.474398
9121,0.473092
9122,0.473092
9123,0.460674
9124,0.474128
9125,0.479346
9126,0.475080
9127,0.475080
9128,0.474398
9129,0.474398
9130,0.474398
9131,0.474398
9132,0.474398
9133,0.474398
9134,0.473092
9135,0.473092
9136,0.474128
9137,0.474128
9138,0.474398
9139,0.474398
9140,0.479346
9141,0.474398
9142,0.474398
9143,0.474398
9144,0.474398
9145,0.474398
9146,0.474398
9147,0.474398
9148,0.474398
9149,0.474398
9150,0.474398
9151,0.474398
9152,0.474398
9153,0.474398
9154,0.474398
9155,0.474398
9156,0.474398
9157,0.474398
9158,0.473846
9159,0.473846
9160,0.473846
9161,0.474398
9162,0.474398
9163,0.474398
9164,0.474398
9165,0.473846
9166,0.474398
9167,0.474398
9168,0.474398
9169,0.474398
9170,0.474398
9171,0.474398
9172,0.474398
9173,0.474398
9174,0.474398
9175,0.474398
9176,0.474398
9177,0.473846
9178,0.473846
9179,0.474398
9180,0.474398
9181,0.474398
9182,0.474398
9183,0.474398
9184,0.474398
9185,0.473846
9186,0.473846
9187,0.474398
9188,0.474398
9189,0.466479
9190,0.474128
9191,0.474128
9192,0.476190
9193,0.474398
9194,0.474398
9195,0.474398
9196,0.474398
9197,0.474398
9198,0.474398
9199,0.474398
9200,0.474398
9201,0.479346
9202,0.475080
9203,0.475080
9204,0.479346
9205,0.476917
9206,0.473092
9207,0.475080
9208,0.475080
9209,0.479346
9210,0.474398
9211,0.474398
9212,0.474398
9213,0.473846
9214,0.473846
9215,0.474398
9216,0.474398
9217,0.474398
9218,0.476917
9219,0.473092
9220,0.473092
9221,0.473092
9222,0.474128
9223,0.474128
9224,0.475080
9225,0.479346
9226,0.474398
9227,0.474398
9228,0.474398
9229,0.474398
9230,0.474398
9231,0.479346
9232,0.479346
9233,0.479346
9234,0.474398
9235,0.476190
9236,0.476190
9237,0.474398
9238,0.474398
9239,0.474398
9240,0.474398
9241,0.474398
9242,0.474398
9243,0.473846
9244,0.473846
9245,0.473846
9246,0.474398
9247,0.479346
9248,0.474128
9249,0.474128
9250,0.474128
9251,0.474128
9252,0.474318
9253,0.474398
9254,0.466479
9255,0.474398
9256,0.474398
9257,0.474398
9258,0.474128
9259,0.474128
9260,0.474398
9261,0.479346
9262,0.475080
9263,0.475080
9264,0.475080
9265,0.476917
9266,0.474398
9267,0.474398
9268,0.474398
9269,0.474398
9270,0.474398
9271,0.476190
9272,0.476190
9273,0.474398
9274,0.474398
9275,0.474398
9276,0.479346
9277,0.474128
9278,0.474128
9279,0.474128
9280,0.474128
9281,0.474128
9282,0.474398
9283,0.474398
9284,0.474398
9285,0.474398
9286,0.474398
9287,0.474398
9288,0.473092
9289,0.473092
9290,0.479346
9291,0.474318
9292,0.474128
9293,0.474128
9294,0.476190
9295,0.473846
9296,0.473846
9297,0.474398
9298,0.474398
9299,0.474398
9300,0.474398
9301,0.474398
9302,0.473092
9303,0.473092
9304,0.474398
9305,0.474398
9306,0.474128
9307,0.474128
9308,0.474128
9309,0.474128
9310,0.474398
9311,0.474398
9312,0.474398
9313,0.474398
9314,0.474398
9315,0.474398
9316,0.474398
9317,0.474398
9318,0.466479
9319,0.466479
9320,0.474398
9321,0.474398
9322,0.474398
9323,0.474398
9324,0.474398
9325,0.474398
9326,0.474398
9327,0.474398
9328,0.473846
9329,0.473846
9330,0.473846
9331,0.474398
9332,0.474398
9333,0.474398
9334,0.474398
9335,0.474398
9336,0.476190
9337,0.476917
9338,0.474398
9339,0.475080
9340,0.474128
9341,0.474128
9342,0.474398
9343,0.474398
9344,0.473846
9345,0.473846
9346,0.474398
9347,0.474398
9348,0.474398
9349,0.474398
9350,0.474398
9351,0.473846
9352,0.473846
9353,0.473846
9354,0.473846
9355,0.473846
9356,0.474128
9357,0.474398
9358,0.474398
9359,0.474398
9360,0.474398
9361,0.474398
9362,0.474398
9363,0.474398
9364,0.474398
9365,0.474398
9366,0.474398
9367,0.474398
9368,0.474398
9369,0.474398
9370,0.474128
9371,0.474128
9372,0.474398
9373,0.466479
9374,0.474398
9375,0.474398
9376,0.474398
9377,0.474398
9378,0.474398
9379,0.474398
9380,0.474398
9381,0.474398
9382,0.474398
9383,0.474398
9384,0.479346
9385,0.463812
9386,0.474128
9387,0.474128
9388,0.475080
9389,0.474398
9390,0.466479
9391,0.466479
9392,0.466479
9393,0.475080
9394,0.474398
9395,0.474398
9396,0.479346
9397,0.475080
9398,0.474128
9399,0.476917
9400,0.476917
9401,0.476917
9402,0.476190
9403,0.473846
9404,0.473846
9405,0.473846
9406,0.476190
9407,0.476190
9408,0.476190
9409,0.474398
9410,0.477905
9411,0.477108
9412,0.476190
9413,0.476190
9414,0.474398
9415,0.474398
9416,0.474398
9417,0.473846
9418,0.473846
9419,0.473846
9420,0.473846
9421,0.473846
9422,0.473846
9423,0.473846
9424,0.474398
9425,0.474398
9426,0.474398
9427,0.473846
9428,0.473846
9429,0.473846
9430,0.474398
9431,0.474398
9432,0.474398
9433,0.475080
9434,0.474128
9435,0.474128
9436,0.464865
9437,0.474398
9438,0.474398
9439,0.474398
9440,0.474398
9441,0.474398
9442,0.467153
9443,0.474398
9444,0.474398
9445,0.474398
9446,0.475080
9447,0.475080
9448,0.479346
9449,0.474128
9450,0.474128
9451,0.479346
9452,0.475080
9453,0.475080
9454,0.477905
9455,0.474318
9456,0.474398
9457,0.474398
9458,0.474398
9459,0.479346
9460,0.475080
9461,0.475080
9462,0.476917
9463,0.476917
9464,0.476917
9465,0.476917
9466,0.476190
9467,0.474398
9468,0.474398
9469,0.474398
9470,0.474398
9471,0.474398
9472,0.474398
9473,0.479346
9474,0.474318
9475,0.474128
9476,0.474318
9477,0.467153
9478,0.467153
9479,0.473846
9480,0.474398
9481,0.474398
9482,0.474398
9483,0.474398
9484,0.473846
9485,0.473846
9486,0.473846
9487,0.474128
9488,0.474128
9489,0.474398
9490,0.474398
9491,0.474398
9492,0.474398
9493,0.474398
9494,0.474398
9495,0.474398
9496,0.474398
9497,0.474398
9498,0.474398
9499,0.474398
9500,0.474398
9501,0.474398
9502,0.474398
9503,0.474398
9504,0.474398
9505,0.474398
9506,0.474398
9507,0.474398
9508,0.474398
9509,0.474398
9510,0.474398
9511,0.474398
9512,0.474398
9513,0.474398
9514,0.474398
9515,0.474398
9516,0.474398
9517,0.474398
9518,0.474398
9519,0.474398
9520,0.474398
9521,0.474398
9522,0.474398
9523,0.474398
9524,0.479346
9525,0.474398
9526,0.474398
9527,0.477108
9528,0.476497
9529,0.476497
9530,0.476497
9531,0.474398
9532,0.473310
9533,0.476497
9534,0.476497
9535,0.473846
9536,0.473846
9537,0.476190
9538,0.474398
9539,0.474398
9540,0.474398
9541,0.476190
9542,0.473846
9543,0.473846
9544,0.473846
9545,0.473846
9546,0.474398
9547,0.474398
9548,0.474398
9549,0.474398
9550,0.474398
9551,0.473846
9552,0.474398
9553,0.474398
9554,0.474398
9555,0.474398
9556,0.474398
9557,0.474398
9558,0.474398
9559,0.474398
9560,0.474398
9561,0.474398
9562,0.474398
9563,0.474128
9564,0.474128
9565,0.464865
9566,0.464865
9567,0.474398
9568,0.474398
9569,0.466479
9570,0.474398
9571,0.474398
9572,0.474398
9573,0.474398
9574,0.474398
9575,0.474398
9576,0.479346
9577,0.479346
9578,0.479346
9579,0.476917
9580,0.476917
9581,0.474128
9582,0.474128
9583,0.474128
9584,0.479346
9585,0.479346
9586,0.476497
9587,0.476497
9588,0.476497
9589,0.476497
9590,0.476497
9591,0.476497
9592,0.476917
9593,0.474128
9594,0.476917
9595,0.474128
9596,0.474128
9597,0.476917
9598,0.476190
9599,0.473846
9600,0.474398
9601,0.474398
9602,0.473846
9603,0.473846
9604,0.467153
9605,0.473846
9606,0.473846
9607,0.474398
9608,0.474128
9609,0.474128
9610,0.474128
9611,0.474128
9612,0.474128
9613,0.474398
9614,0.474398
9615,0.474398
9616,0.474398
9617,0.474398
9618,0.464020
9619,0.460859
9620,0.466479
9621,0.466479
9622,0.474398
9623,0.474398
9624,0.474398
9625,0.474398
9626,0.474398
9627,0.474398
9628,0.474398
9629,0.474398
9630,0.474398
9631,0.474398
9632,0.474398
9633,0.474398
9634,0.474398
9635,0.474398
9636,0.475080
9637,0.474128
9638,0.474128
9639,0.448574
9640,0.448574
9641,0.466479
9642,0.474318
9643,0.474318
9644,0.474398
9645,0.474398
9646,0.479346
9647,0.479346
9648,0.479346
9649,0.476917
9650,0.473092
9651,0.474128
9652,0.479346
9653,0.479346
9654,0.474398
9655,0.473846
9656,0.467153
9657,0.473846
9658,0.473846
9659,0.474398
9660,0.473846
9661,0.473846
9662,0.473846
9663,0.474398
9664,0.474398
9665,0.474128
9666,0.474128
9667,0.474128
9668,0.474128
9669,0.474128
9670,0.474128
9671,0.474398
9672,0.474398
9673,0.474398
9674,0.474398
9675,0.474398
9676,0.474128
9677,0.474128
9678,0.474128
9679,0.474128
9680,0.479346
9681,0.474398
9682,0.474398
9683,0.474398
9684,0.474398
9685,0.474398
9686,0.474398
9687,0.474398
9688,0.474398
9689,0.474398
9690,0.479346
9691,0.479346
9692,0.474128
9693,0.474128
9694,0.474128
9695,0.474128
9696,0.479346
9697,0.479346
9698,0.474398
9699,0.474398
9700,0.474398
9701,0.476190
9702,0.476917
9703,0.479346
9704,0.479346
9705,0.474398
9706,0.476917
9707,0.476917
9708,0.476917
9709,0.476190
9710,0.473846
9711,0.473846
9712,0.473846
9713,0.473846
9714,0.473846
9715,0.473846
9716,0.473846
9717,0.474128
9718,0.473846
9719,0.474398
9720,0.474398
9721,0.474398
9722,0.473846
9723,0.473846
9724,0.473846
9725,0.474398
9726,0.474398
9727,0.474398
9728,0.474398
9729,0.474398
9730,0.474398
9731,0.474398
9732,0.474398
9733,0.474398
9734,0.474398
9735,0.474398
9736,0.474398
9737,0.474398
9738,0.474398
9739,0.474398
9740,0.474398
9741,0.474398
9742,0.474398
9743,0.474398
9744,0.474398
9745,0.474398
9746,0.474398
9747,0.474398
9748,0.474398
9749,0.474398
9750,0.474398
9751,0.474398
9752,0.474398
9753,0.474398
9754,0.479346
9755,0.479346
9756,0.474318
9757,0.474318
9758,0.474318
9759,0.473092
9760,0.473092
9761,0.473092
9762,0.474398
9763,0.474398
9764,0.474398
9765,0.474398
9766,0.474398
9767,0.473846
9768,0.473846
9769,0.474318
9770,0.474318
9771,0.474318
9772,0.474318
9773,0.474318
9774,0.473846
9775,0.473846
9776,0.474398
9777,0.474398
9778,0.474398
9779,0.474398
9780,0.474398
9781,0.473846
9782,0.473846
9783,0.473846
9784,0.474398
9785,0.474398
9786,0.474398
9787,0.474398
9788,0.473846
9789,0.473846
9790,0.474398
9791,0.474398
9792,0.474398
9793,0.474398
9794,0.474398
9795,0.474398
9796,0.474398
9797,0.474398
9798,0.474398
9799,0.474398
9800,0.466479
9801,0.466479
9802,0.466479
9803,0.460674
9804,0.460674
9805,0.460674
9806,0.475080
9807,0.479346
9808,0.479346
9809,0.474398
9810,0.474398
9811,0.474398
9812,0.474398
9813,0.474398
9814,0.479346
9815,0.475080
9816,0.475080
9817,0.474128
9818,0.474128
9819,0.474128
9820,0.474128
9821,0.474128
9822,0.473092
9823,0.473092
9824,0.466479
9825,0.466479
9826,0.466479
9827,0.466479
9828,0.473092
9829,0.473092
9830,0.473092
9831,0.474128
9832,0.474128
9833,0.474128
9834,0.474128
9835,0.476917
9836,0.479346
9837,0.474398
9838,0.474398
9839,0.474398
9840,0.476497
9841,0.467153
9842,0.467153
9843,0.476190
9844,0.476190
9845,0.474398
9846,0.474398
9847,0.474398
9848,0.474398
9849,0.474128
9850,0.473846
9851,0.473846
9852,0.473846
9853,0.474398
9854,0.474398
9855,0.473846
9856,0.473846
9857,0.473846
9858,0.473846
9859,0.474398
9860,0.474398
9861,0.474128
9862,0.474128
9863,0.474128
9864,0.474128
9865,0.474398
9866,0.474398
9867,0.474398
9868,0.474398
9869,0.474398
9870,0.474398
9871,0.474398
9872,0.474398
9873,0.474398
9874,0.474398
9875,0.474398
9876,0.474398
9877,0.474398
9878,0.475080
9879,0.479346
9880,0.474398
9881,0.474398
9882,0.474398
9883,0.474398
9884,0.474398
9885,0.474398
9886,0.474398
9887,0.474398
9888,0.474398
9889,0.474398
9890,0.479346
9891,0.479346
9892,0.475080
9893,0.475080
9894,0.479346
9895,0.474128
9896,0.479346
9897,0.479346
9898,0.474398
9899,0.474398
9900,0.474398
9901,0.474398
9902,0.473846
9903,0.473846
9904,0.473846
9905,0.473846
9906,0.474398
9907,0.474398
9908,0.474398
9909,0.474398
9910,0.474398
9911,0.474128
9912,0.474128
9913,0.474128
9914,0.474128
9915,0.474128
9916,0.474128
9917,0.474398
9918,0.474398
9919,0.474398
9920,0.474398
9921,0.474398
9922,0.474398
9923,0.474398
9924,0.474398
9925,0.474398
9926,0.474398
9927,0.474398
9928,0.474398
9929,0.474398
9930,0.474398
9931,0.474398
9932,0.474398
9933,0.474398
9934,0.474398
9935,0.474398
9936,0.474398
9937,0.474398
9938,0.474398
9939,0.474398
9940,0.474398
9941,0.474398
9942,0.474398
9943,0.474398
9944,0.479346
9945,0.474398
9946,0.474398
9947,0.474398
9948,0.474398
9949,0.474398
9950,0.474398
9951,0.474398
9952,0.474398
9953,0.474398
9954,0.474398
9955,0.474398
9956,0.474398
9957,0.474398
9958,0.474398
9959,0.474398
9960,0.474398
9961,0.474398
9962,0.474398
9963,0.474398
9964,0.474398
9965,0.474398
9966,0.474398
9967,0.474128
9968,0.474128
9969,0.473092
9970,0.473092
9971,0.473092
9972,0.473092
9973,0.473092
9974,0.466535
9975,0.474398
9976,0.473846
9977,0.474398
9978,0.474398
9979,0.474398
9980,0.474398
9981,0.474398
9982,0.473846
9983,0.474398
9984,0.474128
9985,0.474398
9986,0.474398
9987,0.474398
9988,0.474398
9989,0.474398
9990,0.474398
9991,0.474398
9992,0.474398
9993,0.474398
9994,0.474398
9995,0.474398
9996,0.474398
9997,0.474398
9998,0.479346
9999,0.479346
10000,0.474398
10001,0.474398
10002,0.474398
10003,0.474398
10004,0.474398
10005,0.474398
10006,0.474398
10007,0.474398
10008,0.479346
10009,0.479346
10010,0.479346
10011,0.473092
10012,0.473092
10013,0.466479
10014,0.475080
10015,0.475080
10016,0.474398
10017,0.474398
10018,0.474398
10019,0.474398
10020,0.474398
10021,0.479346
10022,0.474398
10023,0.474398
10024,0.476917
10025,0.476917
10026,0.476917
10027,0.476917
10028,0.476917
10029,0.476497
10030,0.474318
10031,0.474318
10032,0.474318
10033,0.473846
10034,0.473846
10035,0.473846
10036,0.473846
10037,0.474398
10038,0.474398
10039,0.474398
10040,0.474398
10041,0.473846
10042,0.473846
10043,0.473846
10044,0.474128
10045,0.474128
10046,0.474128
10047,0.474128
10048,0.474398
10049,0.474398
10050,0.474398
10051,0.474398
10052,0.474398
10053,0.474398
10054,0.474398
10055,0.474398
10056,0.474398
10057,0.474398
10058,0.474398
10059,0.474398
10060,0.474398
10061,0.474398
10062,0.474398
10063,0.468185
10064,0.474398
10065,0.474398
10066,0.474398
10067,0.474398
10068,0.474398
10069,0.474398
10070,0.474398
10071,0.474398
10072,0.479346
10073,0.475080
10074,0.466479
10075,0.475080
10076,0.475080
10077,0.474128
10078,0.474128
10079,0.475080
10080,0.475080
10081,0.475080
10082,0.479346
10083,0.474398
10084,0.474398
10085,0.479346
10086,0.479346
10087,0.474318
10088,0.474318
10089,0.474318
10090,0.476497
10091,0.473846
10092,0.473846
10093,0.473846
10094,0.474398
10095,0.474398
10096,0.474398
10097,0.474398
10098,0.476190
10099,0.476190
10100,0.476190
10101,0.473846
10102,0.473092
10103,0.473092
10104,0.474398
10105,0.474398
10106,0.474398
10107,0.474398
10108,0.474398
10109,0.474398
10110,0.474398
10111,0.474398
10112,0.474398
10113,0.474128
10114,0.474128
10115,0.474128
10116,0.474398
10117,0.474398
10118,0.474398
10119,0.474128
10120,0.474398
10121,0.466479
10122,0.466479
10123,0.474398
10124,0.474398
10125,0.474398
10126,0.474398
10127,0.474398
10128,0.474398
10129,0.474398
10130,0.474398
10131,0.474398
10132,0.479346
10133,0.475080
10134,0.475080
10135,0.479346
10136,0.474398
10137,0.479346
10138,0.479346
10139,0.479346
10140,0.474398
10141,0.474398
10142,0.474398
10143,0.474398
10144,0.474398
10145,0.474398
10146,0.479346
10147,0.474318
10148,0.474318
10149,0.474318
10150,0.474318
10151,0.476917
10152,0.474398
10153,0.474398
10154,0.474398
10155,0.474398
10156,0.473846
10157,0.473846
10158,0.474398
10159,0.474398
10160,0.474398
10161,0.474398
10162,0.474398
10163,0.473846
10164,0.473846
10165,0.474398
10166,0.474398
10167,0.474398
10168,0.474398
10169,0.474398
10170,0.474398
10171,0.474398
10172,0.473846
10173,0.473846
10174,0.474398
10175,0.474398
10176,0.474398
10177,0.474398
10178,0.474398
10179,0.474398
10180,0.473846
10181,0.474398
10182,0.474398
10183,0.474398
10184,0.474128
10185,0.474128
10186,0.474128
10187,0.474398
10188,0.474398
10189,0.474398
10190,0.474398
10191,0.474398
10192,0.474398
10193,0.474398
10194,0.474398
10195,0.474398
10196,0.474398
10197,0.479346
10198,0.475080
10199,0.475080
10200,0.474128
10201,0.474128
10202,0.474128
10203,0.475080
10204,0.479346
10205,0.479346
10206,0.479346
10207,0.479346
10208,0.479346
10209,0.475080
10210,0.475080
10211,0.475080
10212,0.475080
10213,0.475080
10214,0.475080
10215,0.475080
10216,0.475080
10217,0.476917
10218,0.479346
10219,0.479346
10220,0.479346
10221,0.479346
10222,0.476190
10223,0.476190
10224,0.473846
10225,0.473846
10226,0.473846
10227,0.474398
10228,0.474398
10229,0.474398
10230,0.473846
10231,0.473846
10232,0.476190
10233,0.476190
10234,0.479346
10235,0.479346
10236,0.474398
10237,0.474398
10238,0.473846
10239,0.473846
10240,0.473846
10241,0.474398
10242,0.474398
10243,0.474398
10244,0.474398
10245,0.473846
10246,0.473846
10247,0.473846
10248,0.473846
10249,0.474398
10250,0.474398
10251,0.474398
10252,0.474398
10253,0.474398
10254,0.474398
10255,0.474398
10256,0.474398
10257,0.474398
10258,0.474128
10259,0.474128
10260,0.474128
10261,0.474128
10262,0.474398
10263,0.474398
10264,0.474398
10265,0.474398
10266,0.474398
10267,0.474398
10268,0.474398
10269,0.474398
10270,0.474398
10271,0.474398
10272,0.474398
10273,0.479346
10274,0.479346
10275,0.475080
10276,0.475080
10277,0.474318
10278,0.474318
10279,0.474128
10280,0.474128
10281,0.475080
10282,0.475080
10283,0.479346
10284,0.474398
10285,0.474398
10286,0.474398
10287,0.474398
10288,0.474398
10289,0.479346
10290,0.474318
10291,0.466479
10292,0.466479
10293,0.474318
10294,0.474318
10295,0.474318
10296,0.479346
10297,0.479346
10298,0.479346
10299,0.479346
10300,0.474398
10301,0.476190
10302,0.479346
10303,0.479346
10304,0.476190
10305,0.476190
10306,0.474398
10307,0.474398
10308,0.473846
10309,0.473846
10310,0.473846
10311,0.473846
10312,0.473846
10313,0.473846
10314,0.474398
10315,0.473846
10316,0.473846
10317,0.474128
10318,0.474128
10319,0.474128
10320,0.474128
10321,0.474128
10322,0.474128
10323,0.474398
10324,0.474398
10325,0.474398
10326,0.474398
10327,0.474398
10328,0.474398
10329,0.474398
10330,0.474398
10331,0.474398
10332,0.474398
10333,0.474398
10334,0.474398
10335,0.474398
10336,0.474398
10337,0.474398
10338,0.474398
10339,0.474398
10340,0.474398
10341,0.474398
10342,0.474398
10343,0.474398
10344,0.474398
10345,0.474398
10346,0.479346
10347,0.479346
10348,0.479346
10349,0.479346
10350,0.479346
10351,0.475080
10352,0.475080
10353,0.474128
10354,0.474128
10355,0.475080
10356,0.479346
10357,0.474398
10358,0.474398
10359,0.474398
10360,0.474398
10361,0.474398
10362,0.474398
10363,0.474398
10364,0.474398
10365,0.474398
10366,0.474398
10367,0.473092
10368,0.474128
10369,0.474128
10370,0.474128
10371,0.474128
10372,0.474128
10373,0.474398
10374,0.474398
10375,0.474398
10376,0.474398
10377,0.474398
10378,0.473846
10379,0.474318
10380,0.474318
10381,0.474128
10382,0.474128
10383,0.474128
10384,0.473846
10385,0.473846
10386,0.473846
10387,0.474398
10388,0.474398
10389,0.474398
10390,0.474398
10391,0.474398
10392,0.474398
10393,0.474398
10394,0.474128
10395,0.474128
10396,0.474128
10397,0.474128
10398,0.474128
10399,0.474398
10400,0.474398
10401,0.474398
10402,0.474398
10403,0.474398
10404,0.474398
10405,0.474398
10406,0.474398
10407,0.474398
10408,0.474398
10409,0.474398
10410,0.474398
10411,0.474398
10412,0.474398
10413,0.474398
10414,0.474398
10415,0.474398
10416,0.474398
10417,0.474398
10418,0.474398
10419,0.474398
10420,0.474398
10421,0.474398
10422,0.474398
10423,0.474398
10424,0.473846
10425,0.474128
10426,0.474128
10427,0.474128
10428,0.474128
10429,0.474398
10430,0.474398
10431,0.474398
10432,0.474398
10433,0.474398
10434,0.474398
10435,0.474398
10436,0.474398
10437,0.474398
10438,0.474398
10439,0.474398
10440,0.474398
10441,0.474398
10442,0.474398
10443,0.474398
10444,0.474398
10445,0.474398
10446,0.474398
10447,0.474398
10448,0.474398
10449,0.474398
10450,0.474398
10451,0.474398
10452,0.474398
10453,0.474398
10454,0.474398
10455,0.474398
10456,0.474398
10457,0.474398
10458,0.474398
10459,0.474398
10460,0.474398
10461,0.474398
10462,0.474128
10463,0.474128
10464,0.474398
10465,0.474398
10466,0.474398
10467,0.474398
10468,0.474398
10469,0.474398
10470,0.474398
10471,0.474398
10472,0.474398
10473,0.474398
10474,0.474398
10475,0.479346
10476,0.475080
10477,0.475080
10478,0.474128
10479,0.474128
10480,0.474128
10481,0.479346
10482,0.479346
10483,0.474398
10484,0.474398
10485,0.474398
10486,0.474398
10487,0.474398
10488,0.474398
10489,0.474398
10490,0.474398
10491,0.479346
10492,0.474128
10493,0.474128
10494,0.473092
10495,0.466479
10496,0.466479
10497,0.466479
10498,0.474128
10499,0.474128
10500,0.474318
10501,0.474318
10502,0.474318
10503,0.474318
10504,0.474318
10505,0.479346
10506,0.474128
10507,0.473846
10508,0.473846
10509,0.473846
10510,0.474398
10511,0.474398
10512,0.479346
10513,0.474398
10514,0.474398
10515,0.474398
10516,0.473846
10517,0.473846
10518,0.474398
10519,0.474398
10520,0.474398
10521,0.474398
10522,0.474398
10523,0.474398
10524,0.474398
10525,0.474398
10526,0.474128
10527,0.474128
10528,0.474128
10529,0.474128
10530,0.474128
10531,0.474128
10532,0.474128
10533,0.474398
10534,0.474398
10535,0.474398
10536,0.474398
10537,0.474398
10538,0.474398
10539,0.474398
10540,0.474398
10541,0.474398
10542,0.474398
10543,0.474398
10544,0.474398
10545,0.474398
10546,0.474398
10547,0.474398
10548,0.474398
10549,0.474398
10550,0.474398
10551,0.474398
10552,0.474398
10553,0.474398
10554,0.474398
10555,0.474398
10556,0.474398
10557,0.474398
10558,0.474398
10559,0.474398
10560,0.474398
10561,0.474398
10562,0.474398
10563,0.474398
10564,0.474398
10565,0.474398
10566,0.474398
10567,0.474398
10568,0.474398
10569,0.479346
10570,0.474398
10571,0.474398
10572,0.479346
10573,0.474128
10574,0.474398
10575,0.474398
10576,0.474398
10577,0.474398
10578,0.474398
10579,0.474398
10580,0.474398
10581,0.474398
10582,0.474398
10583,0.474398
10584,0.474398
10585,0.474398
10586,0.474398
10587,0.474128
10588,0.474128
10589,0.474398
10590,0.474398
10591,0.474398
10592,0.474398
10593,0.474398
10594,0.474398
10595,0.474398
10596,0.474398
10597,0.474398
10598,0.479346
10599,0.474128
10600,0.474128
10601,0.474128
10602,0.479346
10603,0.479346
10604,0.479346
10605,0.474398
10606,0.474398
10607,0.474398
10608,0.474398
10609,0.474398
10610,0.474398
10611,0.474398
10612,0.474398
10613,0.474398
10614,0.474398
10615,0.474398
10616,0.474398
10617,0.474398
10618,0.474398
10619,0.474398
10620,0.479346
10621,0.479346
10622,0.474398
10623,0.474398
10624,0.474398
10625,0.474398
10626,0.474398
10627,0.474398
10628,0.474398
10629,0.474398
10630,0.474398
10631,0.474398
10632,0.474398
10633,0.474398
10634,0.474398
10635,0.474398
10636,0.473846
10637,0.473846
10638,0.474128
10639,0.474128
10640,0.474128
10641,0.474128
10642,0.473846
10643,0.473846
10644,0.474398
10645,0.474398
10646,0.474398
10647,0.474398
10648,0.474398
10649,0.474398
10650,0.474398
10651,0.474398
10652,0.474398
10653,0.479346
10654,0.475080
10655,0.474128
10656,0.479346
10657,0.474398
10658,0.474398
10659,0.474398
10660,0.474398
10661,0.474398
10662,0.474398
10663,0.474398
10664,0.474398
10665,0.474398
10666,0.475080
10667,0.475080
10668,0.474128
10669,0.479346
10670,0.479346
10671,0.474398
10672,0.474398
10673,0.474398
10674,0.474398
10675,0.474398
10676,0.474398
10677,0.473846
10678,0.473846
10679,0.474398
10680,0.474398
10681,0.474398
10682,0.474128
10683,0.474128
10684,0.474128
10685,0.474128
10686,0.474128
10687,0.474128
10688,0.474128
10689,0.479346
10690,0.474398
10691,0.474398
10692,0.474398
10693,0.479346
10694,0.474128
10695,0.474128
10696,0.474128
10697,0.476190
10698,0.474398
10699,0.474398
10700,0.474398
10701,0.474398
10702,0.474398
10703,0.474398
10704,0.473846
10705,0.473846
10706,0.474398
10707,0.474398
10708,0.479346
10709,0.479346
10710,0.474398
10711,0.474398
10712,0.474398
10713,0.474398
10714,0.474398
10715,0.474398
10716,0.474398
10717,0.474398
10718,0.474398
10719,0.474398
10720,0.474398
10721,0.474398
10722,0.474398
10723,0.479346
10724,0.474398
10725,0.474398
10726,0.474398
10727,0.474398
10728,0.474398
10729,0.474398
10730,0.474398
10731,0.474398
10732,0.474398
10733,0.474398
10734,0.474398
10735,0.474398
10736,0.474398
10737,0.474398
10738,0.473846
10739,0.474128
10740,0.474128
10741,0.474398
10742,0.474398
10743,0.474398
10744,0.474398
10745,0.474398
10746,0.474398
10747,0.474398
10748,0.474398
10749,0.474398
10750,0.474398
10751,0.474398
10752,0.474128
10753,0.474128
10754,0.474398
10755,0.474398
10756,0.474398
10757,0.474398
10758,0.474398
10759,0.474398
10760,0.474398
10761,0.474398
10762,0.474398
10763,0.474398
10764,0.474398
10765,0.479346
10766,0.479346
10767,0.479346
10768,0.474398
10769,0.474398
10770,0.474398
10771,0.474398
10772,0.474398
10773,0.474398
10774,0.474398
10775,0.474398
10776,0.474398
10777,0.474398
10778,0.474398
10779,0.474398
10780,0.474398
10781,0.474398
10782,0.474398
10783,0.474398
10784,0.474128
10785,0.474128
10786,0.479346
10787,0.474398
10788,0.474398
10789,0.474398
10790,0.474398
10791,0.474398
10792,0.474398
10793,0.474398
10794,0.474398
10795,0.474398
10796,0.474398
10797,0.474398
10798,0.479346
10799,0.479346
10800,0.474398
10801,0.474398
10802,0.474318
10803,0.474318
10804,0.474318
10805,0.474318
10806,0.474318
10807,0.474398
10808,0.474398
10809,0.474398
10810,0.474398
10811,0.474398
10812,0.474398
10813,0.474398
10814,0.474398
10815,0.474398
10816,0.474398
10817,0.474398
10818,0.474128
10819,0.474398
10820,0.474398
10821,0.474398
10822,0.474398
10823,0.474398
10824,0.474398
10825,0.474398
10826,0.474398
10827,0.474318
10828,0.474318
10829,0.474318
10830,0.474318
10831,0.474398
10832,0.474398
10833,0.474398
10834,0.474398
10835,0.474398
10836,0.474398
10837,0.474398
10838,0.474398
10839,0.474398
10840,0.474398
10841,0.479346
10842,0.479346
10843,0.474128
10844,0.474128
10845,0.474318
10846,0.466479
10847,0.466479
10848,0.474318
10849,0.474318
10850,0.474398
10851,0.474398
10852,0.479346
10853,0.479346
10854,0.479346
10855,0.474398
10856,0.474398
10857,0.479346
10858,0.479346
10859,0.474398
10860,0.474398
10861,0.474398
10862,0.474398
10863,0.474398
10864,0.474398
10865,0.474398
10866,0.474398
10867,0.474398
10868,0.474128
10869,0.474398
10870,0.474398
10871,0.473846
10872,0.474398
10873,0.474398
10874,0.474128
10875,0.474128
10876,0.474398
10877,0.474398
10878,0.474398
10879,0.474398
10880,0.474398
10881,0.474398
10882,0.474398
10883,0.474398
10884,0.474398
10885,0.474398
10886,0.474398
10887,0.474398
10888,0.474398
10889,0.474398
10890,0.474398
10891,0.474398
10892,0.474398
10893,0.474398
10894,0.474398
10895,0.474398
10896,0.474398
10897,0.474398
10898,0.474398
10899,0.474398
10900,0.474398
10901,0.474398
10902,0.474398
10903,0.474398
10904,0.474398
10905,0.479346
10906,0.474128
10907,0.474128
10908,0.474128
10909,0.474128
10910,0.479346
10911,0.474398
10912,0.474398
10913,0.474398
10914,0.474398
10915,0.474398
10916,0.474398
10917,0.479346
10918,0.475080
10919,0.474128
10920,0.474128
10921,0.479346
10922,0.474398
10923,0.474398
10924,0.474398
10925,0.474398
10926,0.474398
10927,0.474398
10928,0.474398
10929,0.474398
10930,0.474398
10931,0.474398
10932,0.474398
10933,0.473846
10934,0.474398
10935,0.474398
10936,0.474398
10937,0.474398
10938,0.474398
10939,0.474318
10940,0.474318
10941,0.474128
10942,0.474128
10943,0.474398
10944,0.479346
10945,0.474128
10946,0.474128
10947,0.474398
10948,0.474398
10949,0.474398
10950,0.474398
10951,0.474398
10952,0.474398
10953,0.474398
10954,0.474398
10955,0.474398
10956,0.474398
10957,0.474398
10958,0.474398
10959,0.474398
10960,0.474398
10961,0.474398
10962,0.474398
10963,0.474398
10964,0.474398
10965,0.479346
10966,0.474128
10967,0.474128
10968,0.474128
10969,0.474128
10970,0.479346
10971,0.479346
10972,0.474398
10973,0.474398
10974,0.474398
10975,0.474398
10976,0.474398
10977,0.477905
10978,0.473092
10979,0.477905
10980,0.477905
10981,0.474398
10982,0.474398
10983,0.474398
10984,0.474398
10985,0.474398
10986,0.474398
10987,0.474398
10988,0.474398
10989,0.474398
10990,0.474398
10991,0.474398
10992,0.474398
10993,0.474398
10994,0.474398
10995,0.474128
10996,0.474128
10997,0.474128
10998,0.474128
10999,0.474128
11000,0.473846
11001,0.474398
11002,0.474398
11003,0.474398
11004,0.474398
11005,0.474398
11006,0.473846
11007,0.474398
11008,0.474398
11009,0.474398
11010,0.479346
11011,0.479346
11012,0.479346
11013,0.474128
11014,0.474128
11015,0.474128
11016,0.466479
11017,0.466479
11018,0.466479
11019,0.466479
11020,0.474318
11021,0.474398
11022,0.474398
11023,0.474398
11024,0.474398
11025,0.474398
11026,0.474398
11027,0.479346
11028,0.479346
11029,0.479346
11030,0.479346
11031,0.474398
11032,0.474398
11033,0.474398
11034,0.474398
11035,0.474398
11036,0.474398
11037,0.474398
11038,0.474398
11039,0.474398
11040,0.474398
11041,0.474398
11042,0.474398
11043,0.474398
11044,0.474398
11045,0.474398
11046,0.474398
11047,0.474398
11048,0.474398
11049,0.474398
11050,0.474398
11051,0.474398
11052,0.474398
11053,0.474398
11054,0.474398
11055,0.474398
11056,0.474398
11057,0.474398
11058,0.474398
11059,0.474398
11060,0.474398
11061,0.474398
11062,0.474398
11063,0.474398
11064,0.474398
11065,0.474398
11066,0.474398
11067,0.474398
11068,0.474398
11069,0.474398
11070,0.479346
11071,0.474128
11072,0.474128
11073,0.475080
11074,0.474398
11075,0.474398
11076,0.474398
11077,0.474398
11078,0.474398
11079,0.474398
11080,0.474398
11081,0.474398
11082,0.474398
11083,0.474398
11084,0.474398
11085,0.474398
11086,0.479346
11087,0.475080
11088,0.474128
11089,0.474128
11090,0.474128
11091,0.474128
11092,0.479346
11093,0.479346
11094,0.479346
11095,0.474398
11096,0.474398
11097,0.474398
11098,0.474398
11099,0.473092
11100,0.473092
11101,0.473092
11102,0.473092
11103,0.466535
11104,0.474398
11105,0.474398
11106,0.474398
11107,0.474398
11108,0.474398
11109,0.474398
11110,0.474398
11111,0.474398
11112,0.474398
11113,0.474398
11114,0.474398
11115,0.474398
11116,0.474398
11117,0.473846
11118,0.473846
11119,0.474398
11120,0.474398
11121,0.474398
11122,0.474398
11123,0.474398
11124,0.474398
11125,0.474398
11126,0.474398
11127,0.474398
11128,0.474398
11129,0.474398
11130,0.474398
11131,0.474398
11132,0.474398
11133,0.474398
11134,0.474398
11135,0.474398
11136,0.474398
11137,0.474398
11138,0.479346
11139,0.474128
11140,0.474128
11141,0.474128
11142,0.479346
11143,0.474398
11144,0.474398
11145,0.474398
11146,0.474398
11147,0.474398
11148,0.474398
11149,0.474398
11150,0.474398
11151,0.474398
11152,0.479346
11153,0.475080
11154,0.474128
11155,0.474128
11156,0.474128
11157,0.479346
11158,0.479346
11159,0.479346
11160,0.479346
11161,0.474398
11162,0.479346
11163,0.479346
11164,0.474398
11165,0.474398
11166,0.479346
11167,0.473092
11168,0.473092
11169,0.473092
11170,0.474398
11171,0.474398
11172,0.474398
11173,0.474398
11174,0.474398
11175,0.474398
11176,0.474398
11177,0.474398
11178,0.474398
11179,0.474398
11180,0.474398
11181,0.474398
11182,0.474398
11183,0.474128
11184,0.474128
11185,0.474128
11186,0.466479
11187,0.466479
11188,0.466479
11189,0.466479
11190,0.473515
11191,0.477905
11192,0.477905
11193,0.479346
11194,0.466479
11195,0.460859
11196,0.474128
11197,0.479346
11198,0.479346
11199,0.474398
11200,0.474398
11201,0.474398
11202,0.474398
11203,0.474398
11204,0.474398
11205,0.474398
11206,0.477905
11207,0.475080
11208,0.473092
11209,0.474128
11210,0.474128
11211,0.473092
11212,0.473092
11213,0.474128
11214,0.474128
11215,0.475080
11216,0.479346
11217,0.479346
11218,0.479346
11219,0.479346
11220,0.479346
11221,0.474128
11222,0.474318
11223,0.474318
11224,0.474318
11225,0.474318
11226,0.474318
11227,0.474398
11228,0.474398
11229,0.474398
11230,0.474398
11231,0.473846
11232,0.473846
11233,0.473846
11234,0.473846
11235,0.474398
11236,0.474398
11237,0.474398
11238,0.474128
11239,0.474128
11240,0.474128
11241,0.474318
11242,0.474318
11243,0.474398
11244,0.474398
11245,0.474398
11246,0.473846
11247,0.473846
11248,0.473846
11249,0.474398
11250,0.474398
11251,0.474398
11252,0.474398
11253,0.474398
11254,0.474398
11255,0.474398
11256,0.474398
11257,0.474398
11258,0.479346
11259,0.474128
11260,0.474128
11261,0.474128
11262,0.474128
11263,0.475080
11264,0.479346
11265,0.474398
11266,0.474398
11267,0.474398
11268,0.474398
11269,0.474398
11270,0.479346
11271,0.475080
11272,0.475080
11273,0.474128
11274,0.473092
11275,0.474128
11276,0.476190
11277,0.479346
11278,0.474398
11279,0.474398
11280,0.474398
11281,0.474398
11282,0.473846
11283,0.473846
11284,0.474398
11285,0.474398
11286,0.474398
11287,0.474398
11288,0.473846
11289,0.473846
11290,0.474128
11291,0.473092
11292,0.473092
11293,0.473092
11294,0.473092
11295,0.473092
11296,0.473846
11297,0.473846
11298,0.473846
11299,0.473846
11300,0.474398
11301,0.474398
11302,0.474398
11303,0.474398
11304,0.474398
11305,0.474398
11306,0.474398
11307,0.473846
11308,0.473846
11309,0.473846
11310,0.474398
11311,0.474398
11312,0.474398
11313,0.474398
11314,0.474398
11315,0.474398
11316,0.474128
11317,0.466479
11318,0.466479
11319,0.474128
11320,0.474128
11321,0.474128
11322,0.474398
11323,0.474398
11324,0.474398
11325,0.474398
11326,0.474398
11327,0.474398
11328,0.474398
11329,0.474398
11330,0.479346
11331,0.479346
11332,0.479346
11333,0.475080
11334,0.474128
11335,0.475080
11336,0.475080
11337,0.479346
11338,0.474398
11339,0.474398
11340,0.474398
11341,0.474398
11342,0.474398
11343,0.474398
11344,0.474398
11345,0.479346
11346,0.479346
11347,0.474318
11348,0.474318
11349,0.476190
11350,0.473846
11351,0.477905
11352,0.477905
11353,0.477905
11354,0.473846
11355,0.473846
11356,0.473846
11357,0.473846
11358,0.473846
11359,0.473846
11360,0.473846
11361,0.474398
11362,0.474398
11363,0.474398
11364,0.473846
11365,0.473846
11366,0.473846
11367,0.474398
11368,0.474128
11369,0.474128
11370,0.474128
11371,0.474128
11372,0.474128
11373,0.474398
11374,0.474398
11375,0.474398
11376,0.474398
11377,0.474398
11378,0.474398
11379,0.474398
11380,0.474398
11381,0.474398
11382,0.474398
11383,0.474398
11384,0.474398
11385,0.474398
11386,0.474398
11387,0.474398
11388,0.474398
11389,0.474398
11390,0.479346
11391,0.475080
11392,0.475080
11393,0.474128
11394,0.475080
11395,0.475080
11396,0.479346
11397,0.474398
11398,0.474398
11399,0.474398
11400,0.474398
11401,0.479346
11402,0.475080
11403,0.473092
11404,0.474128
11405,0.474128
11406,0.474128
11407,0.479346
11408,0.474398
11409,0.474398
11410,0.474398
11411,0.474398
11412,0.474398
11413,0.474398
11414,0.474398
11415,0.473846
11416,0.474398
11417,0.474398
11418,0.473846
11419,0.473846
11420,0.473846
11421,0.473846
11422,0.473846
11423,0.473846
11424,0.473846
11425,0.474398
11426,0.473846
11427,0.473846
11428,0.473846
11429,0.473846
11430,0.473846
11431,0.474398
11432,0.474398
11433,0.474398
11434,0.474398
11435,0.473846
11436,0.473846
11437,0.473846
11438,0.474128
11439,0.466479
11440,0.466105
11441,0.474128
11442,0.474128
11443,0.474128
11444,0.474398
11445,0.474398
11446,0.474398
11447,0.474398
11448,0.474398
11449,0.474398
11450,0.479346
11451,0.475080
11452,0.475080
11453,0.460859
11454,0.460674
11455,0.460674
11456,0.474128
11457,0.479346
11458,0.479346
11459,0.474398
11460,0.474398
11461,0.474398
11462,0.479346
11463,0.479346
11464,0.479346
11465,0.475080
11466,0.475080
11467,0.475080
11468,0.475080
11469,0.474128
11470,0.474128
11471,0.474128
11472,0.474128
11473,0.474128
11474,0.474128
11475,0.479346
11476,0.479346
11477,0.474398
11478,0.476190
11479,0.476190
11480,0.474128
11481,0.474128
11482,0.474318
11483,0.474318
11484,0.473846
11485,0.473846
11486,0.473846
11487,0.473846
11488,0.474398
11489,0.473846
11490,0.473846
11491,0.473846
11492,0.473846
11493,0.473846
11494,0.473846
11495,0.474398
11496,0.474398
11497,0.473846
11498,0.473846
11499,0.473846
11500,0.473846
11501,0.474128
11502,0.474128
11503,0.474128
11504,0.474128
11505,0.474128
11506,0.473846
11507,0.473846
11508,0.473846
11509,0.474398
11510,0.474398
11511,0.474398
11512,0.474398
11513,0.473846
11514,0.473846
11515,0.474398
11516,0.474398
11517,0.474128
11518,0.456155
11519,0.456155
11520,0.456155
11521,0.460674
11522,0.460674
11523,0.474398
11524,0.466479
11525,0.466479
11526,0.474398
11527,0.474398
11528,0.474398
11529,0.474398
11530,0.479346
11531,0.479346
11532,0.479346
11533,0.479346
11534,0.479346
11535,0.479346
11536,0.479346
11537,0.477905
11538,0.477905
11539,0.477905
11540,0.479346
11541,0.479346
11542,0.479346
11543,0.479346
11544,0.479346
11545,0.479346
11546,0.479346
11547,0.474318
11548,0.476190
11549,0.476190
11550,0.476190
11551,0.474128
11552,0.474128
11553,0.473846
11554,0.473846
11555,0.473846
11556,0.473846
11557,0.473846
11558,0.473846
11559,0.473846
11560,0.473846
11561,0.473846
11562,0.473846
11563,0.473846
11564,0.473846
11565,0.474128
11566,0.474128
11567,0.474128
11568,0.474128
11569,0.474128
11570,0.474128
11571,0.474318
11572,0.474318
11573,0.474318
11574,0.474318
11575,0.474398
11576,0.474398
11577,0.474398
11578,0.474398
11579,0.474398
11580,0.474398
11581,0.474398
11582,0.474128
11583,0.474128
11584,0.474128
11585,0.474128
11586,0.474128
11587,0.474398
11588,0.474398
11589,0.474398
11590,0.474398
11591,0.474398
11592,0.474398
11593,0.474398
11594,0.474398
11595,0.474398
11596,0.474398
11597,0.474398
11598,0.479346
11599,0.474128
11600,0.474128
11601,0.474128
11602,0.474128
11603,0.479346
11604,0.474398
11605,0.474398
11606,0.474398
11607,0.474398
11608,0.474398
11609,0.474398
11610,0.474398
11611,0.479346
11612,0.479346
11613,0.475080
11614,0.474128
11615,0.474128
11616,0.474128
11617,0.473846
11618,0.474398
11619,0.474398
11620,0.474398
11621,0.474398
11622,0.474398
11623,0.474398
11624,0.473846
11625,0.473846
11626,0.474398
11627,0.474398
11628,0.474398
11629,0.474398
11630,0.474398
11631,0.474398
11632,0.474398
11633,0.474398
11634,0.474398
11635,0.473846
11636,0.473846
11637,0.474398
11638,0.474398
11639,0.474398
11640,0.474398
11641,0.474398
11642,0.474398
11643,0.474398
11644,0.473846
11645,0.473846
11646,0.474398
11647,0.474398
11648,0.474398
11649,0.474398
11650,0.474398
11651,0.474398
11652,0.474398
11653,0.474398
11654,0.474398
11655,0.474398
11656,0.474398
11657,0.474398
11658,0.474398
11659,0.474398
11660,0.474398
11661,0.474398
11662,0.474398
11663,0.474398
11664,0.474398
11665,0.474128
11666,0.474128
11667,0.474128
11668,0.479346
11669,0.479346
11670,0.479346
11671,0.479346
11672,0.479346
11673,0.479346
11674,0.479346
11675,0.474398
11676,0.474398
11677,0.474398
11678,0.474398
11679,0.474398
11680,0.479346
11681,0.479346
11682,0.474398
11683,0.479346
11684,0.479346
11685,0.479346
11686,0.479346
11687,0.479346
11688,0.475080
11689,0.479346
11690,0.479346
11691,0.479346
11692,0.474398
11693,0.474398
11694,0.474398
11695,0.474398
11696,0.474398
11697,0.473846
11698,0.473846
11699,0.473846
11700,0.473846
11701,0.474398
11702,0.474398
11703,0.473092
11704,0.473092
11705,0.473092
11706,0.473846
11707,0.473846
11708,0.473846
11709,0.474398
11710,0.474398
11711,0.474398
11712,0.474398
11713,0.473846
11714,0.473846
11715,0.473846
11716,0.473092
11717,0.466479
11718,0.466479
11719,0.466479
11720,0.474128
11721,0.474128
11722,0.474128
11723,0.473846
11724,0.474398
11725,0.474398
11726,0.474398
11727,0.474398
11728,0.474398
11729,0.474398
11730,0.474398
11731,0.474398
11732,0.466479
11733,0.466479
11734,0.466479
11735,0.479346
11736,0.479346
11737,0.474128
11738,0.474128
11739,0.460859
11740,0.460859
11741,0.475080
11742,0.475080
11743,0.479346
11744,0.474398
11745,0.474398
11746,0.474398
11747,0.474398
11748,0.474398
11749,0.474398
11750,0.474398
11751,0.474398
11752,0.474398
11753,0.474398
11754,0.474398
11755,0.474398
11756,0.474398
11757,0.474398
11758,0.474398
11759,0.474398
11760,0.474398
11761,0.474398
11762,0.479346
11763,0.479346
11764,0.479346
11765,0.479346
11766,0.474318
11767,0.474318
11768,0.474398
11769,0.474398
11770,0.474398
11771,0.474398
11772,0.474398
11773,0.474398
11774,0.474398
11775,0.474398
11776,0.473846
11777,0.473846
11778,0.474398
11779,0.474398
11780,0.474398
11781,0.474398
11782,0.473846
11783,0.473846
11784,0.473109
11785,0.473846
11786,0.474398
11787,0.474398
11788,0.474398
11789,0.474398
11790,0.474128
11791,0.474128
11792,0.474128
11793,0.474128
11794,0.474128
11795,0.474398
11796,0.474398
11797,0.474398
11798,0.474398
11799,0.474318
11800,0.474318
11801,0.474398
11802,0.474398
11803,0.474398
11804,0.474398
11805,0.474398
11806,0.474398
11807,0.474398
11808,0.474398
11809,0.474398
11810,0.474398
11811,0.474398
11812,0.479346
11813,0.475080
11814,0.475080
11815,0.479346
11816,0.474318
11817,0.474318
11818,0.474318
11819,0.474398
11820,0.474398
11821,0.474398
11822,0.474398
11823,0.474398
11824,0.474398
11825,0.474398
11826,0.479346
11827,0.479346
11828,0.475080
11829,0.474128
11830,0.474128
11831,0.479346
11832,0.474398
11833,0.474398
11834,0.474398
11835,0.474398
11836,0.474398
11837,0.473846
11838,0.473846
11839,0.474398
11840,0.474398
11841,0.474398
11842,0.474398
11843,0.474398
11844,0.473846
11845,0.473846
11846,0.474128
11847,0.474128
11848,0.474398
11849,0.474398
11850,0.474398
11851,0.474398
11852,0.473846
11853,0.473846
11854,0.473846
11855,0.473846
11856,0.474398
11857,0.474398
11858,0.474398
11859,0.474398
11860,0.474398
11861,0.474398
11862,0.474398
11863,0.474398
11864,0.474398
11865,0.474398
11866,0.474398
11867,0.474398
11868,0.474398
11869,0.474398
11870,0.474128
11871,0.474398
11872,0.474398
11873,0.474398
11874,0.474398
11875,0.474398
11876,0.474398
11877,0.474398
11878,0.474398
11879,0.474398
11880,0.474398
11881,0.474398
11882,0.474398
11883,0.474398
11884,0.474398
11885,0.474398
11886,0.474398
11887,0.474398
11888,0.474398
11889,0.474398
11890,0.474398
11891,0.479346
11892,0.479346
11893,0.479346
11894,0.479346
11895,0.479346
11896,0.479346
11897,0.479346
11898,0.479346
11899,0.479346
11900,0.474398
11901,0.474398
11902,0.474398
11903,0.474398
11904,0.474398
11905,0.474398
11906,0.474398
11907,0.474398
11908,0.474398
11909,0.479346
11910,0.479346
11911,0.475080
11912,0.479346
11913,0.479346
11914,0.475080
11915,0.474128
11916,0.479346
11917,0.474398
11918,0.474398
11919,0.474398
11920,0.474398
11921,0.474398
11922,0.474398
11923,0.473846
11924,0.473846
11925,0.474398
11926,0.474398
11927,0.474398
11928,0.474128
11929,0.474128
11930,0.474128
11931,0.474128
11932,0.474128
11933,0.473846
11934,0.474398
11935,0.474398
11936,0.474398
11937,0.474398
11938,0.474398
11939,0.474398
11940,0.474398
11941,0.474398
11942,0.474398
11943,0.474398
11944,0.474398
11945,0.474398
11946,0.474398
11947,0.474398
11948,0.474398
11949,0.474398
11950,0.474398
11951,0.474398
11952,0.474398
11953,0.474398
11954,0.474398
11955,0.474398
11956,0.474398
11957,0.474398
11958,0.474398
11959,0.474398
11960,0.474398
11961,0.474398
11962,0.474398
11963,0.479346
11964,0.479346
11965,0.475080
11966,0.475080
11967,0.475080
11968,0.475080
11969,0.479346
11970,0.479346
11971,0.474398
11972,0.474398
11973,0.479346
11974,0.479346
11975,0.479346
11976,0.479346
11977,0.479346
11978,0.479346
11979,0.479346
11980,0.479346
11981,0.475080
11982,0.475080
11983,0.477905
11984,0.473846
11985,0.473846
11986,0.474398
11987,0.474398
11988,0.474398
11989,0.474398
11990,0.474398
11991,0.473846
11992,0.473846
11993,0.473846
11994,0.473846
11995,0.473846
11996,0.473846
11997,0.474398
11998,0.474398
11999,0.473846
12000,0.474128
12001,0.474128
12002,0.474128
12003,0.474128
12004,0.474128
12005,0.474128
12006,0.466479
12007,0.466479
12008,0.466479
12009,0.474318
12010,0.474318
12011,0.473846
12012,0.474398
12013,0.474398
12014,0.474398
12015,0.474398
12016,0.474398
12017,0.474398
12018,0.474398
12019,0.474398
12020,0.474398
12021,0.474398
12022,0.474398
12023,0.474398
12024,0.474398
12025,0.474398
12026,0.474398
12027,0.474398
12028,0.474398
12029,0.475080
12030,0.474128
12031,0.474128
12032,0.474128
12033,0.474128
12034,0.474318
12035,0.479346
12036,0.479346
12037,0.479346
12038,0.474398
12039,0.474398
12040,0.474398
12041,0.479346
12042,0.474318
12043,0.474318
12044,0.475080
12045,0.475080
12046,0.475080
12047,0.479346
12048,0.473846
12049,0.473846
12050,0.474398
12051,0.474398
12052,0.474398
12053,0.474398
12054,0.474398
12055,0.473846
12056,0.473846
12057,0.473846
12058,0.473846
12059,0.473846
12060,0.473846
12061,0.473846
12062,0.473846
12063,0.473846
12064,0.474398
12065,0.473092
12066,0.466479
12067,0.474128
12068,0.474128
12069,0.473846
12070,0.473846
12071,0.474398
12072,0.474398
12073,0.474398
12074,0.474398
12075,0.473846
12076,0.473846
12077,0.473846
12078,0.474398
12079,0.474398
12080,0.474398
12081,0.474398
12082,0.474398
12083,0.474398
12084,0.474398
12085,0.474398
12086,0.474398
12087,0.474398
12088,0.474398
12089,0.474398
12090,0.474398
12091,0.474398
12092,0.474398
12093,0.474398
12094,0.474398
12095,0.474398
12096,0.474398
12097,0.474398
12098,0.479346
12099,0.479346
12100,0.474398
12101,0.474398
12102,0.479346
12103,0.479346
12104,0.479346
12105,0.474398
12106,0.474398
12107,0.474398
12108,0.474398
12109,0.474398
12110,0.474398
12111,0.474398
12112,0.474398
12113,0.474398
12114,0.474398
12115,0.474398
12116,0.474398
12117,0.474398
12118,0.474398
12119,0.479346
12120,0.479346
12121,0.475080
12122,0.474128
12123,0.474128
12124,0.474128
12125,0.479346
12126,0.474398
12127,0.474398
12128,0.473846
12129,0.474398
12130,0.474398
12131,0.474398
12132,0.474398
12133,0.474398
12134,0.473846
12135,0.473846
12136,0.473846
12137,0.474128
12138,0.474128
12139,0.474128
12140,0.474398
12141,0.474128
12142,0.473846
12143,0.473846
12144,0.473846
12145,0.473846
12146,0.474398
12147,0.474398
12148,0.474398
12149,0.474398
12150,0.474398
12151,0.474398
12152,0.474398
12153,0.474398
12154,0.474398
12155,0.474398
12156,0.474128
12157,0.474128
12158,0.474398
12159,0.474398
12160,0.474398
12161,0.474398
12162,0.474398
12163,0.474398
12164,0.474398
12165,0.474398
12166,0.474398
12167,0.474398
12168,0.474398
12169,0.474398
12170,0.474398
12171,0.474398
12172,0.474398
12173,0.474398
12174,0.474398
12175,0.474398
12176,0.479346
12177,0.479346
12178,0.479346
12179,0.479346
12180,0.474318
12181,0.474318
12182,0.479346
12183,0.479346
12184,0.479346
12185,0.479346
12186,0.474398
12187,0.474398
12188,0.474398
12189,0.474398
12190,0.474398
12191,0.474398
12192,0.479346
12193,0.479346
12194,0.479346
12195,0.479346
12196,0.474318
12197,0.474318
12198,0.474318
12199,0.479346
12200,0.479346
12201,0.479346
12202,0.474398
12203,0.473846
12204,0.473846
12205,0.473846
12206,0.473846
12207,0.474398
12208,0.474398
12209,0.474398
12210,0.474398
12211,0.473846
12212,0.473846
12213,0.473846
12214,0.473846
12215,0.474318
12216,0.474318
12217,0.474318
12218,0.474318
12219,0.473846
12220,0.473846
12221,0.473846
12222,0.474398
12223,0.474398
12224,0.474128
12225,0.474128
12226,0.474128
12227,0.474128
12228,0.474398
12229,0.474128
12230,0.474398
12231,0.474398
12232,0.474398
12233,0.474398
12234,0.474398
12235,0.474398
12236,0.474398
12237,0.474398
12238,0.474398
12239,0.474398
12240,0.474398
12241,0.474398
12242,0.474398
12243,0.479346
12244,0.475080
12245,0.474128
12246,0.474128
12247,0.479346
12248,0.479346
12249,0.479346
12250,0.479346
12251,0.475080
12252,0.475080
12253,0.475080
12254,0.477905
12255,0.477905
12256,0.477905
12257,0.477905
12258,0.474398
12259,0.479346
12260,0.479346
12261,0.474398
12262,0.474398
12263,0.474398
12264,0.474398
12265,0.479346
12266,0.479346
12267,0.479346
12268,0.474318
12269,0.474318
12270,0.474318
12271,0.473846
12272,0.473846
12273,0.474398
12274,0.474398
12275,0.474398
12276,0.474398
12277,0.474398
12278,0.473846
12279,0.473846
12280,0.473846
12281,0.474398
12282,0.474398
12283,0.474128
12284,0.474128
12285,0.474128
12286,0.474128
12287,0.473846
12288,0.473846
12289,0.474398
12290,0.474398
12291,0.474398
12292,0.474398
12293,0.474398
12294,0.474398
12295,0.474398
12296,0.474398
12297,0.474398
12298,0.474128
12299,0.474128
12300,0.474128
12301,0.474128
12302,0.474128
12303,0.474398
12304,0.474398
12305,0.474398
12306,0.474398
12307,0.474398
12308,0.474398
12309,0.474398
12310,0.474398
12311,0.474398
12312,0.474398
12313,0.479346
12314,0.475080
12315,0.474128
12316,0.474128
12317,0.474128
12318,0.474128
12319,0.474128
12320,0.474398
12321,0.474398
12322,0.474398
12323,0.479346
12324,0.479346
12325,0.474128
12326,0.474318
12327,0.474318
12328,0.474128
12329,0.474128
12330,0.474128
12331,0.474128
12332,0.474128
12333,0.473846
12334,0.479346
12335,0.474398
12336,0.479346
12337,0.479346
12338,0.479346
12339,0.474128
12340,0.474128
12341,0.474128
12342,0.474128
12343,0.474318
12344,0.473846
12345,0.477905
12346,0.477905
12347,0.477905
12348,0.474398
12349,0.474398
12350,0.473846
12351,0.473846
12352,0.473846
12353,0.473846
12354,0.474398
12355,0.474398
12356,0.474398
12357,0.474398
12358,0.474398
12359,0.474398
12360,0.474398
12361,0.474398
12362,0.474398
12363,0.474398
12364,0.474398
12365,0.474398
12366,0.473846
12367,0.473846
12368,0.473846
12369,0.474398
12370,0.474398
12371,0.474398
12372,0.474398
12373,0.474398
12374,0.474398
12375,0.474398
12376,0.473846
12377,0.473846
12378,0.473846
12379,0.474398
12380,0.474398
12381,0.474398
12382,0.474398
12383,0.474398
12384,0.474398
12385,0.474398
12386,0.474398
12387,0.474398
12388,0.474128
12389,0.474128
12390,0.466479
12391,0.466479
12392,0.466479
12393,0.474128
12394,0.474398
12395,0.479346
12396,0.479346
12397,0.479346
12398,0.474398
12399,0.474398
12400,0.474398
12401,0.474398
12402,0.474398
12403,0.474398
12404,0.474398
12405,0.474398
12406,0.474398
12407,0.474398
12408,0.474398
12409,0.479346
12410,0.479346
12411,0.475080
12412,0.475080
12413,0.474128
12414,0.474318
12415,0.474318
12416,0.479346
12417,0.479346
12418,0.479346
12419,0.477905
12420,0.477905
12421,0.474398
12422,0.474398
12423,0.474398
12424,0.474398
12425,0.474398
12426,0.474398
12427,0.474398
12428,0.473846
12429,0.473846
12430,0.474398
12431,0.474398
12432,0.474398
12433,0.474398
12434,0.474398
12435,0.473846
12436,0.473846
12437,0.473846
12438,0.474398
12439,0.474398
12440,0.474398
12441,0.474398
12442,0.474398
12443,0.474398
12444,0.473846
12445,0.474398
12446,0.474398
12447,0.474398
12448,0.474398
12449,0.474398
12450,0.474398
12451,0.474398
12452,0.474398
12453,0.474398
12454,0.474398
12455,0.474398
12456,0.441978
12457,0.474398
12458,0.474398
12459,0.474128
12460,0.474128
12461,0.474128
12462,0.474128
12463,0.474128
12464,0.474318
12465,0.474318
12466,0.474398
12467,0.466479
12468,0.466479
12469,0.474398
12470,0.474398
12471,0.474398
12472,0.474398
12473,0.474398
12474,0.477905
12475,0.474398
12476,0.474398
12477,0.474398
12478,0.474398
12479,0.479346
12480,0.479346
12481,0.474318
12482,0.474318
12483,0.474318
12484,0.474318
12485,0.474398
12486,0.474398
12487,0.474398
12488,0.474398
12489,0.474398
12490,0.474398
12491,0.474398
12492,0.474398
12493,0.474398
12494,0.474398
12495,0.473846
12496,0.473846
12497,0.473846
12498,0.473846
12499,0.474398
12500,0.474398
12501,0.474318
12502,0.474318
12503,0.474128
12504,0.474128
12505,0.474128
12506,0.474128
12507,0.474128
12508,0.474398
12509,0.474398
12510,0.474398
12511,0.474398
12512,0.473846
12513,0.473846
12514,0.473846
12515,0.473846
12516,0.474398
12517,0.474398
12518,0.474398
12519,0.474398
12520,0.474398
12521,0.473846
12522,0.473846
12523,0.473846
12524,0.441978
12525,0.441978
12526,0.440626
12527,0.441214
12528,0.445576
12529,0.445576
12530,0.445576
12531,0.445576
12532,0.445576
12533,0.440024
12534,0.454510
12535,0.454510
12536,0.445585
12537,0.474128
12538,0.479346
12539,0.479346
12540,0.479346
12541,0.474398
12542,0.473846
12543,0.467153
12544,0.467153
12545,0.473846
12546,0.474398
12547,0.474398
12548,0.474398
12549,0.479346
12550,0.475080
12551,0.475080
12552,0.474128
12553,0.474128
12554,0.474128
12555,0.474128
12556,0.474128
12557,0.454510
12558,0.454510
12559,0.454510
12560,0.454510
12561,0.452856
12562,0.452856
12563,0.452856
12564,0.450695
12565,0.447132
12566,0.447132
12567,0.447132
12568,0.441978
12569,0.450695
12570,0.452856
12571,0.452856
12572,0.464740
12573,0.464740
12574,0.474531
12575,0.473846
12576,0.467153
12577,0.467153
12578,0.467153
12579,0.467153
12580,0.473846
12581,0.473994
12582,0.473994
12583,0.475080
12584,0.475080
12585,0.474128
12586,0.471222
12587,0.471222
12588,0.471222
12589,0.471222
12590,0.471222
12591,0.474128
12592,0.475080
12593,0.466479
12594,0.456155
12595,0.450680
12596,0.450680
12597,0.456155
12598,0.460674
12599,0.460674
12600,0.460674
12601,0.466479
12602,0.466479
12603,0.467496
12604,0.452856
12605,0.454404
12606,0.454404
12607,0.454404
12608,0.454404
12609,0.476190
12610,0.476190
12611,0.476190
12612,0.479346
12613,0.479346
12614,0.477905
12615,0.477108
12616,0.475369
12617,0.468685
12618,0.468685
12619,0.468685
12620,0.468685
12621,0.468685
12622,0.476276
12623,0.474531
12624,0.473994
12625,0.479346
12626,0.479346
12627,0.474128
12628,0.474128
12629,0.471222
12630,0.471222
12631,0.474128
12632,0.474318
12633,0.477108
12634,0.473092
12635,0.475080
12636,0.475080
12637,0.475080
12638,0.479346
12639,0.473846
12640,0.473846
12641,0.473846
12642,0.473846
12643,0.473846
12644,0.473846
12645,0.473846
12646,0.473846
12647,0.473846
12648,0.474398
12649,0.473846
12650,0.473846
12651,0.473846
12652,0.473846
12653,0.473846
12654,0.473846
12655,0.473846
12656,0.473846
12657,0.474398
12658,0.474398
12659,0.474398
12660,0.474398
12661,0.466479
12662,0.466479
12663,0.474128
12664,0.474128
12665,0.474398
12666,0.474398
12667,0.474398
12668,0.474398
12669,0.474398
12670,0.474398
12671,0.474398
12672,0.474398
12673,0.474398
12674,0.474398
12675,0.474398
12676,0.474398
12677,0.474398
12678,0.474398
12679,0.479346
12680,0.475080
12681,0.475080
12682,0.474128
12683,0.479346
12684,0.479346
12685,0.474398
12686,0.474398
12687,0.474398
12688,0.474398
12689,0.479346
12690,0.479346
12691,0.479346
12692,0.479346
12693,0.479346
12694,0.479346
12695,0.479346
12696,0.479346
12697,0.479346
12698,0.479346
12699,0.479346
12700,0.479346
12701,0.479346
12702,0.474398
12703,0.474398
12704,0.474398
12705,0.474398
12706,0.474398
12707,0.474398
12708,0.474398
12709,0.474398
12710,0.474398
12711,0.479346
12712,0.479346
12713,0.479346
12714,0.479346
12715,0.474128
12716,0.474128
12717,0.474128
12718,0.474128
12719,0.473846
12720,0.473846
12721,0.474398
12722,0.474398
12723,0.474398
12724,0.474398
12725,0.473846
12726,0.473846
12727,0.473846
12728,0.473846
12729,0.473846
12730,0.474398
12731,0.474398
12732,0.474398
12733,0.474128
12734,0.466479
12735,0.466479
12736,0.466479
12737,0.466479
12738,0.466479
12739,0.474318
12740,0.474318
12741,0.474398
12742,0.474398
12743,0.474398
12744,0.474398
12745,0.474398
12746,0.474398
12747,0.474398
12748,0.474398
12749,0.474398
12750,0.474398
12751,0.474398
12752,0.474398
12753,0.474398
12754,0.474398
12755,0.474398
12756,0.466479
12757,0.466479
12758,0.474128
12759,0.474128
12760,0.474128
12761,0.474128
12762,0.474128
12763,0.479346
12764,0.474398
12765,0.474398
12766,0.474398
12767,0.474398
12768,0.474398
12769,0.474398
12770,0.474398
12771,0.474398
12772,0.474398
12773,0.474398
12774,0.479346
12775,0.479346
12776,0.479346
12777,0.475080
12778,0.475080
12779,0.474128
12780,0.474128
12781,0.473846
12782,0.479346
12783,0.479346
12784,0.474398
12785,0.474398
12786,0.474398
12787,0.474398
12788,0.474398
12789,0.473846
12790,0.473846
12791,0.473846
12792,0.479346
12793,0.479346
12794,0.474128
12795,0.474128
12796,0.474128
12797,0.474128
12798,0.474318
12799,0.474318
12800,0.474318
12801,0.474318
12802,0.474318
12803,0.474398
12804,0.474398
12805,0.474398
12806,0.474398
12807,0.473846
12808,0.473846
12809,0.473846
12810,0.473846
12811,0.473846
12812,0.474398
12813,0.474398
12814,0.474398
12815,0.474398
12816,0.474398
12817,0.474398
12818,0.474398
12819,0.473846
12820,0.473846
12821,0.473846
12822,0.474398
12823,0.474398
12824,0.474398
12825,0.474398
12826,0.474398
12827,0.474398
12828,0.474398
12829,0.474398
12830,0.474398
12831,0.474398
12832,0.474398
12833,0.474398
12834,0.474398
12835,0.474398
12836,0.474398
12837,0.474398
12838,0.474398
12839,0.474398
12840,0.474398
12841,0.474398
12842,0.474398
12843,0.474398
12844,0.474398
12845,0.474398
12846,0.474398
12847,0.474398
12848,0.474398
12849,0.474398
12850,0.474398
12851,0.474398
12852,0.474398
12853,0.479346
12854,0.479346
12855,0.474398
12856,0.474398
12857,0.474398
12858,0.474398
12859,0.474398
12860,0.474398
12861,0.474398
12862,0.474398
12863,0.474398
12864,0.474398
12865,0.474398
12866,0.474398
12867,0.474398
12868,0.479346
12869,0.479346
12870,0.479346
12871,0.475080
12872,0.475080
12873,0.479346
12874,0.476917
12875,0.476917
12876,0.473846
12877,0.473846
12878,0.473846
12879,0.474398
12880,0.474398
12881,0.474398
12882,0.474398
12883,0.474398
12884,0.473846
12885,0.473846
12886,0.473846
12887,0.473846
12888,0.474398
12889,0.474398
12890,0.474398
12891,0.474398
12892,0.473092
12893,0.473092
12894,0.473092
12895,0.473846
12896,0.473846
12897,0.473846
12898,0.474398
12899,0.474398
12900,0.474398
12901,0.473846
12902,0.473846
12903,0.473846
12904,0.473846
12905,0.473846
12906,0.473846
12907,0.473846
12908,0.473846
12909,0.474398
12910,0.474398
12911,0.474398
12912,0.474398
12913,0.474128
12914,0.466479
12915,0.474398
12916,0.474128
12917,0.474128
12918,0.474318
12919,0.474318
12920,0.474318
12921,0.474398
12922,0.474398
12923,0.474398
12924,0.474398
12925,0.474398
12926,0.473846
12927,0.473846
12928,0.473846
12929,0.473846
12930,0.474398
12931,0.474398
12932,0.474398
12933,0.474398
12934,0.474398
12935,0.474398
12936,0.474398
12937,0.479346
12938,0.466479
12939,0.466479
12940,0.466479
12941,0.466479
12942,0.466479
12943,0.479346
12944,0.474398
12945,0.474398
12946,0.474398
12947,0.474398
12948,0.474398
12949,0.474398
12950,0.473846
12951,0.473846
12952,0.474398
12953,0.479346
12954,0.479346
12955,0.475080
12956,0.475080
12957,0.475080
12958,0.474318
12959,0.474318
12960,0.474318
12961,0.474318
12962,0.474318
12963,0.474318
12964,0.479346
12965,0.479346
12966,0.479346
12967,0.474398
12968,0.473846
12969,0.474398
12970,0.479346
12971,0.479346
12972,0.479346
12973,0.479346
12974,0.479346
12975,0.479346
12976,0.479346
12977,0.473846
12978,0.473846
12979,0.473846
12980,0.474318
12981,0.479346
12982,0.479346
12983,0.473846
12984,0.473846
12985,0.473846
12986,0.473846
12987,0.473846
12988,0.473846
12989,0.473846
12990,0.473846
12991,0.474398
12992,0.474398
12993,0.474398
12994,0.474398
12995,0.473846
12996,0.474128
12997,0.474128
12998,0.474128
12999,0.474128
13000,0.474128
13001,0.474128
13002,0.474318
13003,0.473846
13004,0.474398
13005,0.474398
13006,0.474398
13007,0.473846
13008,0.473846
13009,0.473846
13010,0.473846
13011,0.473846
13012,0.473846
13013,0.473846
13014,0.474398
13015,0.474398
13016,0.474128
13017,0.474128
13018,0.474128
13019,0.474128
13020,0.474128
13021,0.474128
13022,0.474318
13023,0.466479
13024,0.466479
13025,0.474398
13026,0.454501
13027,0.474398
13028,0.474398
13029,0.474398
13030,0.473846
13031,0.473846
13032,0.473846
13033,0.474398
13034,0.474398
13035,0.474398
13036,0.474398
13037,0.474398
13038,0.479346
13039,0.479346
13040,0.479346
13041,0.479346
13042,0.474318
13043,0.474318
13044,0.474318
13045,0.474318
13046,0.479346
13047,0.479346
13048,0.479346
13049,0.479346
13050,0.479346
13051,0.474398
13052,0.474398
13053,0.474398
13054,0.474398
13055,0.474398
13056,0.474398
13057,0.474398
13058,0.474398
13059,0.474398
13060,0.474398
13061,0.474398
13062,0.474398
13063,0.474398
13064,0.479346
13065,0.479346
13066,0.479346
13067,0.479346
13068,0.479346
13069,0.479346
13070,0.479346
13071,0.479346
13072,0.474398
13073,0.474398
13074,0.474398
13075,0.474398
13076,0.474398
13077,0.474398
13078,0.474398
13079,0.474398
13080,0.474398
13081,0.474398
13082,0.473846
13083,0.473846
13084,0.473846
13085,0.473846
13086,0.474398
13087,0.474398
13088,0.474398
13089,0.474398
13090,0.474398
13091,0.474398
13092,0.473846
13093,0.473846
13094,0.474398
13095,0.474398
13096,0.474398
13097,0.474398
13098,0.474398
13099,0.474398
13100,0.474398
13101,0.474128
13102,0.474128
13103,0.474128
13104,0.474128
13105,0.474128
13106,0.474398
13107,0.474398
13108,0.474398
13109,0.474398
13110,0.474398
13111,0.474398
13112,0.474398
13113,0.474398
13114,0.474398
13115,0.473846
13116,0.473846
13117,0.473846
13118,0.474398
13119,0.474398
13120,0.474398
13121,0.474398
13122,0.474398
13123,0.474398
13124,0.474398
13125,0.474398
13126,0.474398
13127,0.474398
13128,0.474398
13129,0.474398
13130,0.474398
13131,0.474398
13132,0.474398
13133,0.474398
13134,0.474398
13135,0.474398
13136,0.474398
13137,0.474398
13138,0.474398
13139,0.474398
13140,0.474398
13141,0.474398
13142,0.474398
13143,0.474398
13144,0.479346
13145,0.474398
13146,0.474398
13147,0.474398
13148,0.474398
13149,0.474398
13150,0.474398
13151,0.474398
13152,0.474398
13153,0.479346
13154,0.479346
13155,0.474398
13156,0.474398
13157,0.474398
13158,0.474398
13159,0.474398
13160,0.474398
13161,0.474398
13162,0.474398
13163,0.473846
13164,0.473846
13165,0.473846
13166,0.473846
13167,0.473846
13168,0.474398
13169,0.474398
13170,0.474398
13171,0.474398
13172,0.474398
13173,0.474398
13174,0.474398
13175,0.473846
13176,0.473846
13177,0.473846
13178,0.473846
13179,0.474398
13180,0.474398
13181,0.474398
13182,0.474398
13183,0.474398
13184,0.473846
13185,0.473846
13186,0.473846
13187,0.473846
13188,0.473846
13189,0.474398
13190,0.474398
13191,0.474398
13192,0.474398
13193,0.473846
13194,0.473846
13195,0.473846
13196,0.474398
13197,0.474398
13198,0.474398
13199,0.474398
13200,0.474398
13201,0.474398
13202,0.474398
13203,0.474398
13204,0.474398
13205,0.474398
13206,0.474398
13207,0.474398
13208,0.474398
13209,0.474398
13210,0.474398
13211,0.474398
13212,0.474398
13213,0.474398
13214,0.474398
13215,0.474398
13216,0.474398
13217,0.474398
13218,0.474398
13219,0.474398
13220,0.474398
13221,0.474398
13222,0.479346
13223,0.479346
13224,0.479346
13225,0.475080
13226,0.475080
13227,0.479346
13228,0.479346
13229,0.474128
13230,0.473846
13231,0.473846
13232,0.479346
13233,0.479346
13234,0.479346
13235,0.479346
13236,0.474398
13237,0.474398
13238,0.473846
13239,0.473846
13240,0.474398
13241,0.474398
13242,0.474398
13243,0.474398
13244,0.474398
13245,0.474398
13246,0.474398
13247,0.474398
13248,0.473846
13249,0.473846
13250,0.473846
13251,0.474398
13252,0.474398
13253,0.474398
13254,0.474398
13255,0.474398
13256,0.474398
13257,0.473846
13258,0.473846
13259,0.473846
13260,0.474398
13261,0.474398
13262,0.473846
13263,0.473846
13264,0.473846
13265,0.473846
13266,0.473846
13267,0.473846
13268,0.473846
13269,0.474398
13270,0.474398
13271,0.474398
13272,0.474398
13273,0.473846
13274,0.473846
13275,0.473846
13276,0.473846
13277,0.474398
13278,0.474128
13279,0.474128
13280,0.474128
13281,0.474128
13282,0.474398
13283,0.474398
13284,0.474398
13285,0.474398
13286,0.473846
13287,0.473846
13288,0.474398
13289,0.474398
13290,0.474398
13291,0.474398
13292,0.474398
13293,0.474398
13294,0.474398
13295,0.474398
13296,0.474398
13297,0.474398
13298,0.474398
13299,0.474398
13300,0.479346
13301,0.479346
13302,0.479346
13303,0.474398
13304,0.474398
13305,0.474398
13306,0.474398
13307,0.474398
13308,0.474398
13309,0.474398
13310,0.474398
13311,0.474398
13312,0.479346
13313,0.479346
13314,0.479346
13315,0.479346
13316,0.474128
13317,0.474128
13318,0.474128
13319,0.474128
13320,0.479346
13321,0.479346
13322,0.479346
13323,0.479346
13324,0.474398
13325,0.474398
13326,0.474398
13327,0.474398
13328,0.474398
13329,0.474398
13330,0.474398
13331,0.474398
13332,0.474398
13333,0.474398
13334,0.473846
13335,0.473846
13336,0.473846
13337,0.473846
13338,0.473846
13339,0.474398
13340,0.474398
13341,0.474398
13342,0.473846
13343,0.473846
13344,0.473846
13345,0.473846
13346,0.473846
13347,0.473846
13348,0.474398
13349,0.474398
13350,0.473846
13351,0.473846
13352,0.473846
13353,0.473846
13354,0.473846
13355,0.473846
13356,0.473846
13357,0.473846
13358,0.473846
13359,0.473846
13360,0.473846
13361,0.473846
13362,0.473846
13363,0.473846
13364,0.473846
13365,0.473846
13366,0.474398
13367,0.474398
13368,0.474398
13369,0.474398
13370,0.474398
13371,0.474398
13372,0.474398
13373,0.474398
13374,0.474398
13375,0.474398
13376,0.474398
13377,0.474398
13378,0.474398
13379,0.479346
13380,0.474398
13381,0.474398
13382,0.479346
13383,0.479346
13384,0.479346
13385,0.479346
13386,0.477905
13387,0.477905
13388,0.477905
13389,0.477905
13390,0.474398
13391,0.474398
13392,0.474398
13393,0.474398
13394,0.474398
13395,0.474398
13396,0.474398
13397,0.474398
13398,0.474398
13399,0.474398
13400,0.474398
13401,0.479346
13402,0.479346
13403,0.479346
13404,0.479346
13405,0.474128
13406,0.474128
13407,0.474128
13408,0.474128
13409,0.476917
13410,0.476917
13411,0.473846
13412,0.473846
13413,0.473846
13414,0.473846
13415,0.474398
13416,0.474398
13417,0.474398
13418,0.474398
13419,0.474398
13420,0.474398
13421,0.474398
13422,0.474398
13423,0.474398
13424,0.474398
13425,0.474398
13426,0.474398
13427,0.474128
13428,0.474128
13429,0.474128
13430,0.473846
13431,0.474128
13432,0.474128
13433,0.474128
13434,0.474128
13435,0.474128
13436,0.473846
13437,0.473846
13438,0.473846
13439,0.473846
13440,0.473846
13441,0.473846
13442,0.474398
13443,0.474398
13444,0.474398
13445,0.474398
13446,0.474398
13447,0.474398
13448,0.474128
13449,0.474128
13450,0.474128
13451,0.474128
13452,0.474128
13453,0.474128
13454,0.474128
13455,0.474128
13456,0.474398
13457,0.474398
13458,0.474398
13459,0.474398
13460,0.474398
13461,0.474398
13462,0.474398
13463,0.474398
13464,0.474398
13465,0.474398
13466,0.479346
13467,0.479346
13468,0.479346
13469,0.474128
13470,0.474128
13471,0.474128
13472,0.474128
13473,0.474128
13474,0.474128
13475,0.474128
13476,0.479346
13477,0.479346
13478,0.474398
13479,0.474398
13480,0.477905
13481,0.477905
13482,0.479346
13483,0.479346
13484,0.479346
13485,0.473846
13486,0.473846
13487,0.479346
13488,0.475080
13489,0.475080
13490,0.475080
13491,0.475080
13492,0.479346
13493,0.473846
13494,0.473846
13495,0.473846
13496,0.473846
13497,0.473846
13498,0.474398
13499,0.474398
13500,0.474398
13501,0.474398
13502,0.473846
13503,0.473846
13504,0.473846
13505,0.474398
13506,0.479346
13507,0.473846
13508,0.473846
13509,0.473846
13510,0.473846
13511,0.473846
13512,0.473846
13513,0.473846
13514,0.473846
13515,0.473846
13516,0.473846
13517,0.474398
13518,0.474398
13519,0.474398
13520,0.473846
13521,0.473846
13522,0.473846
13523,0.474128
13524,0.474128
13525,0.474128
13526,0.474128
13527,0.474128
13528,0.474128
13529,0.474128
13530,0.474128
13531,0.466479
13532,0.466479
13533,0.466479
13534,0.466479
13535,0.466479
13536,0.466479
13537,0.466479
13538,0.466479
13539,0.466479
13540,0.466479
13541,0.466479
13542,0.466479
13543,0.466479
13544,0.479346
13545,0.479346
13546,0.474128
13547,0.474128
13548,0.474128
13549,0.474128
13550,0.474128
13551,0.479346
13552,0.479346
13553,0.479346
13554,0.474398
13555,0.474398
13556,0.474398
13557,0.474398
13558,0.474398
13559,0.474398
13560,0.474398
13561,0.474398
13562,0.477905
13563,0.477905
13564,0.477905
13565,0.477905
13566,0.479346
13567,0.475080
13568,0.474128
13569,0.474128
13570,0.474128
13571,0.474128
13572,0.474128
13573,0.474128
13574,0.474128
13575,0.479346
13576,0.474318
13577,0.474318
13578,0.474318
13579,0.474318
13580,0.474318
13581,0.473846
13582,0.473846
13583,0.473846
13584,0.474398
13585,0.474398
13586,0.474398
13587,0.474398
13588,0.474398
13589,0.473846
13590,0.473846
13591,0.474398
13592,0.474398
13593,0.474398
13594,0.474398
13595,0.473846
13596,0.474398
13597,0.474398
13598,0.474398
13599,0.473846
13600,0.474398
13601,0.474398
13602,0.473846
13603,0.473846
13604,0.473846
13605,0.474398
13606,0.474398
13607,0.474398
13608,0.474398
13609,0.474398
13610,0.474398
13611,0.473846
13612,0.474398
13613,0.474398
13614,0.474398
13615,0.474398
13616,0.474398
13617,0.474398
13618,0.474128
13619,0.474128
13620,0.473846
13621,0.474398
13622,0.474398
13623,0.474398
13624,0.474398
13625,0.474398
13626,0.474398
13627,0.474398
13628,0.474398
13629,0.474398
13630,0.474398
13631,0.474398
13632,0.474398
13633,0.474398
13634,0.474398
13635,0.474398
13636,0.474398
13637,0.474398
13638,0.474398
13639,0.479346
13640,0.479346
13641,0.479346
13642,0.479346
13643,0.479346
13644,0.479346
13645,0.479346
13646,0.479346
13647,0.479346
13648,0.479346
13649,0.479346
13650,0.479346
13651,0.479346
13652,0.479346
13653,0.479346
13654,0.474398
13655,0.474398
13656,0.479346
13657,0.479346
13658,0.479346
13659,0.479346
13660,0.479346
13661,0.479346
13662,0.479346
13663,0.479346
13664,0.479346
13665,0.479346
13666,0.479346
13667,0.479346
13668,0.479346
13669,0.479346
13670,0.473846
13671,0.473846
13672,0.474398
13673,0.474398
13674,0.474398
13675,0.474398
13676,0.474398
13677,0.473846
13678,0.473846
13679,0.473846
13680,0.473846
13681,0.473846
13682,0.474398
13683,0.474398
13684,0.474398
13685,0.474398
13686,0.474398
13687,0.473846
13688,0.473846
13689,0.473846
13690,0.473846
13691,0.473846
13692,0.474398
13693,0.474398
13694,0.474398
13695,0.473846
13696,0.473846
13697,0.473846
13698,0.473846
13699,0.473846
13700,0.473846
13701,0.473846
13702,0.474398
13703,0.474398
13704,0.474398
13705,0.474398
13706,0.474398
13707,0.473846
13708,0.473846
13709,0.474398
13710,0.474398
13711,0.474398
13712,0.474398
13713,0.474398
13714,0.474398
13715,0.474398
13716,0.474398
13717,0.474398
13718,0.479346
13719,0.479346
13720,0.479346
13721,0.479346
13722,0.479346
13723,0.479346
13724,0.479346
13725,0.479346
13726,0.479346
13727,0.479346
13728,0.479346
13729,0.474398
13730,0.474398
13731,0.474398
13732,0.474398
13733,0.474398
13734,0.474398
13735,0.474398
13736,0.479346
13737,0.479346
13738,0.475080
13739,0.475080
13740,0.475080
13741,0.475080
13742,0.476917
13743,0.476190
13744,0.473846
13745,0.479346
13746,0.479346
13747,0.477905
13748,0.477905
13749,0.474398
13750,0.474398
13751,0.474398
13752,0.474398
13753,0.479346
13754,0.479346
13755,0.479346
13756,0.479346
13757,0.475080
13758,0.475080
13759,0.476917
13760,0.473846
13761,0.473846
13762,0.473846
13763,0.473846
13764,0.473846
13765,0.473846
13766,0.473846
13767,0.473846
13768,0.473846
13769,0.473846
13770,0.473846
13771,0.473846
13772,0.473846
13773,0.473846
13774,0.003984
13775,0.474398
13776,0.474398
13777,0.474398
13778,0.473846
13779,0.474128
13780,0.474128
13781,0.474128
13782,0.474128
13783,0.474128
13784,0.474128
13785,0.474398
13786,0.474398
13787,0.474398
13788,0.474398
13789,0.474398
13790,0.474398
13791,0.474398
13792,0.474398
13793,0.474398
13794,0.474398
13795,0.474398
13796,0.474128
13797,0.466479
13798,0.466479
13799,0.466479
13800,0.466479
13801,0.466479
13802,0.466479
13803,0.466479
13804,0.466479
13805,0.466479
13806,0.474398
13807,0.474398
13808,0.474398
13809,0.474398
13810,0.474398
13811,0.479346
13812,0.475080
13813,0.474128
13814,0.474128
13815,0.474128
13816,0.474128
13817,0.474128
13818,0.476917
13819,0.479346
13820,0.479346
13821,0.479346
13822,0.479346
13823,0.479346
13824,0.479346
13825,0.474318
13826,0.466479
13827,0.466479
13828,0.466479
13829,0.466479
13830,0.466479
13831,0.474318
13832,0.474318
13833,0.479346
13834,0.479346
13835,0.479346
13836,0.479346
13837,0.475080
13838,0.475080
13839,0.477108
13840,0.473092
13841,0.473092
13842,0.473092
13843,0.473092
13844,0.475080
13845,0.477905
13846,0.477905
13847,0.479346
13848,0.479346
13849,0.479346
13850,0.475369
13851,0.473846
13852,0.473846
13853,0.473846
13854,0.473846
13855,0.473846
13856,0.474398
13857,0.474398
13858,0.474398
13859,0.479346
13860,0.474318
13861,0.474318
13862,0.474318
13863,0.474128
13864,0.474128
13865,0.474128
13866,0.473092
13867,0.479346
13868,0.477905
13869,0.474398
13870,0.474398
13871,0.474398
13872,0.474398
13873,0.474398
13874,0.474398
13875,0.474318
13876,0.474318
13877,0.474318
13878,0.474318
13879,0.473846
13880,0.474398
13881,0.474128
13882,0.474128
13883,0.474128
13884,0.473846
13885,0.473846
13886,0.473846
13887,0.473846
13888,0.473846
13889,0.473846
13890,0.474398
13891,0.474398
13892,0.474398
13893,0.474398
13894,0.473846
13895,0.473846
13896,0.474128
13897,0.474128
13898,0.474128
13899,0.466479
13900,0.474128
13901,0.474128
13902,0.474128
13903,0.474128
13904,0.474398
13905,0.474398
13906,0.474398
13907,0.474398
13908,0.474398
13909,0.474398
13910,0.474398
13911,0.474398
13912,0.474398
13913,0.474318
13914,0.466479
13915,0.466479
13916,0.466479
13917,0.466479
13918,0.474398
13919,0.474398
13920,0.474398
13921,0.474398
13922,0.474398
13923,0.474398
13924,0.479346
13925,0.479346
13926,0.474398
13927,0.474398
13928,0.474398
13929,0.474398
13930,0.474398
13931,0.474398
13932,0.474398
13933,0.474398
13934,0.474398
13935,0.474398
13936,0.474398
13937,0.479346
13938,0.479346
13939,0.473846
13940,0.473846
13941,0.473846
13942,0.479346
13943,0.477905
13944,0.477905
13945,0.477905
13946,0.473846
13947,0.473846
13948,0.473846
13949,0.473846
13950,0.473846
13951,0.474398
13952,0.474398
13953,0.474398
13954,0.473846
13955,0.473846
13956,0.473846
13957,0.473846
13958,0.473846
13959,0.479346
13960,0.479346
13961,0.479346
13962,0.473846
13963,0.473846
13964,0.473846
13965,0.473846
13966,0.473846
13967,0.474398
13968,0.474398
13969,0.473846
13970,0.473846
13971,0.473846
13972,0.473846
13973,0.474398
13974,0.474398
13975,0.474398
13976,0.474398
13977,0.474398
13978,0.473846
13979,0.473846
13980,0.474398
13981,0.479346
13982,0.479346
13983,0.474398
13984,0.474398
13985,0.474398
13986,0.473846
13987,0.473846
13988,0.473846
13989,0.473846
13990,0.474398
13991,0.474398
13992,0.474398
13993,0.473846
13994,0.473846
13995,0.473846
13996,0.474398
13997,0.474398
13998,0.474398
13999,0.474398
14000,0.474398
14001,0.474398
14002,0.474398
14003,0.474398
14004,0.474128
14005,0.474398
14006,0.474398
14007,0.474398
14008,0.474398
14009,0.473846
14010,0.473846
14011,0.474398
14012,0.474398
14013,0.474398
14014,0.474398
14015,0.474398
14016,0.473846
14017,0.474398
14018,0.474398
14019,0.474398
14020,0.474128
14021,0.474128
14022,0.474128
14023,0.474128
14024,0.474398
14025,0.474398
14026,0.474398
14027,0.474398
14028,0.474398
14029,0.474398
14030,0.474398
14031,0.474398
14032,0.474398
14033,0.474398
14034,0.474398
14035,0.474398
14036,0.479346
14037,0.479346
14038,0.474128
14039,0.473846
14040,0.473846
14041,0.473846
14042,0.474398
14043,0.474398
14044,0.474398
14045,0.474398
14046,0.474398
14047,0.474398
14048,0.474398
14049,0.474398
14050,0.479346
14051,0.479346
14052,0.479346
14053,0.479346
14054,0.479346
14055,0.473846
14056,0.473846
14057,0.473846
14058,0.474398
14059,0.474398
14060,0.474398
14061,0.474398
14062,0.474398
14063,0.473846
14064,0.473846
14065,0.473846
14066,0.474398
14067,0.474398
14068,0.474398
14069,0.474398
14070,0.474398
14071,0.473846
14072,0.473846
14073,0.473846
14074,0.474398
14075,0.479346
14076,0.479346
14077,0.474398
14078,0.473846
14079,0.473846
14080,0.473846
14081,0.473846
14082,0.474398
14083,0.474398
14084,0.474398
14085,0.474398
14086,0.474398
14087,0.473846
14088,0.473846
14089,0.474398
14090,0.474398
14091,0.473846
14092,0.473846
14093,0.473846
14094,0.474398
14095,0.474398
14096,0.474398
14097,0.474398
14098,0.474398
14099,0.473846
14100,0.473846
14101,0.473846
14102,0.473846
14103,0.474398
14104,0.474398
14105,0.474398
14106,0.474398
14107,0.474398
14108,0.474398
14109,0.473846
14110,0.474398
14111,0.474398
14112,0.474398
14113,0.474398
14114,0.474398
14115,0.473846
14116,0.473846
14117,0.474398
14118,0.474398
14119,0.474398
14120,0.474398
14121,0.474398
14122,0.474398
14123,0.474398
14124,0.474398
14125,0.474398
14126,0.479346
14127,0.474398
14128,0.474398
14129,0.474398
14130,0.474398
14131,0.474398
14132,0.474398
14133,0.474398
14134,0.474398
14135,0.479346
14136,0.474398
14137,0.474398
14138,0.479346
14139,0.479346
14140,0.474398
14141,0.474398
14142,0.474398
14143,0.474398
14144,0.474398
14145,0.474398
14146,0.474398
14147,0.474398
14148,0.474398
14149,0.479346
14150,0.479346
14151,0.474398
14152,0.474398
14153,0.474398
14154,0.479346
14155,0.479346
14156,0.474398
14157,0.474398
14158,0.473846
14159,0.473846
14160,0.473846
14161,0.474398
14162,0.474398
14163,0.474398
14164,0.474398
14165,0.474398
14166,0.473846
14167,0.473846
14168,0.474398
14169,0.474398
14170,0.473846
14171,0.473846
14172,0.473846
14173,0.474398
14174,0.474398
14175,0.474398
14176,0.473846
14177,0.473846
14178,0.473846
14179,0.473846
14180,0.474398
14181,0.474398
14182,0.474398
14183,0.473846
14184,0.473846
14185,0.473846
14186,0.474128
14187,0.466479
14188,0.456155
14189,0.456155
14190,0.474128
14191,0.474128
14192,0.473846
14193,0.473846
14194,0.473846
14195,0.473846
14196,0.474398
14197,0.474398
14198,0.474398
14199,0.474398
14200,0.473846
14201,0.473846
14202,0.473846
14203,0.474398
14204,0.474398
14205,0.474398
14206,0.474398
14207,0.474398
14208,0.474398
14209,0.474398
14210,0.474398
14211,0.474398
14212,0.474398
14213,0.474398
14214,0.474398
14215,0.474398
14216,0.474398
14217,0.474398
14218,0.474398
14219,0.474398
14220,0.474398
14221,0.474398
14222,0.474398
14223,0.474398
14224,0.474398
14225,0.474398
14226,0.474398
14227,0.474398
14228,0.474398
14229,0.477905
14230,0.479346
14231,0.474318
14232,0.474318
14233,0.473846
14234,0.479346
14235,0.474398
14236,0.474398
14237,0.474398
14238,0.474398
14239,0.473846
14240,0.473846
14241,0.474398
14242,0.474398
14243,0.479346
14244,0.475080
14245,0.474128
14246,0.474128
14247,0.474128
14248,0.473846
14249,0.479346
14250,0.479346
14251,0.479346
14252,0.479346
14253,0.474398
14254,0.473846
14255,0.473846
14256,0.473846
14257,0.474398
14258,0.474398
14259,0.474398
14260,0.474398
14261,0.473846
14262,0.473846
14263,0.473846
14264,0.473846
14265,0.474398
14266,0.474398
14267,0.474398
14268,0.474398
14269,0.474398
14270,0.474398
14271,0.474398
14272,0.474398
14273,0.474398
14274,0.474398
14275,0.474128
14276,0.474128
14277,0.474128
14278,0.474398
14279,0.474398
14280,0.474398
14281,0.473846
14282,0.473846
14283,0.473846
14284,0.473846
14285,0.474398
14286,0.474398
14287,0.474398
14288,0.474398
14289,0.474398
14290,0.474398
14291,0.474398
14292,0.474398
14293,0.474398
14294,0.474398
14295,0.474398
14296,0.474398
14297,0.474398
14298,0.474398
14299,0.474398
14300,0.474398
14301,0.474398
14302,0.474398
14303,0.474398
14304,0.474398
14305,0.474398
14306,0.474398
14307,0.474398
14308,0.474398
14309,0.474398
14310,0.474398
14311,0.474398
14312,0.474398
14313,0.474398
14314,0.474398
14315,0.474398
14316,0.474398
14317,0.474398
14318,0.473846
14319,0.474398
14320,0.474398
14321,0.474398
14322,0.474398
14323,0.474398
14324,0.474398
14325,0.474398
14326,0.474398
14327,0.474398
14328,0.474398
14329,0.474398
14330,0.474398
14331,0.474398
14332,0.474398
14333,0.474398
14334,0.474398
14335,0.474398
14336,0.474398
14337,0.474398
14338,0.474398
14339,0.474398
14340,0.474398
14341,0.473846
14342,0.473846
14343,0.474398
14344,0.474398
14345,0.474398
14346,0.474398
14347,0.474398
14348,0.473846
14349,0.473846
14350,0.474398
14351,0.474398
14352,0.474398
14353,0.474398
14354,0.474398
14355,0.474398
14356,0.474398
14357,0.474398
14358,0.473846
14359,0.474398
14360,0.474398
14361,0.474398
14362,0.474398
14363,0.474398
14364,0.474398
14365,0.474398
14366,0.474398
14367,0.474398
14368,0.474398
14369,0.474398
14370,0.474398
14371,0.474128
14372,0.474128
14373,0.474128
14374,0.474128
14375,0.474128
14376,0.474128
14377,0.474398
14378,0.474398
14379,0.474398
14380,0.474398
14381,0.473846
14382,0.473846
14383,0.474398
14384,0.474398
14385,0.474398
14386,0.474398
14387,0.474398
14388,0.474398
14389,0.474398
14390,0.479346
14391,0.479346
14392,0.474128
14393,0.474128
14394,0.474128
14395,0.474128
14396,0.473846
14397,0.479346
14398,0.479346
14399,0.474398
14400,0.474398
14401,0.474398
14402,0.474398
14403,0.474398
14404,0.474398
14405,0.479346
14406,0.479346
14407,0.479346
14408,0.479346
14409,0.479346
14410,0.477905
14411,0.475369
14412,0.473846
14413,0.477905
14414,0.477905
14415,0.474398
14416,0.474398
14417,0.474398
14418,0.473846
14419,0.474398
14420,0.479346
14421,0.474398
14422,0.474398
14423,0.474398
14424,0.473846
14425,0.474398
14426,0.474398
14427,0.479346
14428,0.474398
14429,0.473846
14430,0.473846
14431,0.473846
14432,0.474398
14433,0.474398
14434,0.474398
14435,0.474398
14436,0.474398
14437,0.474398
14438,0.474398
14439,0.474398
14440,0.473846
14441,0.474128
14442,0.474128
14443,0.474398
14444,0.474398
14445,0.474398
14446,0.474398
14447,0.474398
14448,0.473846
14449,0.474398
14450,0.474398
14451,0.474398
14452,0.474398
14453,0.474398
14454,0.474398
14455,0.474398
14456,0.474398
14457,0.474398
14458,0.474398
14459,0.474398
14460,0.474398
14461,0.474398
14462,0.474398
14463,0.474398
14464,0.474398
14465,0.479346
14466,0.479346
14467,0.479346
14468,0.479346
14469,0.479346
14470,0.474398
14471,0.474398
14472,0.474398
14473,0.474398
14474,0.474398
14475,0.474398
14476,0.473846
14477,0.474398
14478,0.474398
14479,0.474398
14480,0.474398
14481,0.473846
14482,0.473846
14483,0.473846
14484,0.475080
14485,0.475080
14486,0.474128
14487,0.473846
14488,0.473846
14489,0.473846
14490,0.474398
14491,0.474398
14492,0.474398
14493,0.474398
14494,0.474398
14495,0.474398
14496,0.473846
14497,0.474398
14498,0.474398
14499,0.474398
14500,0.474398
14501,0.474398
14502,0.474398
14503,0.474398
14504,0.474398
14505,0.474398
14506,0.474398
14507,0.474398
14508,0.474398
14509,0.474398
14510,0.473846
14511,0.474398
14512,0.474398
14513,0.474398
14514,0.474398
14515,0.474398
14516,0.474398
14517,0.474398
14518,0.474398
14519,0.474398
14520,0.474398
14521,0.474398
14522,0.474398
14523,0.474128
14524,0.466479
14525,0.466479
14526,0.466479
14527,0.474128
14528,0.479346
14529,0.479346
14530,0.479346
14531,0.479346
14532,0.474398
14533,0.474398
14534,0.473846
14535,0.474398
14536,0.479346
14537,0.475080
14538,0.466479
14539,0.473092
14540,0.475369
14541,0.475369
14542,0.473846
14543,0.473846
14544,0.474398
14545,0.474398
14546,0.474398
14547,0.474398
14548,0.474398
14549,0.473846
14550,0.473846
14551,0.474318
14552,0.466479
14553,0.466479
14554,0.474318
14555,0.476917
14556,0.476917
14557,0.476917
14558,0.479346
14559,0.479346
14560,0.479346
14561,0.474398
14562,0.473846
14563,0.473846
14564,0.473846
14565,0.479346
14566,0.474318
14567,0.466479
14568,0.474318
14569,0.474318
14570,0.474318
14571,0.474318
14572,0.474318
14573,0.474398
14574,0.474398
14575,0.474398
14576,0.474398
14577,0.474398
14578,0.473846
14579,0.473846
14580,0.473846
14581,0.473846
14582,0.474398
14583,0.474398
14584,0.474398
14585,0.474398
14586,0.473846
14587,0.473846
14588,0.473846
14589,0.474398
14590,0.474398
14591,0.474398
14592,0.474398
14593,0.474398
14594,0.474398
14595,0.474398
14596,0.474398
14597,0.474398
14598,0.474398
14599,0.474398
14600,0.474128
14601,0.474128
14602,0.474128
14603,0.474128
14604,0.474128
14605,0.474398
14606,0.474398
14607,0.474398
14608,0.474398
14609,0.474398
14610,0.474398
14611,0.474398
14612,0.474398
14613,0.474398
14614,0.474398
14615,0.474398
14616,0.479346
14617,0.479346
14618,0.479346
14619,0.474128
14620,0.474128
14621,0.474128
14622,0.479346
14623,0.479346
14624,0.479346
14625,0.474398
14626,0.474398
14627,0.474398
14628,0.474398
14629,0.474398
14630,0.474398
14631,0.474398
14632,0.474398
14633,0.474398
14634,0.473846
14635,0.474398
14636,0.479346
14637,0.479346
14638,0.479346
14639,0.479346
14640,0.473846
14641,0.473846
14642,0.473846
14643,0.474398
14644,0.474398
14645,0.474398
14646,0.473846
14647,0.473846
14648,0.474398
14649,0.474398
14650,0.474398
14651,0.473846
14652,0.473846
14653,0.473846
14654,0.474398
14655,0.474398
14656,0.474398
14657,0.473846
14658,0.473846
14659,0.473846
14660,0.473846
14661,0.474398
14662,0.474398
14663,0.474398
14664,0.474128
14665,0.474128
14666,0.473846
14667,0.473846
14668,0.473846
14669,0.473846
14670,0.474398
14671,0.474398
14672,0.474398
14673,0.473846
14674,0.473846
14675,0.473846
14676,0.474398
14677,0.474398
14678,0.474398
14679,0.474398
14680,0.473846
14681,0.474128
14682,0.474128
14683,0.479346
14684,0.474398
14685,0.474398
14686,0.474398
14687,0.473846
14688,0.474398
14689,0.474398
14690,0.474398
14691,0.474398
14692,0.474398
14693,0.474398
14694,0.474398
14695,0.474398
14696,0.474398
14697,0.474398
14698,0.474398
14699,0.474398
14700,0.474398
14701,0.479346
14702,0.479346
14703,0.474128
14704,0.474128
14705,0.474128
14706,0.476917
14707,0.473846
14708,0.473846
14709,0.474398
14710,0.474398
14711,0.474398
14712,0.474398
14713,0.474398
14714,0.474398
14715,0.474398
14716,0.473846
14717,0.473846
14718,0.474398
14719,0.479346
14720,0.479346
14721,0.479346
14722,0.474128
14723,0.474128
14724,0.474128
14725,0.474128
14726,0.479346
14727,0.474398
14728,0.474398
14729,0.474398
14730,0.473846
14731,0.473846
14732,0.474398
14733,0.474398
14734,0.474398
14735,0.474398
14736,0.474398
14737,0.474398
14738,0.474398
14739,0.474128
14740,0.474128
14741,0.474398
14742,0.474398
14743,0.474398
14744,0.474398
14745,0.473846
14746,0.473846
14747,0.474398
14748,0.474398
14749,0.474398
14750,0.474398
14751,0.474398
14752,0.473846
14753,0.473846
14754,0.474128
14755,0.474128
14756,0.474128
14757,0.474128
14758,0.474128
14759,0.474128
14760,0.474398
14761,0.474398
14762,0.474398
14763,0.474398
14764,0.474398
14765,0.474398
14766,0.474398
14767,0.474398
14768,0.474398
14769,0.474398
14770,0.474398
14771,0.474398
14772,0.474398
14773,0.474398
14774,0.474398
14775,0.474398
14776,0.474398
14777,0.474398
14778,0.474398
14779,0.474398
14780,0.474398
14781,0.474398
14782,0.474398
14783,0.474398
14784,0.479346
14785,0.479346
14786,0.479346
14787,0.477905
14788,0.477905
14789,0.477905
14790,0.477905
14791,0.477905
14792,0.474398
14793,0.474398
14794,0.474398
14795,0.474398
14796,0.474398
14797,0.474398
14798,0.474398
14799,0.474398
14800,0.474398
14801,0.474398
14802,0.474398
14803,0.474398
14804,0.474398
14805,0.474398
14806,0.479346
14807,0.479346
14808,0.474398
14809,0.474398
14810,0.474398
14811,0.474398
14812,0.474398
14813,0.474398
14814,0.473846
14815,0.474398
14816,0.474398
14817,0.474398
14818,0.474398
14819,0.474398
14820,0.474398
14821,0.474398
14822,0.474398
14823,0.473846
14824,0.474398
14825,0.474398
14826,0.474398
14827,0.474398
14828,0.474398
14829,0.473846
14830,0.473846
14831,0.474398
14832,0.474398
14833,0.474398
14834,0.474398
14835,0.474398
14836,0.473846
14837,0.473846
14838,0.474398
14839,0.474398
14840,0.466479
14841,0.474398
14842,0.474398
14843,0.473846
14844,0.473846
14845,0.474398
14846,0.474398
14847,0.474398
14848,0.474398
14849,0.474398
14850,0.474398
14851,0.473846
14852,0.473846
14853,0.474128
14854,0.479346
14855,0.479346
14856,0.479346
14857,0.473846
14858,0.473846
14859,0.474398
14860,0.474398
14861,0.474398
14862,0.474398
14863,0.474398
14864,0.474398
14865,0.473846
14866,0.474398
14867,0.474398
14868,0.474398
14869,0.479346
14870,0.479346
14871,0.479346
14872,0.473846
14873,0.473846
14874,0.479346
14875,0.479346
14876,0.474318
14877,0.474318
14878,0.473846
14879,0.473846
14880,0.473846
14881,0.474398
14882,0.474398
14883,0.474398
14884,0.474398
14885,0.474398
14886,0.474398
14887,0.474398
14888,0.474398
14889,0.474398
14890,0.474398
14891,0.474398
14892,0.474128
14893,0.474128
14894,0.474128
14895,0.474128
14896,0.474398
14897,0.474398
14898,0.474398
14899,0.474398
14900,0.474398
14901,0.474398
14902,0.474398
14903,0.474398
14904,0.474398
14905,0.474398
14906,0.474398
14907,0.474398
14908,0.474398
14909,0.474398
14910,0.474398
14911,0.474398
14912,0.474398
14913,0.474398
14914,0.474398
14915,0.474398
14916,0.474398
14917,0.474398
14918,0.474398
14919,0.474398
14920,0.474398
14921,0.474398
14922,0.474398
14923,0.474398
14924,0.474398
14925,0.479346
14926,0.474398
14927,0.474398
14928,0.474398
14929,0.474398
14930,0.474398
14931,0.474398
14932,0.474398
14933,0.474398
14934,0.474398
14935,0.474398
14936,0.474398
14937,0.474398
14938,0.473846
14939,0.473846
14940,0.473846
14941,0.474398
14942,0.474398
14943,0.474398
14944,0.474398
14945,0.474398
14946,0.473846
14947,0.474398
14948,0.474398
14949,0.474398
14950,0.474398
14951,0.474398
14952,0.474398
14953,0.473846
14954,0.473846
14955,0.473846
14956,0.473846
14957,0.473846
14958,0.474398
14959,0.474398
14960,0.474398
14961,0.473846
14962,0.473846
14963,0.473846
14964,0.474398
14965,0.474398
14966,0.474398
14967,0.474398
14968,0.474398
14969,0.474398
14970,0.474398
14971,0.474398
14972,0.474398
14973,0.474398
14974,0.474398
14975,0.474398
14976,0.474398
14977,0.474398
14978,0.474398
14979,0.474398
14980,0.474398
14981,0.474128
14982,0.474128
14983,0.474128
14984,0.474128
14985,0.474398
14986,0.474398
14987,0.474398
14988,0.474398
14989,0.474398
14990,0.474398
14991,0.474398
14992,0.474398
14993,0.474398
14994,0.474398
14995,0.474398
14996,0.474128
14997,0.474128
14998,0.474128
14999,0.474128
15000,0.474128
15001,0.479346
15002,0.479346
15003,0.479346
15004,0.477905
15005,0.477905
15006,0.477905
15007,0.479346
15008,0.479346
15009,0.473846
15010,0.473846
15011,0.473846
15012,0.473846
15013,0.479346
15014,0.479346
15015,0.479346
15016,0.474398
15017,0.474398
15018,0.473846
15019,0.473846
15020,0.473846
15021,0.474398
15022,0.474398
15023,0.474398
15024,0.473846
15025,0.473846
15026,0.473846
15027,0.473092
15028,0.466479
15029,0.466479
15030,0.466479
15031,0.473092
15032,0.474398
15033,0.474398
15034,0.474398
15035,0.474398
15036,0.474398
15037,0.473846
15038,0.473846
15039,0.473846
15040,0.473846
15041,0.474398
15042,0.474398
15043,0.474398
15044,0.474398
15045,0.473846
15046,0.473846
15047,0.473846
15048,0.473846
15049,0.474398
15050,0.474398
15051,0.474128
15052,0.474128
15053,0.474128
15054,0.473846
15055,0.474398
15056,0.474398
15057,0.474398
15058,0.474398
15059,0.474398
15060,0.474398
15061,0.474398
15062,0.473846
15063,0.473846
15064,0.474398
15065,0.474398
15066,0.474398
15067,0.479346
15068,0.479346
15069,0.474128
15070,0.474128
15071,0.474398
15072,0.474398
15073,0.474398
15074,0.474398
15075,0.474398
15076,0.474398
15077,0.474398
15078,0.474398
15079,0.474398
15080,0.474398
15081,0.474398
15082,0.474398
15083,0.474398
15084,0.474398
15085,0.473846
15086,0.479346
15087,0.479346
15088,0.479346
15089,0.479346
15090,0.474398
15091,0.474398
15092,0.474398
15093,0.474398
15094,0.474398
15095,0.474398
15096,0.474398
15097,0.473846
15098,0.473846
15099,0.474398
15100,0.474398
15101,0.474398
15102,0.474398
15103,0.474398
15104,0.473846
15105,0.473846
15106,0.473846
15107,0.474398
15108,0.474398
15109,0.474398
15110,0.474398
15111,0.474398
15112,0.473846
15113,0.473846
15114,0.474398
15115,0.474398
15116,0.474398
15117,0.474398
15118,0.474398
15119,0.474398
15120,0.473846
15121,0.473846
15122,0.474128
15123,0.474398
15124,0.474398
15125,0.474398
15126,0.474128
15127,0.474128
15128,0.474128
15129,0.474128
15130,0.474318
15131,0.466479
15132,0.474318
15133,0.474398
15134,0.474398
15135,0.474398
15136,0.473846
15137,0.474398
15138,0.474398
15139,0.474398
15140,0.474398
15141,0.474398
15142,0.474398
15143,0.474398
15144,0.474398
15145,0.479346
15146,0.479346
15147,0.479346
15148,0.479346
15149,0.474128
15150,0.474128
15151,0.479346
15152,0.479346
15153,0.474398
15154,0.474398
15155,0.474398
15156,0.474398
15157,0.474398
15158,0.474398
15159,0.474398
15160,0.474398
15161,0.474398
15162,0.474398
15163,0.474398
15164,0.479346
15165,0.479346
15166,0.479346
15167,0.479346
15168,0.473846
15169,0.473846
15170,0.473846
15171,0.473846
15172,0.474398
15173,0.474398
15174,0.474398
15175,0.474398
15176,0.473846
15177,0.473846
15178,0.474398
15179,0.474398
15180,0.474398
15181,0.474398
15182,0.474398
15183,0.474398
15184,0.474398
15185,0.473846
15186,0.473846
15187,0.474398
15188,0.474398
15189,0.474398
15190,0.474398
15191,0.473846
15192,0.473846
15193,0.474398
15194,0.474398
15195,0.474398
15196,0.474398
15197,0.474398
15198,0.473846
15199,0.473846
15200,0.474398
15201,0.474398
15202,0.474398
15203,0.474398
15204,0.474398
15205,0.474128
15206,0.474128
15207,0.474398
15208,0.474398
15209,0.474398
15210,0.474398
15211,0.474398
15212,0.474398
15213,0.474398
15214,0.474398
15215,0.474398
15216,0.474398
15217,0.474398
15218,0.474398
15219,0.474398
15220,0.474398
15221,0.479346
15222,0.479346
15223,0.479346
15224,0.479346
15225,0.479346
15226,0.474398
15227,0.473846
15228,0.474398
15229,0.474398
15230,0.474398
15231,0.474398
15232,0.474398
15233,0.474398
15234,0.474398
15235,0.479346
15236,0.479346
15237,0.479346
15238,0.479346
15239,0.479346
15240,0.479346
15241,0.479346
15242,0.473846
15243,0.473846
15244,0.479346
15245,0.479346
15246,0.474398
15247,0.474398
15248,0.474398
15249,0.474398
15250,0.474398
15251,0.474398
15252,0.474398
15253,0.474398
15254,0.474398
15255,0.474398
15256,0.474398
15257,0.474398
15258,0.474398
15259,0.474398
15260,0.474398
15261,0.474398
15262,0.474398
15263,0.474398
15264,0.474398
15265,0.474398
15266,0.473846
15267,0.473846
15268,0.474398
15269,0.474398
15270,0.474398
15271,0.474398
15272,0.474398
15273,0.474398
15274,0.474398
15275,0.473846
15276,0.474128
15277,0.474128
15278,0.474128
15279,0.474398
15280,0.474398
15281,0.474398
15282,0.474398
15283,0.474398
15284,0.474398
15285,0.474398
15286,0.474398
15287,0.474398
15288,0.474398
15289,0.474398
15290,0.474398
15291,0.479346
15292,0.474128
15293,0.474128
15294,0.474128
15295,0.479346
15296,0.474398
15297,0.474398
15298,0.474398
15299,0.474398
15300,0.474398
15301,0.473846
15302,0.474398
15303,0.474398
15304,0.474398
15305,0.479346
15306,0.479346
15307,0.474128
15308,0.474128
15309,0.474128
15310,0.476917
15311,0.479346
15312,0.479346
15313,0.479346
15314,0.474398
15315,0.474398
15316,0.474398
15317,0.473846
15318,0.474398
15319,0.474398
15320,0.474398
15321,0.474398
15322,0.473846
15323,0.473846
15324,0.473846
15325,0.473846
15326,0.474398
15327,0.474398
15328,0.474398
15329,0.474398
15330,0.474398
15331,0.473846
15332,0.474398
15333,0.474398
15334,0.473846
15335,0.473846
15336,0.473846
15337,0.473846
15338,0.473846
15339,0.473846
15340,0.473846
15341,0.473846
15342,0.474398
15343,0.474398
15344,0.474398
15345,0.473846
15346,0.473846
15347,0.473846
15348,0.474398
15349,0.474398
15350,0.474398
15351,0.474128
15352,0.474128
15353,0.474128
15354,0.474128
15355,0.474128
15356,0.474128
15357,0.474398
15358,0.474398
15359,0.466479
15360,0.466479
15361,0.466479
15362,0.466479
15363,0.474398
15364,0.474398
15365,0.474398
15366,0.474398
15367,0.474398
15368,0.479346
15369,0.474128
15370,0.474128
15371,0.474128
15372,0.473846
15373,0.473846
15374,0.474398
15375,0.474398
15376,0.474398
15377,0.474398
15378,0.474398
15379,0.473846
15380,0.473846
15381,0.473846
15382,0.474398
15383,0.479346
15384,0.479346
15385,0.479346
15386,0.474128
15387,0.474128
15388,0.476190
15389,0.476917
15390,0.479346
15391,0.479346
15392,0.474398
15393,0.474398
15394,0.474398
15395,0.474398
15396,0.474398
15397,0.474398
15398,0.474398
15399,0.473846
15400,0.473846
15401,0.473846
15402,0.474398
15403,0.474398
15404,0.474398
15405,0.474398
15406,0.474398
15407,0.474398
15408,0.474398
15409,0.474398
15410,0.474398
15411,0.474398
15412,0.474398
15413,0.474398
15414,0.474398
15415,0.474398
15416,0.474398
15417,0.474398
15418,0.473846
15419,0.473846
15420,0.473846
15421,0.474398
15422,0.474398
15423,0.474398
15424,0.474398
15425,0.473846
15426,0.473846
15427,0.473846
15428,0.474398
15429,0.474398
15430,0.474398
15431,0.474128
15432,0.474128
15433,0.474128
15434,0.474128
15435,0.474398
15436,0.474398
15437,0.474398
15438,0.474398
15439,0.474398
15440,0.473092
15441,0.473092
15442,0.473846
15443,0.473846
15444,0.474398
15445,0.474398
15446,0.474398
15447,0.474398
15448,0.474398
15449,0.474398
15450,0.474398
15451,0.474398
15452,0.474398
15453,0.474398
15454,0.474398
15455,0.474398
15456,0.479346
15457,0.479346
15458,0.479346
15459,0.479346
15460,0.477905
15461,0.477905
15462,0.474318
15463,0.477905
15464,0.474398
15465,0.474398
15466,0.474398
15467,0.474398
15468,0.474398
15469,0.474398
15470,0.473846
15471,0.473846
15472,0.474398
15473,0.474398
15474,0.474398
15475,0.474398
15476,0.474398
15477,0.474398
15478,0.474398
15479,0.474398
15480,0.474398
15481,0.474398
15482,0.474398
15483,0.474398
15484,0.474318
15485,0.474318
15486,0.474318
15487,0.474318
15488,0.473092
15489,0.473092
15490,0.473846
15491,0.474398
15492,0.474398
15493,0.474398
15494,0.474398
15495,0.474398
15496,0.474398
15497,0.474398
15498,0.474398
15499,0.474398
15500,0.474398
15501,0.474398
15502,0.474398
15503,0.474398
15504,0.474398
15505,0.474398
15506,0.474398
15507,0.473092
15508,0.466479
15509,0.456155
15510,0.456155
15511,0.474398
15512,0.474398
15513,0.474398
15514,0.474398
15515,0.474398
15516,0.474398
15517,0.474398
15518,0.474398
15519,0.474398
15520,0.474398
15521,0.474398
15522,0.474398
15523,0.474398
15524,0.473092
15525,0.473092
15526,0.466479
15527,0.473092
15528,0.477905
15529,0.474398
15530,0.474398
15531,0.474398
15532,0.474398
15533,0.474398
15534,0.474398
15535,0.474398
15536,0.479346
15537,0.479346
15538,0.474128
15539,0.474128
15540,0.479346
15541,0.479346
15542,0.479346
15543,0.479346
15544,0.479346
15545,0.474398
15546,0.474398
15547,0.474398
15548,0.474398
15549,0.474398
15550,0.474398
15551,0.474398
15552,0.477905
15553,0.477905
15554,0.477905
15555,0.477905
15556,0.474398
15557,0.474398
15558,0.474398
15559,0.474398
15560,0.474398
15561,0.474398
15562,0.473846
15563,0.474398
15564,0.474398
15565,0.474398
15566,0.474398
15567,0.474398
15568,0.473846
15569,0.473846
15570,0.473846
15571,0.474398
15572,0.474398
15573,0.474398
15574,0.474398
15575,0.474398
15576,0.474398
15577,0.473846
15578,0.474398
15579,0.474398
15580,0.474398
15581,0.474398
15582,0.474398
15583,0.473846
15584,0.473846
15585,0.473846
15586,0.474398
15587,0.474398
15588,0.474398
15589,0.474398
15590,0.474398
15591,0.474398
15592,0.474398
15593,0.474398
15594,0.474398
15595,0.474398
15596,0.474128
15597,0.474128
15598,0.474128
15599,0.474128
15600,0.474128
15601,0.474398
15602,0.474398
15603,0.474398
15604,0.474398
15605,0.474398
15606,0.474398
15607,0.474398
15608,0.474398
15609,0.474398
15610,0.474398
15611,0.474398
15612,0.474128
15613,0.474128
15614,0.474128
15615,0.474128
15616,0.479346
15617,0.479346
15618,0.479346
15619,0.479346
15620,0.474398
15621,0.474398
15622,0.474398
15623,0.474398
15624,0.474398
15625,0.474318
15626,0.474318
15627,0.474318
15628,0.474318
15629,0.474318
15630,0.474398
15631,0.474398
15632,0.474398
15633,0.474398
15634,0.473846
15635,0.474398
15636,0.477905
15637,0.477905
15638,0.477905
15639,0.477905
15640,0.477905
15641,0.474398
15642,0.479346
15643,0.479346
15644,0.479346
15645,0.474318
15646,0.474318
15647,0.474318
15648,0.474318
15649,0.474318
15650,0.474398
15651,0.474398
15652,0.474398
15653,0.474398
15654,0.474398
15655,0.474398
15656,0.474398
15657,0.474398
15658,0.474398
15659,0.474398
15660,0.474398
15661,0.474398
15662,0.474398
15663,0.474398
15664,0.474398
15665,0.474398
15666,0.474398
15667,0.474398
15668,0.474398
15669,0.474398
15670,0.474398
15671,0.474398
15672,0.474398
15673,0.474398
15674,0.474398
15675,0.474398
15676,0.474398
15677,0.474398
15678,0.474398
15679,0.474398
15680,0.474398
15681,0.474398
15682,0.474398
15683,0.474398
15684,0.474398
15685,0.474398
15686,0.474398
15687,0.474398
15688,0.474398
15689,0.474398
15690,0.474398
15691,0.474398
15692,0.474398
15693,0.474398
15694,0.474398
15695,0.474398
15696,0.474398
15697,0.474398
15698,0.474398
15699,0.474398
15700,0.474398
15701,0.479346
15702,0.479346
15703,0.479346
15704,0.479346
15705,0.474398
15706,0.474398
15707,0.474398
15708,0.473846
15709,0.474398
15710,0.474398
15711,0.474398
15712,0.474398
15713,0.474398
15714,0.474398
15715,0.474398
15716,0.474398
15717,0.474398
15718,0.474398
15719,0.474398
15720,0.474398
15721,0.479346
15722,0.479346
15723,0.474128
15724,0.474128
15725,0.474128
15726,0.474128
15727,0.479346
15728,0.479346
15729,0.474398
15730,0.474398
15731,0.474398
15732,0.474398
15733,0.474398
15734,0.474398
15735,0.474398
15736,0.474398
15737,0.474398
15738,0.474398
15739,0.474398
15740,0.474128
15741,0.474128
15742,0.474128
15743,0.474128
15744,0.474398
15745,0.474398
15746,0.474398
15747,0.474398
15748,0.474398
15749,0.474398
15750,0.474398
15751,0.474398
15752,0.474398
15753,0.474398
15754,0.474398
15755,0.474398
15756,0.474398
15757,0.474398
15758,0.474398
15759,0.474398
15760,0.474398
15761,0.474398
15762,0.474398
15763,0.474398
15764,0.474398
15765,0.474398
15766,0.474398
15767,0.474398
15768,0.474398
15769,0.474398
15770,0.474398
15771,0.473846
15772,0.473846
15773,0.474398
15774,0.474398
15775,0.474398
15776,0.474398
15777,0.474398
15778,0.474398
15779,0.474398
15780,0.474398
15781,0.474398
15782,0.474398
15783,0.474398
15784,0.474398
15785,0.474398
15786,0.474398
15787,0.474398
15788,0.474398
15789,0.474398
15790,0.474398
15791,0.474128
15792,0.474128
15793,0.474128
15794,0.474398
15795,0.474398
15796,0.474398
15797,0.474398
15798,0.474398
15799,0.474398
15800,0.474398
15801,0.474398
15802,0.474398
15803,0.474398
15804,0.474398
15805,0.479346
15806,0.479346
15807,0.474128
15808,0.474128
15809,0.474128
15810,0.474128
15811,0.474128
15812,0.479346
15813,0.465693
15814,0.474398
15815,0.474398
15816,0.474398
15817,0.474398
15818,0.474398
15819,0.479346
15820,0.479346
15821,0.474318
15822,0.479346
15823,0.479346
15824,0.474398
15825,0.474398
15826,0.474398
15827,0.474398
15828,0.474398
15829,0.474398
15830,0.474398
15831,0.474398
15832,0.474398
15833,0.474398
15834,0.479346
15835,0.475080
15836,0.474128
15837,0.474128
15838,0.474128
15839,0.474318
15840,0.474318
15841,0.474398
15842,0.474398
15843,0.474398
15844,0.473846
15845,0.473846
15846,0.473846
15847,0.474398
15848,0.474398
15849,0.474398
15850,0.473846
15851,0.473846
15852,0.473846
15853,0.474398
15854,0.474398
15855,0.474398
15856,0.474398
15857,0.474398
15858,0.474398
15859,0.474398
15860,0.474398
15861,0.474398
15862,0.474398
15863,0.474128
15864,0.474128
15865,0.474398
15866,0.474398
15867,0.474398
15868,0.474398
15869,0.474398
15870,0.474398
15871,0.474398
15872,0.474398
15873,0.474398
15874,0.474398
15875,0.474398
15876,0.474398
15877,0.474398
15878,0.479346
15879,0.474128
15880,0.474128
15881,0.474128
15882,0.474128
15883,0.474128
15884,0.474128
15885,0.474398
15886,0.474398
15887,0.474398
15888,0.474398
15889,0.462764
15890,0.474398
15891,0.474398
15892,0.474398
15893,0.479346
15894,0.479346
15895,0.479346
15896,0.479346
15897,0.474128
15898,0.474128
15899,0.479346
15900,0.479346
15901,0.479346
15902,0.479346
15903,0.474398
15904,0.474398
15905,0.474398
15906,0.474398
15907,0.474398
15908,0.474398
15909,0.474398
15910,0.479346
15911,0.479346
15912,0.479346
15913,0.474128
15914,0.474128
15915,0.473846
15916,0.473846
15917,0.474398
15918,0.474398
15919,0.474398
15920,0.474398
15921,0.473846
15922,0.473846
15923,0.473846
15924,0.473846
15925,0.474398
15926,0.474398
15927,0.474398
15928,0.473846
15929,0.473846
15930,0.473846
15931,0.473846
15932,0.474398
15933,0.474398
15934,0.474398
15935,0.474398
15936,0.474398
15937,0.474398
15938,0.474398
15939,0.474398
15940,0.474398
15941,0.474398
15942,0.474398
15943,0.474398
15944,0.474398
15945,0.474398
15946,0.474398
15947,0.474398
15948,0.474398
15949,0.474398
15950,0.474398
15951,0.474398
15952,0.474398
15953,0.474398
15954,0.474398
15955,0.474398
15956,0.474398
15957,0.474398
15958,0.474398
15959,0.474398
15960,0.474398
15961,0.474398
15962,0.479346
15963,0.479346
15964,0.479346
15965,0.474398
15966,0.474398
15967,0.474398
15968,0.474398
15969,0.474398
15970,0.474398
15971,0.474398
15972,0.474398
15973,0.474398
15974,0.474398
15975,0.474398
15976,0.474398
15977,0.474398
15978,0.474398
15979,0.474398
15980,0.479346
15981,0.479346
15982,0.479346
15983,0.474128
15984,0.474128
15985,0.474128
15986,0.474128
15987,0.474128
15988,0.479346
15989,0.477905
15990,0.477905
15991,0.477905
15992,0.477905
15993,0.473846
15994,0.473846
15995,0.473846
15996,0.474398
15997,0.474398
15998,0.474398
15999,0.474398
16000,0.473846
16001,0.473846
16002,0.473846
16003,0.473846
16004,0.474398
16005,0.474398
16006,0.479346
16007,0.474398
16008,0.474398
16009,0.473846
16010,0.474128
16011,0.474128
16012,0.474128
16013,0.466479
16014,0.466479
16015,0.466479
16016,0.474318
16017,0.474398
16018,0.474398
16019,0.474398
16020,0.474398
16021,0.474398
16022,0.474398
16023,0.474398
16024,0.474398
16025,0.474398
16026,0.474398
16027,0.474398
16028,0.474398
16029,0.474398
16030,0.474318
16031,0.474318
16032,0.474318
16033,0.474398
16034,0.474398
16035,0.477905
16036,0.477905
16037,0.477905
16038,0.474398
16039,0.474398
16040,0.474398
16041,0.474398
16042,0.474398
16043,0.474398
16044,0.474398
16045,0.474398
16046,0.474398
16047,0.473846
16048,0.473846
16049,0.473846
16050,0.474398
16051,0.474398
16052,0.474398
16053,0.477905
16054,0.477905
16055,0.473092
16056,0.473092
16057,0.473092
16058,0.473092
16059,0.477905
16060,0.474128
16061,0.474128
16062,0.474128
16063,0.474128
16064,0.473846
16065,0.473846
16066,0.474398
16067,0.474398
16068,0.474398
16069,0.474398
16070,0.474398
16071,0.474398
16072,0.473846
16073,0.473846
16074,0.473846
16075,0.474318
16076,0.474398
16077,0.479346
16078,0.479346
16079,0.474398
16080,0.473846
16081,0.473846
16082,0.473846
16083,0.474398
16084,0.474398
16085,0.440104
16086,0.477905
16087,0.474398
16088,0.473846
16089,0.473846
16090,0.474398
16091,0.474398
16092,0.474398
16093,0.474398
16094,0.474398
16095,0.473846
16096,0.473846
16097,0.473846
16098,0.473846
16099,0.474398
16100,0.474398
16101,0.448354
16102,0.448354
16103,0.448354
16104,0.473846
16105,0.474398
16106,0.474398
16107,0.474398
16108,0.474398
16109,0.474398
16110,0.474398
16111,0.474398
16112,0.474398
16113,0.474398
16114,0.473846
16115,0.473846
16116,0.474398
16117,0.474128
16118,0.474128
16119,0.474128
16120,0.474398
16121,0.474398
16122,0.474398
16123,0.473846
16124,0.474398
16125,0.474398
16126,0.474398
16127,0.474398
16128,0.474398
16129,0.474398
16130,0.474398
16131,0.474398
16132,0.474398
16133,0.474398
16134,0.474398
16135,0.474398
16136,0.474398
16137,0.474398
16138,0.479346
16139,0.466479
16140,0.466479
16141,0.466479
16142,0.466479
16143,0.474128
16144,0.474128
16145,0.474128
16146,0.479346
16147,0.479346
16148,0.479346
16149,0.479346
16150,0.479346
16151,0.479346
16152,0.479346
16153,0.474128
16154,0.474128
16155,0.474128
16156,0.474128
16157,0.474128
16158,0.479346
16159,0.479346
16160,0.474398
16161,0.474398
16162,0.474398
16163,0.474398
16164,0.473846
16165,0.473846
16166,0.473846
16167,0.473846
16168,0.473846
16169,0.477905
16170,0.474318
16171,0.474318
16172,0.473846
16173,0.473846
16174,0.473846
16175,0.473846
16176,0.473846
16177,0.474398
16178,0.474398
16179,0.474398
16180,0.473846
16181,0.473846
16182,0.467685
16183,0.473846
16184,0.473846
16185,0.479346
16186,0.479346
16187,0.474398
16188,0.473846
16189,0.473846
16190,0.473846
16191,0.473846
16192,0.473846
16193,0.474398
16194,0.474398
16195,0.474398
16196,0.473846
16197,0.473846
16198,0.473846
16199,0.474398
16200,0.466479
16201,0.466479
16202,0.474128
16203,0.474128
16204,0.474128
16205,0.474128
16206,0.474398
16207,0.474398
16208,0.474398
16209,0.474398
16210,0.474398
16211,0.473846
16212,0.473846
16213,0.473846
16214,0.474398
16215,0.466479
16216,0.466479
16217,0.474398
16218,0.474398
16219,0.473846
16220,0.473846
16221,0.474398
16222,0.474398
16223,0.474398
16224,0.474398
16225,0.474398
16226,0.474398
16227,0.467153
16228,0.467153
16229,0.467153
16230,0.474398
16231,0.479346
16232,0.479346
16233,0.475080
16234,0.475080
16235,0.474128
16236,0.476917
16237,0.479346
16238,0.479346
16239,0.479346
16240,0.479346
16241,0.479346
16242,0.474398
16243,0.473846
16244,0.473846
16245,0.474398
16246,0.474398
16247,0.474398
16248,0.474398
16249,0.479346
16250,0.479346
16251,0.479346
16252,0.479346
16253,0.479346
16254,0.479346
16255,0.474318
16256,0.479346
16257,0.476190
16258,0.475369
16259,0.475369
16260,0.475369
16261,0.475369
16262,0.475879
16263,0.475879
16264,0.474398
16265,0.474398
16266,0.474398
16267,0.473846
16268,0.473846
16269,0.473846
16270,0.473846
16271,0.474398
16272,0.474398
16273,0.474398
16274,0.474398
16275,0.474398
16276,0.473846
16277,0.473846
16278,0.474398
16279,0.474398
16280,0.466479
16281,0.466479
16282,0.474128
16283,0.474128
16284,0.474128
16285,0.474128
16286,0.474398
16287,0.474398
16288,0.474398
16289,0.474398
16290,0.474398
16291,0.474398
16292,0.474398
16293,0.473846
16294,0.474398
16295,0.474398
16296,0.474398
16297,0.474398
16298,0.474398
16299,0.474398
16300,0.473846
16301,0.473846
16302,0.474398
16303,0.474398
16304,0.474398
16305,0.474398
16306,0.474398
16307,0.474398
16308,0.474398
16309,0.473846
16310,0.473846
16311,0.474398
16312,0.474398
16313,0.474398
16314,0.474398
16315,0.474398
16316,0.474398
16317,0.474398
16318,0.474398
16319,0.479346
16320,0.479346
16321,0.479346
16322,0.479346
16323,0.479346
16324,0.474398
16325,0.474398
16326,0.474398
16327,0.474398
16328,0.474398
16329,0.474398
16330,0.474398
16331,0.474398
16332,0.473846
16333,0.473846
16334,0.473846
16335,0.474398
16336,0.474398
16337,0.474398
16338,0.479346
16339,0.475080
16340,0.475080
16341,0.474128
16342,0.474128
16343,0.476917
16344,0.476917
16345,0.475369
16346,0.476190
16347,0.474128
16348,0.479346
16349,0.479346
16350,0.479346
16351,0.473846
16352,0.473846
16353,0.473846
16354,0.474398
16355,0.474398
16356,0.474398
16357,0.474398
16358,0.474398
16359,0.474398
16360,0.474398
16361,0.474398
16362,0.066487
16363,0.474398
16364,0.474398
16365,0.474398
16366,0.474398
16367,0.474398
16368,0.474398
16369,0.474398
16370,0.474398
16371,0.474398
16372,0.474398
16373,0.474398
16374,0.474398
16375,0.474398
16376,0.474398
16377,0.474398
16378,0.474398
16379,0.474398
16380,0.474128
16381,0.474128
16382,0.466479
16383,0.466479
16384,0.466479
16385,0.474318
16386,0.474318
16387,0.474318
16388,0.474398
16389,0.473846
16390,0.463897
16391,0.473846
16392,0.473846
16393,0.474398
16394,0.474398
16395,0.474398
16396,0.474398
16397,0.474398
16398,0.474398
16399,0.473846
16400,0.473846
16401,0.474398
16402,0.474398
16403,0.479346
16404,0.479346
16405,0.479346
16406,0.474128
16407,0.474128
16408,0.474128
16409,0.479346
16410,0.474398
16411,0.474398
16412,0.474398
16413,0.474398
16414,0.474398
16415,0.477905
16416,0.477905
16417,0.474398
16418,0.473846
16419,0.473846
16420,0.473846
16421,0.474398
16422,0.479346
16423,0.479346
16424,0.473846
16425,0.473846
16426,0.473846
16427,0.473846
16428,0.473846
16429,0.474398
16430,0.477905
16431,0.477905
16432,0.477905
16433,0.474398
16434,0.474398
16435,0.474398
16436,0.474398
16437,0.474398
16438,0.474398
16439,0.474398
16440,0.474398
16441,0.474398
16442,0.474398
16443,0.474398
16444,0.474398
16445,0.473846
16446,0.474398
16447,0.474398
16448,0.474398
16449,0.474398
16450,0.474398
16451,0.474398
16452,0.474398
16453,0.473846
16454,0.473846
16455,0.473846
16456,0.474398
16457,0.474398
16458,0.474398
16459,0.474398
16460,0.474398
16461,0.474398
16462,0.474398
16463,0.479346
16464,0.474128
16465,0.466479
16466,0.466479
16467,0.474128
16468,0.474128
16469,0.474128
16470,0.474398
16471,0.474398
16472,0.474398
16473,0.474398
16474,0.474398
16475,0.474398
16476,0.473846
16477,0.473846
16478,0.473846
16479,0.473846
16480,0.474398
16481,0.474398
16482,0.474398
16483,0.474398
16484,0.474398
16485,0.474398
16486,0.474398
16487,0.474398
16488,0.474398
16489,0.479346
16490,0.479346
16491,0.475080
16492,0.474128
16493,0.479346
16494,0.479346
16495,0.473846
16496,0.473846
16497,0.473846
16498,0.474398
16499,0.474398
16500,0.474398
16501,0.474398
16502,0.474398
16503,0.474398
16504,0.474398
16505,0.474398
16506,0.474398
16507,0.474398
16508,0.479346
16509,0.479346
16510,0.473533
16511,0.475080
16512,0.475080
16513,0.475080
16514,0.479346
16515,0.474318
16516,0.479346
16517,0.479346
16518,0.479346
16519,0.474398
16520,0.474398
16521,0.474398
16522,0.474398
16523,0.474398
16524,0.474398
16525,0.473846
16526,0.473846
16527,0.473846
16528,0.473846
16529,0.473846
16530,0.474398
16531,0.474398
16532,0.474398
16533,0.474398
16534,0.474398
16535,0.474398
16536,0.474398
16537,0.474398
16538,0.474128
16539,0.474128
16540,0.474128
16541,0.474128
16542,0.474128
16543,0.479346
16544,0.474398
16545,0.474398
16546,0.474398
16547,0.474398
16548,0.474398
16549,0.474398
16550,0.474398
16551,0.474398
16552,0.474398
16553,0.474398
16554,0.474398
16555,0.474398
16556,0.474398
16557,0.474398
16558,0.474398
16559,0.479346
16560,0.474128
16561,0.474128
16562,0.466479
16563,0.466479
16564,0.466479
16565,0.466479
16566,0.474398
16567,0.474398
16568,0.474398
16569,0.474398
16570,0.474398
16571,0.474398
16572,0.474398
16573,0.474398
16574,0.474398
16575,0.474398
16576,0.474398
16577,0.474398
16578,0.479346
16579,0.479346
16580,0.466479
16581,0.466479
16582,0.466479
16583,0.474318
16584,0.474128
16585,0.476917
16586,0.476190
16587,0.476190
16588,0.477905
16589,0.477905
16590,0.474398
16591,0.474398
16592,0.474398
16593,0.474398
16594,0.473846
16595,0.473846
16596,0.474398
16597,0.474398
16598,0.474398
16599,0.474398
16600,0.474398
16601,0.474398
16602,0.479346
16603,0.479346
16604,0.474128
16605,0.474128
16606,0.467868
16607,0.471222
16608,0.471222
16609,0.469587
16610,0.469587
16611,0.467153
16612,0.468185
16613,0.474398
16614,0.474398
16615,0.474398
16616,0.474398
16617,0.474398
16618,0.474398
16619,0.466608
16620,0.474398
16621,0.474398
16622,0.474398
16623,0.456155
16624,0.450680
16625,0.450680
16626,0.450680
16627,0.456155
16628,0.474128
16629,0.474128
16630,0.474128
16631,0.474128
16632,0.474128
16633,0.474128
16634,0.474128
16635,0.474128
16636,0.479346
16637,0.474398
16638,0.479346
16639,0.479346
16640,0.479346
16641,0.479346
16642,0.479346
16643,0.474128
16644,0.474128
16645,0.474128
16646,0.474128
16647,0.474128
16648,0.474128
16649,0.476190
16650,0.473846
16651,0.473846
16652,0.473846
16653,0.473846
16654,0.473846
16655,0.475369
16656,0.477108
16657,0.477108
16658,0.477108
16659,0.475369
16660,0.475369
16661,0.475369
16662,0.473846
16663,0.474398
16664,0.474398
16665,0.474398
16666,0.474398
16667,0.474318
16668,0.476497
16669,0.473846
16670,0.473846
16671,0.473846
16672,0.473846
16673,0.473846
16674,0.473846
16675,0.474398
16676,0.474398
16677,0.474398
16678,0.474398
16679,0.473846
16680,0.473846
16681,0.473846
16682,0.473846
16683,0.474398
16684,0.479346
16685,0.474128
16686,0.479346
16687,0.474398
16688,0.474128
16689,0.473846
16690,0.473846
16691,0.473846
16692,0.473846
16693,0.474398
16694,0.474398
16695,0.474398
16696,0.474398
16697,0.474398
16698,0.474398
16699,0.474398
16700,0.474398
16701,0.474398
16702,0.474398
16703,0.474398
16704,0.474398
16705,0.474398
16706,0.474398
16707,0.474128
16708,0.474128
16709,0.474128
16710,0.474128
16711,0.474128
16712,0.473846
16713,0.474398
16714,0.474398
16715,0.474398
16716,0.474398
16717,0.474398
16718,0.474398
16719,0.474398
16720,0.474398
16721,0.474398
16722,0.474398
16723,0.474398
16724,0.479346
16725,0.479346
16726,0.474128
16727,0.474128
16728,0.474128
16729,0.474128
16730,0.413268
16731,0.413268
16732,0.413268
16733,0.413268
16734,0.413268
16735,0.413268
16736,0.413268
16737,0.448994
16738,0.474398
16739,0.477905
16740,0.466479
16741,0.466479
16742,0.466479
16743,0.466105
16744,0.466105
16745,0.474128
16746,0.474128
16747,0.474128
16748,0.474128
16749,0.474128
16750,0.466047
16751,0.468496
16752,0.475080
16753,0.475080
16754,0.473092
16755,0.469587
16756,0.469587
16757,0.471222
16758,0.474128
16759,0.474128
16760,0.474128
16761,0.474128
16762,0.475080
16763,0.472648
16764,0.467165
16765,0.468988
16766,0.472012
16767,0.471222
16768,0.471222
16769,0.471222
16770,0.469587
16771,0.469587
16772,0.477108
16773,0.477108
16774,0.477905
16775,0.477905
16776,0.477905
16777,0.477905
16778,0.479346
16779,0.479346
16780,0.479346
16781,0.479346
16782,0.479346
16783,0.479346
16784,0.475080
16785,0.474128
16786,0.474128
16787,0.474128
16788,0.474128
16789,0.474128
16790,0.474128
16791,0.474128
16792,0.477108
16793,0.477108
16794,0.475369
16795,0.477905
16796,0.477905
16797,0.477905
16798,0.477905
16799,0.474398
16800,0.474398
16801,0.474398
16802,0.474398
16803,0.473846
16804,0.473846
16805,0.473846
16806,0.473846
16807,0.473846
16808,0.474398
16809,0.474398
16810,0.474398
16811,0.479346
16812,0.474318
16813,0.474318
16814,0.474398
16815,0.473846
16816,0.473846
16817,0.473846
16818,0.473846
16819,0.474398
16820,0.474398
16821,0.473846
16822,0.473846
16823,0.473846
16824,0.473846
16825,0.473846
16826,0.474398
16827,0.474398
16828,0.474398
16829,0.474398
16830,0.474398
16831,0.474398
16832,0.474398
16833,0.474398
16834,0.474398
16835,0.474398
16836,0.474398
16837,0.473846
16838,0.474128
16839,0.474128
16840,0.474128
16841,0.474398
16842,0.474398
16843,0.474398
16844,0.473846
16845,0.467153
16846,0.467153
16847,0.467153
16848,0.467153
16849,0.473846
16850,0.474398
16851,0.474398
16852,0.474398
16853,0.474398
16854,0.474398
16855,0.474398
16856,0.474398
16857,0.474398
16858,0.474398
16859,0.474398
16860,0.474398
16861,0.474398
16862,0.479346
16863,0.468859
16864,0.468859
16865,0.475080
16866,0.474128
16867,0.474128
16868,0.474128
16869,0.476190
16870,0.474398
16871,0.479346
16872,0.479346
16873,0.479346
16874,0.479346
16875,0.471178
16876,0.471178
16877,0.473846
16878,0.473846
16879,0.473846
16880,0.473846
16881,0.472174
16882,0.034816
16883,0.479346
16884,0.479346
16885,0.479346
16886,0.479346
16887,0.476190
16888,0.476190
16889,0.476190
16890,0.479346
16891,0.479346
16892,0.479346
16893,0.479346
16894,0.479346
16895,0.479346
16896,0.479346
16897,0.476190
16898,0.476190
16899,0.476190
16900,0.475369
16901,0.475369
16902,0.475369
16903,0.475369
16904,0.476190
16905,0.476190
16906,0.476190
16907,0.476190
16908,0.476190
16909,0.476190
16910,0.476190
16911,0.476190
16912,0.476190
16913,0.476190
16914,0.476190
16915,0.479346
16916,0.479346
16917,0.479346
16918,0.479346
16919,0.479346
16920,0.476190
16921,0.476190
16922,0.476497
16923,0.474318
16924,0.474318
16925,0.474318
16926,0.474318
16927,0.474318
16928,0.474318
16929,0.474318
16930,0.471178
16931,0.471178
16932,0.468908
16933,0.468908
16934,0.468908
16935,0.468908
16936,0.473846
16937,0.473846
16938,0.474398
16939,0.474398
16940,0.474398
16941,0.479346
16942,0.479346
16943,0.474398
16944,0.474398
16945,0.473846
16946,0.473846
16947,0.474398
16948,0.474398
16949,0.474398
16950,0.474398
16951,0.474398
16952,0.474398
16953,0.474398
16954,0.474398
16955,0.474398
16956,0.474398
16957,0.474398
16958,0.474398
16959,0.474398
16960,0.474398
16961,0.474398
16962,0.474398
16963,0.474398
16964,0.474398
16965,0.474398
16966,0.474128
16967,0.474128
16968,0.474128
16969,0.474128
16970,0.474398
16971,0.474398
16972,0.474398
16973,0.474398
16974,0.474398
16975,0.474398
16976,0.474398
16977,0.474398
16978,0.474398
16979,0.474398
16980,0.474398
16981,0.474398
16982,0.474398
16983,0.474398
16984,0.474398
16985,0.474398
16986,0.474398
16987,0.474398
16988,0.474398
16989,0.474398
16990,0.474398
16991,0.474398
16992,0.474398
16993,0.474398
16994,0.474398
16995,0.474398
16996,0.474398
16997,0.474398
16998,0.474398
16999,0.474398
17000,0.474398
17001,0.474398
17002,0.474398
17003,0.474398
17004,0.474398
17005,0.474398
17006,0.474398
17007,0.474398
17008,0.474398
17009,0.474318
17010,0.466479
17011,0.466479
17012,0.466479
17013,0.474318
17014,0.474398
17015,0.474398
17016,0.474398
17017,0.474398
17018,0.473846
17019,0.473846
17020,0.473846
17021,0.474398
17022,0.474398
17023,0.474398
17024,0.474398
17025,0.474318
17026,0.474318
17027,0.469587
17028,0.469587
17029,0.471222
17030,0.471222
17031,0.474128
17032,0.474398
17033,0.474398
17034,0.474398
17035,0.474398
17036,0.474398
17037,0.473846
17038,0.473846
17039,0.473846
17040,0.473846
17041,0.474398
17042,0.477905
17043,0.466479
17044,0.466479
17045,0.474128
17046,0.474128
17047,0.474128
17048,0.474128
17049,0.479346
17050,0.479346
17051,0.474398
17052,0.474398
17053,0.474398
17054,0.474398
17055,0.474398
17056,0.474398
17057,0.474398
17058,0.473846
17059,0.473846
17060,0.479346
17061,0.479346
17062,0.472648
17063,0.479346
17064,0.472648
17065,0.474398
17066,0.474398
17067,0.474398
17068,0.473846
17069,0.473846
17070,0.473846
17071,0.473846
17072,0.473846
17073,0.473846
17074,0.474398
17075,0.474398
17076,0.474398
17077,0.474398
17078,0.474398
17079,0.479346
17080,0.479346
17081,0.474398
17082,0.474398
17083,0.474398
17084,0.474398
17085,0.474398
17086,0.474398
17087,0.474398
17088,0.474398
17089,0.474398
17090,0.474398
17091,0.473846
17092,0.474398
17093,0.474398
17094,0.474398
17095,0.474398
17096,0.474398
17097,0.474398
17098,0.473846
17099,0.473846
17100,0.474398
17101,0.474398
17102,0.474398
17103,0.474398
17104,0.474398
17105,0.474398
17106,0.474398
17107,0.474398
17108,0.474398
17109,0.474398
17110,0.474398
17111,0.474128
17112,0.474398
17113,0.474398
17114,0.474398
17115,0.473846
17116,0.473846
17117,0.473846
17118,0.473846
17119,0.473846
17120,0.474398
17121,0.474398
17122,0.474398
17123,0.474398
17124,0.474398
17125,0.474398
17126,0.474398
17127,0.473846
17128,0.474398
17129,0.474398
17130,0.474398
17131,0.474398
17132,0.474398
17133,0.474398
17134,0.474398
17135,0.474398
17136,0.474398
17137,0.474398
17138,0.474398
17139,0.474398
17140,0.474398
17141,0.474398
17142,0.474398
17143,0.474398
17144,0.474398
17145,0.474398
17146,0.474398
17147,0.474398
17148,0.474398
17149,0.474398
17150,0.474398
17151,0.474398
17152,0.474398
17153,0.474398
17154,0.474398
17155,0.474398
17156,0.474398
17157,0.474398
17158,0.479346
17159,0.479346
17160,0.479346
17161,0.474398
17162,0.474398
17163,0.474398
17164,0.474398
17165,0.474398
17166,0.474398
17167,0.474398
17168,0.474398
17169,0.474398
17170,0.474398
17171,0.474398
17172,0.474398
17173,0.474398
17174,0.474398
17175,0.474398
17176,0.474398
17177,0.474398
17178,0.474398
17179,0.474398
17180,0.474398
17181,0.474398
17182,0.474398
17183,0.474398
17184,0.474398
17185,0.474398
17186,0.474398
17187,0.474398
17188,0.474398
17189,0.474398
17190,0.474398
17191,0.474398
17192,0.474398
17193,0.474398
17194,0.474398
17195,0.474398
17196,0.474398
17197,0.479346
17198,0.479346
17199,0.479346
17200,0.479346
17201,0.479346
17202,0.479346
17203,0.474210
17204,0.474210
17205,0.474398
17206,0.474398
17207,0.474398
17208,0.474398
17209,0.474398
17210,0.474398
17211,0.474398
17212,0.474398
17213,0.474398
17214,0.474398
17215,0.474398
17216,0.474398
17217,0.474398
17218,0.474398
17219,0.479346
17220,0.479346
17221,0.479346
17222,0.474398
17223,0.474398
17224,0.474398
17225,0.474398
17226,0.474398
17227,0.474398
17228,0.474398
17229,0.474398
17230,0.474398
17231,0.474398
17232,0.474398
17233,0.474398
17234,0.474398
17235,0.474398
17236,0.474398
17237,0.474128
17238,0.474128
17239,0.474128
17240,0.474128
17241,0.474128
17242,0.473846
17243,0.473846
17244,0.474398
17245,0.474398
17246,0.474398
17247,0.474398
17248,0.474398
17249,0.474398
17250,0.474398
17251,0.474398
17252,0.474398
17253,0.474398
17254,0.474398
17255,0.474398
17256,0.474398
17257,0.474398
17258,0.474398
17259,0.474398
17260,0.474398
17261,0.474398
17262,0.474398
17263,0.474398
17264,0.474398
17265,0.474398
17266,0.474398
17267,0.474398
17268,0.474398
17269,0.474398
17270,0.474398
17271,0.474398
17272,0.474398
17273,0.474398
17274,0.474398
17275,0.474398
17276,0.474398
17277,0.474398
17278,0.474398
17279,0.474398
17280,0.474398
17281,0.474398
17282,0.474398
17283,0.474398
17284,0.474398
17285,0.474398
17286,0.474398
17287,0.474398
17288,0.474398
17289,0.474398
17290,0.474398
17291,0.474398
17292,0.474398
17293,0.474398
17294,0.474398
17295,0.474398
17296,0.473846
17297,0.474398
17298,0.474398
17299,0.474398
17300,0.477905
17301,0.477905
17302,0.474398
17303,0.474398
17304,0.474398
17305,0.474398
17306,0.474398
17307,0.474398
17308,0.474398
17309,0.474398
17310,0.474398
17311,0.474398
17312,0.474398
17313,0.474398
17314,0.474398
17315,0.479346
17316,0.474398
17317,0.474398
17318,0.474398
17319,0.474398
17320,0.474398
17321,0.474398
17322,0.474398
17323,0.474398
17324,0.474398
17325,0.474398
17326,0.474398
17327,0.474398
17328,0.474398
17329,0.474398
17330,0.474398
17331,0.474398
17332,0.474398
17333,0.474398
17334,0.474398
17335,0.474398
17336,0.474398
17337,0.474398
17338,0.473846
17339,0.473846
17340,0.474398
17341,0.474398
17342,0.474398
17343,0.477905
17344,0.474398
17345,0.474398
17346,0.473846
17347,0.473846
17348,0.473846
17349,0.474398
17350,0.474398
17351,0.474398
17352,0.474398
17353,0.474398
17354,0.473846
17355,0.473846
17356,0.473846
17357,0.474398
17358,0.474398
17359,0.474398
17360,0.474398
17361,0.474398
17362,0.474398
17363,0.473846
17364,0.473846
17365,0.474398
17366,0.474398
17367,0.474398
17368,0.474398
17369,0.474398
17370,0.474398
17371,0.474398
17372,0.474398
17373,0.474398
17374,0.474398
17375,0.474398
17376,0.474398
17377,0.474398
17378,0.474398
17379,0.474398
17380,0.474398
17381,0.474398
17382,0.474398
17383,0.474398
17384,0.474398
17385,0.474398
17386,0.474398
17387,0.474398
17388,0.474398
17389,0.474398
17390,0.474398
17391,0.474398
17392,0.474398
17393,0.474398
17394,0.474398
17395,0.474398
17396,0.474398
17397,0.474398
17398,0.474398
17399,0.474398
17400,0.474398
17401,0.474398
17402,0.474398
17403,0.474398
17404,0.474398
17405,0.474398
17406,0.474398
17407,0.474398
17408,0.474398
17409,0.474398
17410,0.474398
17411,0.474398
17412,0.474398
17413,0.474398
17414,0.479346
17415,0.479346
17416,0.479346
17417,0.474398
17418,0.474398
17419,0.474398
17420,0.474398
17421,0.474398
17422,0.474398
17423,0.474398
17424,0.474398
17425,0.474398
17426,0.474398
17427,0.474398
17428,0.474398
17429,0.474398
17430,0.474398
17431,0.474398
17432,0.474398
17433,0.474398
17434,0.474398
17435,0.473846
17436,0.473846
17437,0.474398
17438,0.474398
17439,0.474398
17440,0.474398
17441,0.474398
17442,0.474398
17443,0.473846
17444,0.473846
17445,0.473846
17446,0.474398
17447,0.474398
17448,0.474398
17449,0.474398
17450,0.474398
17451,0.474398
17452,0.474398
17453,0.474398
17454,0.474398
17455,0.474398
17456,0.474398
17457,0.474398
17458,0.474398
17459,0.474398
17460,0.474398
17461,0.474398
17462,0.474398
17463,0.473846
17464,0.473846
17465,0.474398
17466,0.474398
17467,0.479346
17468,0.474398
17469,0.474398
17470,0.474398
17471,0.474398
17472,0.473846
17473,0.474398
17474,0.474398
17475,0.474398
17476,0.474398
17477,0.474398
17478,0.474398
17479,0.474398
17480,0.474398
17481,0.474398
17482,0.474398
17483,0.474398
17484,0.474398
17485,0.474398
17486,0.474398
17487,0.474398
17488,0.474398
17489,0.474398
17490,0.474398
17491,0.474398
17492,0.474398
17493,0.474398
17494,0.474398
17495,0.474398
17496,0.474398
17497,0.474398
17498,0.473846
17499,0.473846
17500,0.474398
17501,0.474398
17502,0.474398
17503,0.474398
17504,0.474398
17505,0.474398
17506,0.474398
17507,0.474398
17508,0.474398
17509,0.474398
17510,0.474398
17511,0.479346
17512,0.479346
17513,0.479346
17514,0.474318
17515,0.474128
17516,0.474128
17517,0.474128
17518,0.474128
17519,0.479346
17520,0.479346
17521,0.474398
17522,0.474398
17523,0.474398
17524,0.474398
17525,0.474398
17526,0.474398
17527,0.474398
17528,0.474398
17529,0.474398
17530,0.474398
17531,0.474398
17532,0.474398
17533,0.474398
17534,0.474398
17535,0.474398
17536,0.474398
17537,0.474398
17538,0.474398
17539,0.474398
17540,0.474398
17541,0.474398
17542,0.474398
17543,0.474398
17544,0.474398
17545,0.474398
17546,0.474398
17547,0.474398
17548,0.474398
17549,0.474398
17550,0.474398
17551,0.474398
17552,0.474398
17553,0.474398
17554,0.474398
17555,0.474398
17556,0.474398
17557,0.473846
17558,0.474128
17559,0.474398
17560,0.474398
17561,0.474398
17562,0.474398
17563,0.474398
17564,0.474398
17565,0.474398
17566,0.474398
17567,0.474398
17568,0.474398
17569,0.474398
17570,0.474398
17571,0.474398
17572,0.474398
17573,0.474398
17574,0.474128
17575,0.474128
17576,0.474128
17577,0.474128
17578,0.474318
17579,0.474318
17580,0.474318
17581,0.474398
17582,0.474398
17583,0.474398
17584,0.474398
17585,0.474398
17586,0.474398
17587,0.474398
17588,0.474398
17589,0.474398
17590,0.474398
17591,0.474398
17592,0.474398
17593,0.474398
17594,0.474398
17595,0.474398
17596,0.474398
17597,0.474398
17598,0.474398
17599,0.474398
17600,0.474398
17601,0.474398
17602,0.474398
17603,0.474398
17604,0.474398
17605,0.474398
17606,0.474398
17607,0.474398
17608,0.474398
17609,0.474398
17610,0.474398
17611,0.474398
17612,0.474398
17613,0.474398
17614,0.474398
17615,0.474398
17616,0.474398
17617,0.474398
17618,0.474398
17619,0.474398
17620,0.474398
17621,0.474398
17622,0.474398
17623,0.473846
17624,0.474398
17625,0.474398
17626,0.474398
17627,0.474398
17628,0.474398
17629,0.474398
17630,0.474398
17631,0.474398
17632,0.474398
17633,0.474398
17634,0.474398
17635,0.474398
17636,0.479346
17637,0.479346
17638,0.474398
17639,0.474398
17640,0.474128
17641,0.473846
17642,0.473846
17643,0.474398
17644,0.474398
17645,0.474398
17646,0.474398
17647,0.474398
17648,0.474398
17649,0.473846
17650,0.474398
17651,0.474398
17652,0.474398
17653,0.474398
17654,0.474398
17655,0.474398
17656,0.474398
17657,0.474398
17658,0.474398
17659,0.474398
17660,0.474398
17661,0.474398
17662,0.474398
17663,0.474398
17664,0.474398
17665,0.474398
17666,0.474398
17667,0.474398
17668,0.474398
17669,0.474398
17670,0.474398
17671,0.474398
17672,0.474398
17673,0.474398
17674,0.474398
17675,0.474128
17676,0.474128
17677,0.474128
17678,0.474128
17679,0.474398
17680,0.474398
17681,0.474398
17682,0.474398
17683,0.474398
17684,0.474398
17685,0.474398
17686,0.474398
17687,0.474398
17688,0.474398
17689,0.474398
17690,0.474398
17691,0.474398
17692,0.474398
17693,0.474398
17694,0.474398
17695,0.474398
17696,0.474398
17697,0.474398
17698,0.474398
17699,0.474398
17700,0.474398
17701,0.474398
17702,0.474398
17703,0.474398
17704,0.474398
17705,0.474398
17706,0.474398
17707,0.474398
17708,0.474398
17709,0.474398
17710,0.474398
17711,0.474398
17712,0.474398
17713,0.474398
17714,0.474398
17715,0.474398
17716,0.474398
17717,0.474398
17718,0.474398
17719,0.474398
17720,0.474398
17721,0.474398
17722,0.474398
17723,0.474398
17724,0.474398
17725,0.474398
17726,0.474398
17727,0.474398
17728,0.474398
17729,0.474398
17730,0.474398
17731,0.474398
17732,0.474398
17733,0.474398
17734,0.474398
17735,0.474398
17736,0.474398
17737,0.474398
17738,0.474398
17739,0.474398
17740,0.474398
17741,0.474398
17742,0.474398
17743,0.474398
17744,0.474398
17745,0.474398
17746,0.474398
17747,0.474398
17748,0.474398
17749,0.474398
17750,0.474398
17751,0.474398
17752,0.474398
17753,0.474398
17754,0.474398
17755,0.474398
17756,0.474398
17757,0.474398
17758,0.474398
17759,0.474398
17760,0.474398
17761,0.474398
17762,0.474398
17763,0.474398
17764,0.474398
17765,0.474398
17766,0.474398
17767,0.474398
17768,0.474398
17769,0.474398
17770,0.474398
17771,0.474398
17772,0.474398
17773,0.474398
17774,0.474398
17775,0.474398
17776,0.474398
17777,0.474398
17778,0.474398
17779,0.474398
17780,0.474398
17781,0.474398
17782,0.474398
17783,0.473846
17784,0.474398
17785,0.474398
17786,0.474398
17787,0.474398
17788,0.474398
17789,0.474398
17790,0.474398
17791,0.474398
17792,0.474398
17793,0.474398
17794,0.474398
17795,0.474398
17796,0.474398
17797,0.474318
17798,0.474318
17799,0.474318
17800,0.474318
17801,0.474398
17802,0.474398
17803,0.474398
17804,0.474398
17805,0.474398
17806,0.473846
17807,0.473846
17808,0.473846
17809,0.474398
17810,0.474398
17811,0.474398
17812,0.474398
17813,0.474398
17814,0.474398
17815,0.473846
17816,0.474398
17817,0.474398
17818,0.474398
17819,0.474398
17820,0.474398
17821,0.474398
17822,0.474398
17823,0.474398
17824,0.474398
17825,0.474398
17826,0.474398
17827,0.474398
17828,0.474398
17829,0.474398
17830,0.474398
17831,0.474398
17832,0.474398
17833,0.474398
17834,0.474398
17835,0.474398
17836,0.474398
17837,0.474398
17838,0.474398
17839,0.474398
17840,0.474398
17841,0.474398
17842,0.474398
17843,0.474398
17844,0.474398
17845,0.474398
17846,0.474398
17847,0.474398
17848,0.474398
17849,0.474398
17850,0.474398
17851,0.474398
17852,0.474398
17853,0.474398
17854,0.474398
17855,0.474398
17856,0.474398
17857,0.474398
17858,0.474398
17859,0.474398
17860,0.474398
17861,0.474398
17862,0.474398
17863,0.474398
17864,0.474398
17865,0.474398
17866,0.474398
17867,0.474398
17868,0.474398
17869,0.474128
17870,0.474128
17871,0.474128
17872,0.474398
17873,0.474398
17874,0.474398
17875,0.474398
17876,0.474398
17877,0.474398
17878,0.474398
17879,0.474398
17880,0.474398
17881,0.474398
17882,0.474398
17883,0.474398
17884,0.474398
17885,0.474398
17886,0.474398
17887,0.474398
17888,0.474398
17889,0.474398
17890,0.474398
17891,0.474398
17892,0.474398
17893,0.474398
17894,0.474398
17895,0.474398
17896,0.474398
17897,0.474398
17898,0.474398
17899,0.474398
17900,0.474398
17901,0.474398
17902,0.474398
17903,0.474398
17904,0.474128
17905,0.474128
17906,0.479346
17907,0.479346
17908,0.479346
17909,0.474398
17910,0.474398
17911,0.474398
17912,0.474398
17913,0.474398
17914,0.474398
17915,0.474398
17916,0.474398
17917,0.474398
17918,0.474398
17919,0.474398
17920,0.474398
17921,0.474398
17922,0.474398
17923,0.474398
17924,0.474398
17925,0.474398
17926,0.474398
17927,0.474398
17928,0.474398
17929,0.474398
17930,0.474128
17931,0.474128
17932,0.474128
17933,0.474398
17934,0.474398
17935,0.474398
17936,0.474398
17937,0.474398
17938,0.474398
17939,0.474398
17940,0.474398
17941,0.474398
17942,0.474398
17943,0.474398
17944,0.474398
17945,0.474398
17946,0.474398
17947,0.474398
17948,0.479346
17949,0.479346
17950,0.474398
17951,0.474398
17952,0.474398
17953,0.474398
17954,0.474398
17955,0.479346
17956,0.474128
17957,0.474128
17958,0.474128
17959,0.474128
17960,0.474128
17961,0.474398
17962,0.474398
17963,0.474398
17964,0.474398
17965,0.474398
17966,0.474398
17967,0.474398
17968,0.474398
17969,0.474398
17970,0.479346
17971,0.479346
17972,0.474318
17973,0.474318
17974,0.474318
17975,0.474318
17976,0.474318
17977,0.474398
17978,0.474398
17979,0.474398
17980,0.474398
17981,0.474398
17982,0.474398
17983,0.474398
17984,0.474398
17985,0.474398
17986,0.474398
17987,0.474398
17988,0.474398
17989,0.474398
17990,0.474398
17991,0.474398
17992,0.474128
17993,0.474128
17994,0.474128
17995,0.474398
17996,0.474398
17997,0.474398
17998,0.474398
17999,0.474398
18000,0.474398
18001,0.474398
18002,0.474398
18003,0.474398
18004,0.474398
18005,0.474398
18006,0.474398
18007,0.474398
18008,0.474398
18009,0.474398
18010,0.474398
18011,0.474398
18012,0.474398
18013,0.474398
18014,0.474128
18015,0.474398
18016,0.474398
18017,0.474398
18018,0.474398
18019,0.474398
18020,0.474398
18021,0.474398
18022,0.474398
18023,0.474398
18024,0.474398
18025,0.474398
18026,0.474398
18027,0.474398
18028,0.474398
18029,0.474318
18030,0.466479
18031,0.466479
18032,0.474318
18033,0.474398
18034,0.474398
18035,0.474398
18036,0.474398
18037,0.474398
18038,0.474398
18039,0.474398
18040,0.473846
18041,0.474398
18042,0.474398
18043,0.474398
18044,0.474398
18045,0.474398
18046,0.474398
18047,0.474398
18048,0.474398
18049,0.474398
18050,0.474398
18051,0.474398
18052,0.474398
18053,0.474398
18054,0.474398
18055,0.474398
18056,0.474398
18057,0.474398
18058,0.474398
18059,0.474398
18060,0.474398
18061,0.474398
18062,0.474398
18063,0.474398
18064,0.474398
18065,0.474398
18066,0.474398
18067,0.474398
18068,0.474398
18069,0.474398
18070,0.474398
18071,0.474398
18072,0.474398
18073,0.474398
18074,0.474398
18075,0.474398
18076,0.472369
18077,0.474398
18078,0.474398
18079,0.474398
18080,0.474398
18081,0.474398
18082,0.474398
18083,0.474128
18084,0.474128
18085,0.474128
18086,0.474398
18087,0.474398
18088,0.474398
18089,0.474398
18090,0.474398
18091,0.474398
18092,0.474398
18093,0.474398
18094,0.474398
18095,0.474398
18096,0.474398
18097,0.474398
18098,0.474398
18099,0.474128
18100,0.474128
18101,0.474128
18102,0.474398
18103,0.474398
18104,0.474398
18105,0.474398
18106,0.474398
18107,0.474398
18108,0.473846
18109,0.473846
18110,0.474398
18111,0.474398
18112,0.474398
18113,0.474398
18114,0.474398
18115,0.474398
18116,0.474398
18117,0.474398
18118,0.474398
18119,0.474398
18120,0.474398
18121,0.474398
18122,0.474398
18123,0.474398
18124,0.474398
18125,0.474398
18126,0.474398
18127,0.474398
18128,0.474398
18129,0.474398
18130,0.474398
18131,0.474398
18132,0.474398
18133,0.474398
18134,0.474398
18135,0.474128
18136,0.474128
18137,0.474128
18138,0.474128
18139,0.474398
18140,0.474398
18141,0.474398
18142,0.474398
18143,0.474398
18144,0.474398
18145,0.474398
18146,0.474398
18147,0.474398
18148,0.474398
18149,0.474398
18150,0.474398
18151,0.474398
18152,0.474398
18153,0.474398
18154,0.474398
18155,0.474398
18156,0.477905
18157,0.477905
18158,0.477905
18159,0.473092
18160,0.473092
18161,0.477108
18162,0.474398
18163,0.474398
18164,0.474398
18165,0.474398
18166,0.474398
18167,0.474398
18168,0.474398
18169,0.474398
18170,0.474398
18171,0.474398
18172,0.474398
18173,0.474398
18174,0.474398
18175,0.474398
18176,0.474398
18177,0.474398
18178,0.474398
18179,0.474398
18180,0.474398
18181,0.474398
18182,0.474398
18183,0.474398
18184,0.474398
18185,0.474398
18186,0.474398
18187,0.474398
18188,0.474398
18189,0.474398
18190,0.474398
18191,0.474398
18192,0.474398
18193,0.474398
18194,0.474398
18195,0.474398
18196,0.474398
18197,0.474398
18198,0.474398
18199,0.474398
18200,0.474398
18201,0.474398
18202,0.474398
18203,0.474398
18204,0.474398
18205,0.474398
18206,0.474398
18207,0.474398
18208,0.474398
18209,0.474398
18210,0.474398
18211,0.474398
18212,0.474398
18213,0.474398
18214,0.474398
18215,0.474398
18216,0.474398
18217,0.474398
18218,0.474398
18219,0.474398
18220,0.474398
18221,0.473846
18222,0.474128
18223,0.474128
18224,0.477905
18225,0.477905
18226,0.474398
18227,0.474398
18228,0.473846
18229,0.474398
18230,0.474398
18231,0.474398
18232,0.474398
18233,0.474398
18234,0.474398
18235,0.474398
18236,0.474398
18237,0.474398
18238,0.474398
18239,0.474398
18240,0.474398
18241,0.474398
18242,0.466479
18243,0.466479
18244,0.474128
18245,0.474128
18246,0.474128
18247,0.474128
18248,0.474128
18249,0.474128
18250,0.474398
18251,0.474398
18252,0.474398
18253,0.474398
18254,0.474398
18255,0.474398
18256,0.474398
18257,0.474318
18258,0.466479
18259,0.466479
18260,0.466479
18261,0.466479
18262,0.474318
18263,0.474398
18264,0.474398
18265,0.474398
18266,0.474398
18267,0.474398
18268,0.474398
18269,0.474398
18270,0.474398
18271,0.479346
18272,0.474128
18273,0.474128
18274,0.474128
18275,0.474128
18276,0.474128
18277,0.474128
18278,0.479346
18279,0.477905
18280,0.477905
18281,0.477905
18282,0.474398
18283,0.474398
18284,0.474398
18285,0.474398
18286,0.474398
18287,0.474398
18288,0.474398
18289,0.474398
18290,0.479346
18291,0.474128
18292,0.474128
18293,0.474128
18294,0.473846
18295,0.474398
18296,0.474398
18297,0.474398
18298,0.474398
18299,0.474398
18300,0.474398
18301,0.474398
18302,0.474398
18303,0.474398
18304,0.474398
18305,0.474398
18306,0.474398
18307,0.474398
18308,0.474398
18309,0.474398
18310,0.474398
18311,0.474398
18312,0.474398
18313,0.474398
18314,0.474398
18315,0.474398
18316,0.466479
18317,0.474398
18318,0.474398
18319,0.474398
18320,0.474398
18321,0.474398
18322,0.474398
18323,0.474398
18324,0.474398
18325,0.474398
18326,0.474398
18327,0.474398
18328,0.474398
18329,0.474398
18330,0.474398
18331,0.474398
18332,0.474398
18333,0.474398
18334,0.474398
18335,0.474398
18336,0.474398
18337,0.474398
18338,0.474128
18339,0.474128
18340,0.474128
18341,0.474128
18342,0.474128
18343,0.474128
18344,0.474398
18345,0.474398
18346,0.474398
18347,0.474398
18348,0.474398
18349,0.474318
18350,0.474318
18351,0.474128
18352,0.474128
18353,0.474128
18354,0.474128
18355,0.474128
18356,0.474128
18357,0.473846
18358,0.479346
18359,0.479346
18360,0.479346
18361,0.474398
18362,0.474398
18363,0.474398
18364,0.474318
18365,0.474318
18366,0.473846
18367,0.474398
18368,0.468988
18369,0.468988
18370,0.467165
18371,0.467165
18372,0.473846
18373,0.473846
18374,0.474398
18375,0.474398
18376,0.474398
18377,0.474398
18378,0.474398
18379,0.474398
18380,0.474398
18381,0.474398
18382,0.474398
18383,0.474398
18384,0.474398
18385,0.474398
18386,0.474398
18387,0.474398
18388,0.474398
18389,0.474398
18390,0.474398
18391,0.474398
18392,0.474398
18393,0.474398
18394,0.474398
18395,0.474398
18396,0.474398
18397,0.474398
18398,0.474398
18399,0.474398
18400,0.474398
18401,0.474398
18402,0.474398
18403,0.474398
18404,0.474398
18405,0.474398
18406,0.474398
18407,0.474398
18408,0.474398
18409,0.474128
18410,0.474128
18411,0.474128
18412,0.479346
18413,0.466479
18414,0.474398
18415,0.474398
18416,0.474398
18417,0.474398
18418,0.474398
18419,0.474398
18420,0.474398
18421,0.474398
18422,0.474398
18423,0.474398
18424,0.474398
18425,0.474398
18426,0.474398
18427,0.474398
18428,0.479346
18429,0.479346
18430,0.474128
18431,0.474128
18432,0.474128
18433,0.474128
18434,0.479346
18435,0.474398
18436,0.474398
18437,0.474398
18438,0.477905
18439,0.473092
18440,0.473092
18441,0.473092
18442,0.466479
18443,0.473092
18444,0.473092
18445,0.477905
18446,0.477905
18447,0.474398
18448,0.474398
18449,0.479346
18450,0.479346
18451,0.474398
18452,0.474398
18453,0.474398
18454,0.474398
18455,0.474398
18456,0.474398
18457,0.474398
18458,0.474398
18459,0.474398
18460,0.474398
18461,0.474398
18462,0.474398
18463,0.474398
18464,0.474398
18465,0.474398
18466,0.474398
18467,0.474398
18468,0.474398
18469,0.474398
18470,0.474398
18471,0.474398
18472,0.474398
18473,0.474398
18474,0.473846
18475,0.474398
18476,0.474398
18477,0.474398
18478,0.474398
18479,0.474398
18480,0.473846
18481,0.473846
18482,0.474398
18483,0.474398
18484,0.474398
18485,0.474398
18486,0.474398
18487,0.474398
18488,0.474398
18489,0.474398
18490,0.474398
18491,0.474398
18492,0.474398
18493,0.474398
18494,0.474398
18495,0.474398
18496,0.474398
18497,0.474398
18498,0.474398
18499,0.474398
18500,0.474398
18501,0.474398
18502,0.474398
18503,0.474398
18504,0.474398
18505,0.474398
18506,0.474398
18507,0.474398
18508,0.474398
18509,0.474398
18510,0.474398
18511,0.474398
18512,0.474398
18513,0.474398
18514,0.474398
18515,0.474398
18516,0.474398
18517,0.474398
18518,0.474398
18519,0.474398
18520,0.479346
18521,0.479346
18522,0.479346
18523,0.474398
18524,0.474398
18525,0.474398
18526,0.474398
18527,0.474398
18528,0.474398
18529,0.474398
18530,0.474398
18531,0.474398
18532,0.474398
18533,0.474398
18534,0.474398
18535,0.474398
18536,0.474398
18537,0.474398
18538,0.474398
18539,0.474398
18540,0.474398
18541,0.474398
18542,0.474398
18543,0.474398
18544,0.474398
18545,0.474398
18546,0.474398
18547,0.474398
18548,0.474398
18549,0.474398
18550,0.474398
18551,0.473846
18552,0.473846
18553,0.473846
18554,0.474398
18555,0.474398
18556,0.474398
18557,0.474398
18558,0.474398
18559,0.473846
18560,0.473846
18561,0.474398
18562,0.474398
18563,0.474398
18564,0.474398
18565,0.474398
18566,0.473846
18567,0.473846
18568,0.473846
18569,0.474398
18570,0.474398
18571,0.474398
18572,0.474398
18573,0.474398
18574,0.474398
18575,0.473846
18576,0.474398
18577,0.474398
18578,0.474398
18579,0.474398
18580,0.474398
18581,0.474398
18582,0.474398
18583,0.474398
18584,0.474398
18585,0.474398
18586,0.474398
18587,0.474398
18588,0.474398
18589,0.474398
18590,0.474398
18591,0.474398
18592,0.474398
18593,0.474398
18594,0.479346
18595,0.474128
18596,0.474128
18597,0.474398
18598,0.474398
18599,0.474398
18600,0.474398
18601,0.474398
18602,0.474398
18603,0.474398
18604,0.474398
18605,0.474398
18606,0.474398
18607,0.474398
18608,0.474398
18609,0.474398
18610,0.474398
18611,0.474398
18612,0.479346
18613,0.474128
18614,0.479346
18615,0.474318
18616,0.474318
18617,0.474398
18618,0.474398
18619,0.474398
18620,0.474398
18621,0.474398
18622,0.474398
18623,0.474398
18624,0.474398
18625,0.474398
18626,0.474398
18627,0.474398
18628,0.474398
18629,0.474398
18630,0.474398
18631,0.474398
18632,0.474318
18633,0.474318
18634,0.474398
18635,0.474398
18636,0.474398
18637,0.474398
18638,0.474398
18639,0.474398
18640,0.474398
18641,0.474398
18642,0.474398
18643,0.474398
18644,0.474398
18645,0.474398
18646,0.474398
18647,0.474318
18648,0.474318
18649,0.474398
18650,0.474398
18651,0.474398
18652,0.474398
18653,0.474398
18654,0.474398
18655,0.474398
18656,0.474398
18657,0.474398
18658,0.474398
18659,0.474398
18660,0.474398
18661,0.474398
18662,0.474398
18663,0.474398
18664,0.474398
18665,0.474398
18666,0.474398
18667,0.474398
18668,0.474398
18669,0.474398
18670,0.474398
18671,0.474398
18672,0.474398
18673,0.474398
18674,0.474398
18675,0.474398
18676,0.474398
18677,0.474398
18678,0.474398
18679,0.474398
18680,0.474398
18681,0.474398
18682,0.474398
18683,0.474398
18684,0.474398
18685,0.474398
18686,0.474398
18687,0.474398
18688,0.474398
18689,0.474398
18690,0.474398
18691,0.474398
18692,0.474398
18693,0.474398
18694,0.474398
18695,0.474398
18696,0.474398
18697,0.474398
18698,0.474398
18699,0.474398
18700,0.474398
18701,0.474398
18702,0.474398
18703,0.474398
18704,0.479346
18705,0.479346
18706,0.479346
18707,0.474398
18708,0.474398
18709,0.474398
18710,0.474398
18711,0.474398
18712,0.474398
18713,0.474398
18714,0.479346
18715,0.479346
18716,0.479346
18717,0.479346
18718,0.474398
18719,0.474398
18720,0.474398
18721,0.474398
18722,0.474398
18723,0.474398
18724,0.474398
18725,0.474398
18726,0.474398
18727,0.474398
18728,0.474398
18729,0.474398
18730,0.474398
18731,0.474398
18732,0.474398
18733,0.474398
18734,0.474398
18735,0.474398
18736,0.474398
18737,0.474398
18738,0.474398
18739,0.474398
18740,0.474398
18741,0.474398
18742,0.474398
18743,0.474398
18744,0.474128
18745,0.474128
18746,0.474128
18747,0.474128
18748,0.474398
18749,0.473846
18750,0.474398
18751,0.474398
18752,0.474398
18753,0.474398
18754,0.474398
18755,0.474398
18756,0.474398
18757,0.474398
18758,0.474398
18759,0.474398
18760,0.474398
18761,0.474128
18762,0.474128
18763,0.474128
18764,0.474128
18765,0.474128
18766,0.474128
18767,0.474128
18768,0.474128
18769,0.474128
18770,0.475080
18771,0.475080
18772,0.474398
18773,0.474398
18774,0.474398
18775,0.474398
18776,0.474398
18777,0.479346
18778,0.479346
18779,0.474128
18780,0.474128
18781,0.479346
18782,0.479346
18783,0.479346
18784,0.479346
18785,0.479346
18786,0.479346
18787,0.479346
18788,0.474398
18789,0.474398
18790,0.474398
18791,0.474398
18792,0.474398
18793,0.474398
18794,0.479346
18795,0.479346
18796,0.474128
18797,0.474128
18798,0.476917
18799,0.476190
18800,0.473846
18801,0.479346
18802,0.474398
18803,0.474398
18804,0.474398
18805,0.474398
18806,0.473846
18807,0.473846
18808,0.473846
18809,0.473846
18810,0.473846
18811,0.473846
18812,0.474398
18813,0.474398
18814,0.474398
18815,0.474398
18816,0.473846
18817,0.473846
18818,0.473846
18819,0.474398
18820,0.474398
18821,0.474398
18822,0.474398
18823,0.474398
18824,0.473846
18825,0.474398
18826,0.474398
18827,0.474398
18828,0.474398
18829,0.474398
18830,0.474398
18831,0.473846
18832,0.474398
18833,0.474398
18834,0.474398
18835,0.474398
18836,0.474398
18837,0.474398
18838,0.474398
18839,0.474398
18840,0.474398
18841,0.474398
18842,0.474398
18843,0.474398
18844,0.474398
18845,0.474398
18846,0.474398
18847,0.474398
18848,0.474398
18849,0.474398
18850,0.479346
18851,0.479346
18852,0.479346
18853,0.474398
18854,0.474398
18855,0.474398
18856,0.474398
18857,0.474398
18858,0.474398
18859,0.474398
18860,0.474398
18861,0.474398
18862,0.474398
18863,0.474398
18864,0.474398
18865,0.474398
18866,0.474398
18867,0.479346
18868,0.479346
18869,0.479346
18870,0.479346
18871,0.479346
18872,0.477905
18873,0.477905
18874,0.477905
18875,0.477905
18876,0.473092
18877,0.473092
18878,0.479346
18879,0.474398
18880,0.474398
18881,0.474398
18882,0.474398
18883,0.474398
18884,0.474398
18885,0.474398
18886,0.474398
18887,0.474398
18888,0.474398
18889,0.474398
18890,0.474398
18891,0.474398
18892,0.474398
18893,0.474398
18894,0.477905
18895,0.466479
18896,0.466479
18897,0.474398
18898,0.474398
18899,0.474398
18900,0.474398
18901,0.474398
18902,0.474398
18903,0.474398
18904,0.474398
18905,0.474398
18906,0.474398
18907,0.473846
18908,0.473846
18909,0.473846
18910,0.473846
18911,0.474398
18912,0.474398
18913,0.474398
18914,0.474398
18915,0.473846
18916,0.473846
18917,0.474398
18918,0.474398
18919,0.474398
18920,0.474398
18921,0.474398
18922,0.474398
18923,0.474398
18924,0.474398
18925,0.479346
18926,0.479346
18927,0.474128
18928,0.474128
18929,0.474128
18930,0.474128
18931,0.474398
18932,0.474398
18933,0.474398
18934,0.479346
18935,0.479346
18936,0.474398
18937,0.474398
18938,0.473846
18939,0.474398
18940,0.479346
18941,0.479346
18942,0.474398
18943,0.474398
18944,0.474398
18945,0.473846
18946,0.473846
18947,0.473846
18948,0.474398
18949,0.474398
18950,0.474398
18951,0.479346
18952,0.475080
18953,0.474128
18954,0.474128
18955,0.474128
18956,0.476917
18957,0.476917
18958,0.479346
18959,0.479346
18960,0.479346
18961,0.479346
18962,0.473846
18963,0.473846
18964,0.473846
18965,0.473846
18966,0.479346
18967,0.479346
18968,0.479346
18969,0.479346
18970,0.473846
18971,0.473846
18972,0.473846
18973,0.473846
18974,0.473846
18975,0.474398
18976,0.474398
18977,0.474398
18978,0.474398
18979,0.473846
18980,0.473846
18981,0.473846
18982,0.474398
18983,0.474398
18984,0.474398
18985,0.474398
18986,0.474398
18987,0.473846
18988,0.473846
18989,0.473846
18990,0.473846
18991,0.473846
18992,0.474398
18993,0.474398
18994,0.474398
18995,0.474398
18996,0.474398
18997,0.474398
18998,0.474398
18999,0.474398
19000,0.474398
19001,0.474398
19002,0.474398
19003,0.473846
19004,0.473846
19005,0.473846
19006,0.474398
19007,0.474398
19008,0.474398
19009,0.474398
19010,0.474398
19011,0.474398
19012,0.474398
19013,0.474398
19014,0.474398
19015,0.474398
19016,0.474398
19017,0.474398
19018,0.474398
19019,0.474398
19020,0.474398
19021,0.474398
19022,0.479346
19023,0.479346
19024,0.479346
19025,0.474398
19026,0.474398
19027,0.474398
19028,0.474398
19029,0.474398
19030,0.474398
19031,0.474398
19032,0.474398
19033,0.474398
19034,0.474398
19035,0.474398
19036,0.474398
19037,0.479346
19038,0.479346
19039,0.479346
19040,0.479346
19041,0.474398
19042,0.474398
19043,0.474398
19044,0.474398
19045,0.474398
19046,0.474398
19047,0.474398
19048,0.474398
19049,0.474398
19050,0.474398
19051,0.474398
19052,0.479346
19053,0.479346
19054,0.474398
19055,0.479346
19056,0.479346
19057,0.479346
19058,0.479346
19059,0.474398
19060,0.474398
19061,0.474398
19062,0.474398
19063,0.474398
19064,0.474398
19065,0.474398
19066,0.474398
19067,0.474398
19068,0.474398
19069,0.474398
19070,0.474398
19071,0.474398
19072,0.474398
19073,0.474398
19074,0.474398
19075,0.474398
19076,0.474398
19077,0.474398
19078,0.474398
19079,0.474398
19080,0.474398
19081,0.474398
19082,0.474398
19083,0.474398
19084,0.474398
19085,0.474398
19086,0.474398
19087,0.474398
19088,0.474398
19089,0.474398
19090,0.474398
19091,0.474398
19092,0.474398
19093,0.474398
19094,0.474398
19095,0.474398
19096,0.474398
19097,0.474398
19098,0.474398
19099,0.474398
19100,0.473846
19101,0.473846
19102,0.474398
19103,0.474398
19104,0.474398
19105,0.474398
19106,0.474398
19107,0.474398
19108,0.474398
19109,0.473846
19110,0.474398
19111,0.474398
19112,0.474398
19113,0.474398
19114,0.474398
19115,0.474398
19116,0.474398
19117,0.474398
19118,0.474398
19119,0.474398
19120,0.474398
19121,0.474398
19122,0.474398
19123,0.474398
19124,0.474398
19125,0.474398
19126,0.474398
19127,0.474398
19128,0.474398
19129,0.474398
19130,0.474398
19131,0.474398
19132,0.474398
19133,0.474398
19134,0.474398
19135,0.474398
19136,0.474398
19137,0.474398
19138,0.474398
19139,0.479346
19140,0.479346
19141,0.479346
19142,0.479346
19143,0.479346
19144,0.474398
19145,0.474398
19146,0.474398
19147,0.474398
19148,0.474398
19149,0.474398
19150,0.473846
19151,0.473846
19152,0.473846
19153,0.474128
19154,0.474128
19155,0.474128
19156,0.474398
19157,0.474398
19158,0.474398
19159,0.474398
19160,0.474398
19161,0.473846
19162,0.474398
19163,0.474398
19164,0.474398
19165,0.474398
19166,0.474398
19167,0.474398
19168,0.474398
19169,0.474398
19170,0.474398
19171,0.479346
19172,0.479346
19173,0.479346
19174,0.474398
19175,0.474398
19176,0.474398
19177,0.474398
19178,0.474398
19179,0.474398
19180,0.474398
19181,0.474398
19182,0.474398
19183,0.474398
19184,0.474398
19185,0.474398
19186,0.474398
19187,0.474398
19188,0.474398
19189,0.474398
19190,0.474398
19191,0.474398
19192,0.474398
19193,0.474398
19194,0.474398
19195,0.474398
19196,0.474398
19197,0.474398
19198,0.474398
19199,0.473092
19200,0.448354
19201,0.440104
19202,0.448354
19203,0.474398
19204,0.474398
19205,0.474398
19206,0.474398
19207,0.474398
19208,0.474398
19209,0.474398
19210,0.474398
19211,0.474398
19212,0.474398
19213,0.474398
19214,0.474398
19215,0.474398
19216,0.474398
19217,0.479346
19218,0.479346
19219,0.474398
19220,0.474398
19221,0.474398
19222,0.473846
19223,0.473846
19224,0.477905
19225,0.477905
19226,0.466479
19227,0.473092
19228,0.473092
19229,0.473092
19230,0.473846
19231,0.473846
19232,0.474398
19233,0.479346
19234,0.479346
19235,0.479346
19236,0.474398
19237,0.473846
19238,0.474398
19239,0.474398
19240,0.474398
19241,0.474398
19242,0.474398
19243,0.474398
19244,0.474398
19245,0.473092
19246,0.473092
19247,0.473092
19248,0.473092
19249,0.474398
19250,0.474398
19251,0.474398
19252,0.474318
19253,0.474318
19254,0.474318
19255,0.474318
19256,0.474318
19257,0.474398
19258,0.474398
19259,0.474398
19260,0.474398
19261,0.474398
19262,0.474398
19263,0.474398
19264,0.474398
19265,0.473092
19266,0.473092
19267,0.473092
19268,0.473092
19269,0.473092
19270,0.473846
19271,0.473846
19272,0.473846
19273,0.474398
19274,0.474398
19275,0.474398
19276,0.474398
19277,0.474398
19278,0.474398
19279,0.473846
19280,0.473846
19281,0.473846
19282,0.474398
19283,0.474398
19284,0.474398
19285,0.474398
19286,0.474398
19287,0.474398
19288,0.474398
19289,0.474398
19290,0.474398
19291,0.474398
19292,0.474398
19293,0.474398
19294,0.474398
19295,0.474398
19296,0.474398
19297,0.474398
19298,0.474398
19299,0.474398
19300,0.474398
19301,0.474398
19302,0.474398
19303,0.474398
19304,0.474398
19305,0.474398
19306,0.474398
19307,0.474398
19308,0.474398
19309,0.474398
19310,0.474398
19311,0.474398
19312,0.474398
19313,0.474398
19314,0.474398
19315,0.474398
19316,0.474398
19317,0.474398
19318,0.474398
19319,0.474398
19320,0.474398
19321,0.474398
19322,0.474398
19323,0.474398
19324,0.474398
19325,0.474398
19326,0.474398
19327,0.474398
19328,0.474398
19329,0.474398
19330,0.474398
19331,0.474318
19332,0.474318
19333,0.474318
19334,0.466479
19335,0.474318
19336,0.474318
19337,0.474318
19338,0.474398
19339,0.474398
19340,0.474398
19341,0.474398
19342,0.474398
19343,0.474398
19344,0.474398
19345,0.474398
19346,0.474398
19347,0.474398
19348,0.474398
19349,0.474398
19350,0.474398
19351,0.474398
19352,0.474398
19353,0.474398
19354,0.474398
19355,0.474398
19356,0.474398
19357,0.474398
19358,0.474398
19359,0.474398
19360,0.474398
19361,0.474398
19362,0.474398
19363,0.474398
19364,0.474398
19365,0.474398
19366,0.474398
19367,0.474398
19368,0.474398
19369,0.474398
19370,0.474398
19371,0.474398
19372,0.474398
19373,0.474398
19374,0.474398
19375,0.474398
19376,0.473846
19377,0.474398
19378,0.474398
19379,0.474398
19380,0.474398
19381,0.474398
19382,0.474398
19383,0.474398
19384,0.474398
19385,0.474398
19386,0.474398
19387,0.474398
19388,0.474398
19389,0.474398
19390,0.474398
19391,0.479346
19392,0.474128
19393,0.474128
19394,0.474128
19395,0.474128
19396,0.474128
19397,0.474318
19398,0.474398
19399,0.474398
19400,0.474398
19401,0.474398
19402,0.474398
19403,0.474398
19404,0.474398
19405,0.474398
19406,0.473846
19407,0.474398
19408,0.474398
19409,0.474398
19410,0.474398
19411,0.474398
19412,0.474398
19413,0.474398
19414,0.474398
19415,0.474398
19416,0.474398
19417,0.474398
19418,0.474398
19419,0.474398
19420,0.474398
19421,0.474398
19422,0.474398
19423,0.474398
19424,0.474398
19425,0.474398
19426,0.479346
19427,0.479346
19428,0.479346
19429,0.474398
19430,0.474128
19431,0.474398
19432,0.474398
19433,0.474398
19434,0.474398
19435,0.474398
19436,0.474398
19437,0.474398
19438,0.474398
19439,0.474398
19440,0.474398
19441,0.474398
19442,0.474398
19443,0.474398
19444,0.474398
19445,0.474128
19446,0.474398
19447,0.474398
19448,0.474398
19449,0.474398
19450,0.474398
19451,0.474398
19452,0.474398
19453,0.474398
19454,0.474398
19455,0.474398
19456,0.474398
19457,0.474398
19458,0.474398
19459,0.474398
19460,0.474398
19461,0.479346
19462,0.474398
19463,0.479346
19464,0.479346
19465,0.474398
19466,0.474398
19467,0.474398
19468,0.474398
19469,0.474398
19470,0.473846
19471,0.474398
19472,0.474398
19473,0.474398
19474,0.474398
19475,0.474398
19476,0.474398
19477,0.474398
19478,0.474398
19479,0.474398
19480,0.474398
19481,0.474398
19482,0.474398
19483,0.474398
19484,0.474398
19485,0.479346
19486,0.474128
19487,0.474128
19488,0.479346
19489,0.479346
19490,0.474398
19491,0.474398
19492,0.474398
19493,0.474398
19494,0.474398
19495,0.474398
19496,0.474398
19497,0.474398
19498,0.474398
19499,0.474398
19500,0.474398
19501,0.474398
19502,0.474398
19503,0.474398
19504,0.474398
19505,0.474398
19506,0.474398
19507,0.479346
19508,0.479346
19509,0.474128
19510,0.474128
19511,0.474128
19512,0.466479
19513,0.474128
19514,0.474128
19515,0.474398
19516,0.474398
19517,0.474398
19518,0.474398
19519,0.474398
19520,0.474398
19521,0.474398
19522,0.474398
19523,0.474398
19524,0.474398
19525,0.474398
19526,0.474398
19527,0.474398
19528,0.473846
19529,0.474398
19530,0.474398
19531,0.474398
19532,0.474398
19533,0.474398
19534,0.474398
19535,0.474398
19536,0.474398
19537,0.474398
19538,0.474398
19539,0.474398
19540,0.474398
19541,0.474398
19542,0.474398
19543,0.474398
19544,0.474398
19545,0.474398
19546,0.474398
19547,0.474398
19548,0.474398
19549,0.479346
19550,0.474398
19551,0.474398
19552,0.474398
19553,0.474398
19554,0.474398
19555,0.474398
19556,0.474398
19557,0.474398
19558,0.474398
19559,0.474398
19560,0.474398
19561,0.474398
19562,0.474398
19563,0.474398
19564,0.474398
19565,0.474128
19566,0.474128
19567,0.466479
19568,0.466479
19569,0.466479
19570,0.474128
19571,0.474128
19572,0.474128
19573,0.474128
19574,0.479346
19575,0.479346
19576,0.474398
19577,0.474398
19578,0.474398
19579,0.474398
19580,0.474398
19581,0.474398
19582,0.474398
19583,0.474398
19584,0.474398
19585,0.474398
19586,0.474398
19587,0.474398
19588,0.474398
19589,0.474398
19590,0.474398
19591,0.474398
19592,0.474398
19593,0.474398
19594,0.474398
19595,0.474398
19596,0.474398
19597,0.474398
19598,0.474398
19599,0.474398
19600,0.474398
19601,0.474398
19602,0.474398
19603,0.474398
19604,0.474398
19605,0.474398
19606,0.474398
19607,0.474398
19608,0.474398
19609,0.474398
19610,0.474398
19611,0.474398
19612,0.474398
19613,0.474398
19614,0.474398
19615,0.474398
19616,0.474398
19617,0.474398
19618,0.474398
19619,0.474398
19620,0.474398
19621,0.474398
19622,0.474398
19623,0.474128
19624,0.474128
19625,0.474128
19626,0.474398
19627,0.474398
19628,0.474398
19629,0.474398
19630,0.474398
19631,0.474398
19632,0.474398
19633,0.474398
19634,0.474398
19635,0.474398
19636,0.474398
19637,0.474398
19638,0.474398
19639,0.474398
19640,0.474398
19641,0.474398
19642,0.474398
19643,0.479346
19644,0.479346
19645,0.479346
19646,0.479346
19647,0.474398
19648,0.474398
19649,0.474398
19650,0.474398
19651,0.474398
19652,0.474398
19653,0.474398
19654,0.474398
19655,0.474398
19656,0.474398
19657,0.474398
19658,0.479346
19659,0.479346
19660,0.474398
19661,0.474398
19662,0.474398
19663,0.474398
19664,0.474398
19665,0.474398
19666,0.474398
19667,0.474398
19668,0.474398
19669,0.474398
19670,0.474398
19671,0.474398
19672,0.474398
19673,0.474398
19674,0.474398
19675,0.474398
19676,0.474398
19677,0.474398
19678,0.474398
19679,0.474398
19680,0.474398
19681,0.474398
19682,0.474398
19683,0.474398
19684,0.474398
19685,0.474398
19686,0.474398
19687,0.474398
19688,0.474398
19689,0.474398
19690,0.474398
19691,0.474398
19692,0.474398
19693,0.474398
19694,0.474398
19695,0.474398
19696,0.474398
19697,0.474398
19698,0.474398
19699,0.474398
19700,0.474398
19701,0.474398
19702,0.474398
19703,0.474398
19704,0.474398
19705,0.474398
19706,0.474128
19707,0.474128
19708,0.474128
19709,0.474398
19710,0.474398
19711,0.474398
19712,0.474398
19713,0.474398
19714,0.474398
19715,0.474398
19716,0.474398
19717,0.474398
19718,0.474398
19719,0.474398
19720,0.474398
19721,0.474398
19722,0.474398
19723,0.473092
19724,0.473092
19725,0.477905
19726,0.479346
19727,0.474128
19728,0.474128
19729,0.474128
19730,0.479346
19731,0.474398
19732,0.474398
19733,0.474398
19734,0.474398
19735,0.474398
19736,0.474398
19737,0.474398
19738,0.474398
19739,0.474398
19740,0.474398
19741,0.474398
19742,0.474398
19743,0.474398
19744,0.474398
19745,0.479346
19746,0.474128
19747,0.474128
19748,0.474128
19749,0.474128
19750,0.474128
19751,0.479346
19752,0.479346
19753,0.479346
19754,0.474398
19755,0.474398
19756,0.474398
19757,0.474398
19758,0.474398
19759,0.473092
19760,0.473092
19761,0.473092
19762,0.473092
19763,0.473092
19764,0.473846
19765,0.473846
19766,0.474398
19767,0.474398
19768,0.474398
19769,0.474398
19770,0.474398
19771,0.473846
19772,0.473846
19773,0.474398
19774,0.474398
19775,0.474398
19776,0.474398
19777,0.474398
19778,0.474398
19779,0.479346
19780,0.474128
19781,0.474128
19782,0.474128
19783,0.474128
19784,0.474128
19785,0.474128
19786,0.474128
19787,0.474128
19788,0.474128
19789,0.474398
19790,0.474398
19791,0.474398
19792,0.474398
19793,0.474398
19794,0.474398
19795,0.473846
19796,0.473846
19797,0.474398
19798,0.474398
19799,0.474398
19800,0.474398
19801,0.474398
19802,0.474398
19803,0.474398
19804,0.474398
19805,0.474398
19806,0.474398
19807,0.474398
19808,0.474398
19809,0.474398
19810,0.474398
19811,0.474398
19812,0.479346
19813,0.479346
19814,0.479346
19815,0.474398
19816,0.474398
19817,0.474398
19818,0.473846
19819,0.474398
19820,0.474398
19821,0.474398
19822,0.474398
19823,0.474398
19824,0.474398
19825,0.473846
19826,0.473846
19827,0.473846
19828,0.474398
19829,0.474398
19830,0.474398
19831,0.474398
19832,0.474398
19833,0.473846
19834,0.473846
19835,0.473846
19836,0.474398
19837,0.474398
19838,0.474398
19839,0.474398
19840,0.474398
19841,0.474398
19842,0.473846
19843,0.474398
19844,0.474398
19845,0.474398
19846,0.474398
19847,0.474398
19848,0.474398
19849,0.474398
19850,0.474398
19851,0.474398
19852,0.474398
19853,0.474398
19854,0.474398
19855,0.474398
19856,0.474398
19857,0.474398
19858,0.474398
19859,0.474398
19860,0.474398
19861,0.474398
19862,0.474398
19863,0.474398
19864,0.474398
19865,0.474398
19866,0.474398
19867,0.474398
19868,0.474398
19869,0.474398
19870,0.474398
19871,0.474398
19872,0.474398
19873,0.474398
19874,0.474398
19875,0.474398
19876,0.474398
19877,0.474398
19878,0.474398
19879,0.474398
19880,0.474398
19881,0.474398
19882,0.474398
19883,0.474398
19884,0.474398
19885,0.474398
19886,0.474398
19887,0.474398
19888,0.474398
19889,0.474398
19890,0.474398
19891,0.474398
19892,0.474398
19893,0.474398
19894,0.474398
19895,0.474398
19896,0.474398
19897,0.474398
19898,0.474398
19899,0.474398
19900,0.474398
19901,0.474398
19902,0.474398
19903,0.474398
19904,0.474398
19905,0.473846
19906,0.473846
19907,0.474398
19908,0.474398
19909,0.474398
19910,0.474398
19911,0.474398
19912,0.474398
19913,0.473846
19914,0.473846
19915,0.474398
19916,0.474398
19917,0.474398
19918,0.474398
19919,0.474398
19920,0.474398
19921,0.474398
19922,0.474398
19923,0.474398
19924,0.474398
19925,0.474398
19926,0.474398
19927,0.474398
19928,0.474398
19929,0.474398
19930,0.474398
19931,0.474398
19932,0.474398
19933,0.474398
19934,0.474398
19935,0.479346
19936,0.479346
19937,0.474128
19938,0.474128
19939,0.474128
19940,0.474128
19941,0.474128
19942,0.479346
19943,0.479346
19944,0.479346
19945,0.474398
19946,0.474398
19947,0.474398
19948,0.474398
19949,0.474398
19950,0.474398
19951,0.474398
19952,0.474398
19953,0.474398
19954,0.474398
19955,0.474398
19956,0.474398
19957,0.474398
19958,0.474398
19959,0.479346
19960,0.479346
19961,0.479346
19962,0.479346
19963,0.479346
19964,0.479346
19965,0.479346
19966,0.477905
19967,0.477905
19968,0.474398
19969,0.474398
19970,0.473846
19971,0.473846
19972,0.474398
19973,0.474398
19974,0.474398
19975,0.473846
19976,0.473846
19977,0.473846
19978,0.473846
19979,0.473846
19980,0.473846
19981,0.474398
19982,0.474398
19983,0.474398
19984,0.474398
19985,0.474398
19986,0.474398
19987,0.474398
19988,0.474398
19989,0.474398
19990,0.474398
19991,0.474398
19992,0.474398
19993,0.474398
19994,0.474398
19995,0.474398
19996,0.474398
19997,0.474398
19998,0.474398
19999,0.474398
20000,0.474398
20001,0.474398
20002,0.474398
20003,0.474398
20004,0.474398
20005,0.474398
20006,0.479346
20007,0.479346
20008,0.479346
20009,0.479346
20010,0.466479
20011,0.466479
20012,0.479346
20013,0.474398
20014,0.474398
20015,0.474398
20016,0.474398
20017,0.474398
20018,0.474398
20019,0.474398
20020,0.474398
20021,0.474398
20022,0.474398
20023,0.479346
20024,0.479346
20025,0.479346
20026,0.479346
20027,0.479346
20028,0.479346
20029,0.479346
20030,0.479346
20031,0.479346
20032,0.479346
20033,0.474398
20034,0.474398
20035,0.474398
20036,0.474398
20037,0.474398
20038,0.474398
20039,0.468514
20040,0.474398
20041,0.474398
20042,0.473846
20043,0.474398
20044,0.474398
20045,0.474398
20046,0.474398
20047,0.474398
20048,0.474398
20049,0.473846
20050,0.473846
20051,0.473846
20052,0.473846
20053,0.473846
20054,0.474398
20055,0.474398
20056,0.474398
20057,0.474398
20058,0.474398
20059,0.474398
20060,0.474398
20061,0.474398
20062,0.474398
20063,0.474398
20064,0.474398
20065,0.474398
20066,0.479346
20067,0.474128
20068,0.474128
20069,0.474128
20070,0.474128
20071,0.474398
20072,0.474398
20073,0.474398
20074,0.474398
20075,0.474398
20076,0.474398
20077,0.474398
20078,0.474398
20079,0.474398
20080,0.474398
20081,0.474398
20082,0.474128
20083,0.474128
20084,0.474128
20085,0.474128
20086,0.479346
20087,0.474398
20088,0.474398
20089,0.474398
20090,0.474398
20091,0.474398
20092,0.474398
20093,0.474398
20094,0.474398
20095,0.474398
20096,0.474398
20097,0.476190
20098,0.476190
20099,0.474128
20100,0.474128
20101,0.474210
20102,0.470262
20103,0.470262
20104,0.474398
20105,0.474398
20106,0.474398
20107,0.474398
20108,0.474398
20109,0.474398
20110,0.474398
20111,0.474398
20112,0.474398
20113,0.474128
20114,0.474128
20115,0.474128
20116,0.474128
20117,0.479346
20118,0.474398
20119,0.474398
20120,0.474398
20121,0.474398
20122,0.474398
20123,0.474398
20124,0.474398
20125,0.474398
20126,0.474398
20127,0.474398
20128,0.474398
20129,0.474398
20130,0.474398
20131,0.474398
20132,0.474398
20133,0.474398
20134,0.474398
20135,0.474398
20136,0.474398
20137,0.474398
20138,0.474398
20139,0.474398
20140,0.474398
20141,0.474398
20142,0.474398
20143,0.474398
20144,0.474398
20145,0.474398
20146,0.474398
20147,0.474398
20148,0.474398
20149,0.474398
20150,0.474398
20151,0.474318
20152,0.474318
20153,0.474398
20154,0.474398
20155,0.474398
20156,0.474398
20157,0.474398
20158,0.474398
20159,0.474398
20160,0.462888
20161,0.452133
20162,0.449393
20163,0.449393
20164,0.449393
20165,0.474398
20166,0.474398
20167,0.474398
20168,0.479346
20169,0.479346
20170,0.474128
20171,0.466105
20172,0.460859
20173,0.456155
20174,0.450680
20175,0.456155
20176,0.450680
20177,0.450680
20178,0.456155
20179,0.479346
20180,0.465674
20181,0.406381
20182,0.406381
20183,0.406381
20184,0.409759
20185,0.453984
20186,0.449393
20187,0.458613
20188,0.448102
20189,0.469697
20190,0.464338
20191,0.462676
20192,0.466479
20193,0.460859
20194,0.460859
20195,0.455696
20196,0.455696
20197,0.460859
20198,0.466479
20199,0.466479
20200,0.473994
20201,0.467496
20202,0.466047
20203,0.475080
20204,0.474128
20205,0.474128
20206,0.471222
20207,0.471222
20208,0.471222
20209,0.471222
20210,0.474128
20211,0.475080
20212,0.475080
20213,0.467496
20214,0.466047
20215,0.479346
20216,0.479346
20217,0.476917
20218,0.469587
20219,0.469587
20220,0.466479
20221,0.466479
20222,0.466479
20223,0.466479
20224,0.474318
20225,0.463338
20226,0.476190
20227,0.472612
20228,0.477905
20229,0.477905
20230,0.479346
20231,0.479346
20232,0.474128
20233,0.474128
20234,0.469587
20235,0.469587
20236,0.469587
20237,0.469587
20238,0.469587
20239,0.474128
20240,0.475080
20241,0.479346
20242,0.479346
20243,0.479346
20244,0.477905
20245,0.477905
20246,0.477905
20247,0.479346
20248,0.479346
20249,0.479346
20250,0.479346
20251,0.479346
20252,0.479346
20253,0.476917
20254,0.467868
20255,0.467868
20256,0.469587
20257,0.476190
20258,0.476190
20259,0.476190
20260,0.476190
20261,0.474398
20262,0.474398
20263,0.474398
20264,0.474398
20265,0.474398
20266,0.474398
20267,0.474398
20268,0.474398
20269,0.477905
20270,0.479346
20271,0.479346
20272,0.479346
20273,0.479346
20274,0.474128
20275,0.474128
20276,0.474128
20277,0.476917
20278,0.476190
20279,0.476190
20280,0.473846
20281,0.474398
20282,0.474398
20283,0.474398
20284,0.474398
20285,0.473846
20286,0.473846
20287,0.473846
20288,0.473846
20289,0.473846
20290,0.473846
20291,0.473846
20292,0.473846
20293,0.473846
20294,0.474398
20295,0.474398
20296,0.473846
20297,0.473846
20298,0.473846
20299,0.473846
20300,0.473846
20301,0.474398
20302,0.474398
20303,0.474398
20304,0.474398
20305,0.474398
20306,0.474398
20307,0.474398
20308,0.474398
20309,0.473846
20310,0.473846
20311,0.474398
20312,0.474398
20313,0.474398
20314,0.474398
20315,0.474398
20316,0.474398
20317,0.473846
20318,0.473846
20319,0.473846
20320,0.473846
20321,0.473846
20322,0.473846
20323,0.473846
20324,0.473846
20325,0.473846
20326,0.473846
20327,0.473846
20328,0.474398
20329,0.474398
20330,0.474398
20331,0.474398
20332,0.473846
20333,0.473846
20334,0.473846
20335,0.473846
20336,0.473846
20337,0.473846
20338,0.473846
20339,0.473846
20340,0.473846
20341,0.473846
20342,0.473846
20343,0.473846
20344,0.473846
20345,0.473846
20346,0.473846
20347,0.473846
20348,0.473846
20349,0.473846
20350,0.473846
20351,0.473846
20352,0.473846
20353,0.473846
20354,0.473846
20355,0.473846
20356,0.473846
20357,0.473846
20358,0.473846
20359,0.473846
20360,0.473846
20361,0.473846
20362,0.473846
20363,0.473846
20364,0.473846
20365,0.473846
20366,0.473846
20367,0.473846
20368,0.473846
20369,0.473846
20370,0.473846
20371,0.473846
20372,0.473846
20373,0.473846
20374,0.473846
20375,0.473846
20376,0.473846
20377,0.474398
20378,0.474398
20379,0.474398
20380,0.474398
20381,0.473846
20382,0.473846
20383,0.473846
20384,0.473846
20385,0.473846
20386,0.474398
20387,0.474398
20388,0.474398
20389,0.474398
20390,0.474398
20391,0.474398
20392,0.474398
20393,0.473846
20394,0.473846
20395,0.473846
20396,0.473846
20397,0.473846
20398,0.474398
20399,0.474398
20400,0.471598
20401,0.471598
20402,0.471598
20403,0.471598
20404,0.474398
20405,0.473846
20406,0.473846
20407,0.474398
20408,0.474398
20409,0.474398
20410,0.474398
20411,0.474398
20412,0.474398
20413,0.474398
20414,0.474398
20415,0.474398
20416,0.474398
20417,0.474398
20418,0.474398
20419,0.474398
20420,0.474398
20421,0.474398
20422,0.474398
20423,0.474398
20424,0.474398
20425,0.474398
20426,0.474398
20427,0.474398
20428,0.474398
20429,0.474398
20430,0.474398
20431,0.474398
20432,0.474398
20433,0.474398
20434,0.474398
20435,0.474398
20436,0.474398
20437,0.474398
20438,0.474398
20439,0.474398
20440,0.474398
20441,0.474398
20442,0.473846
20443,0.473846
20444,0.473846
20445,0.473846
20446,0.473846
20447,0.473846
20448,0.473846
20449,0.473846
20450,0.473846
20451,0.474398
20452,0.474398
20453,0.474398
20454,0.473846
20455,0.473846
20456,0.473846
20457,0.473846
20458,0.473846
20459,0.473846
20460,0.473846
20461,0.474398
20462,0.474398
20463,0.474398
20464,0.474398
20465,0.474398
20466,0.474398
20467,0.474398
20468,0.474398
20469,0.474398
20470,0.474398
20471,0.474398
20472,0.474398
20473,0.474398
20474,0.474398
20475,0.474398
20476,0.474398
20477,0.474398
20478,0.474398
20479,0.474398
20480,0.474398
20481,0.474398
20482,0.474398
20483,0.474398
20484,0.474398
20485,0.474398
20486,0.474398
20487,0.474398
20488,0.474398
20489,0.474398
20490,0.474398
20491,0.474398
20492,0.474398
20493,0.474398
20494,0.474398
20495,0.474398
20496,0.474398
20497,0.474398
20498,0.474398
20499,0.474398
20500,0.474398
20501,0.474398
20502,0.474398
20503,0.474398
20504,0.474398
20505,0.474398
20506,0.474398
20507,0.474398
20508,0.474398
20509,0.474398
20510,0.474398
20511,0.474398
20512,0.474398
20513,0.474398
20514,0.474398
20515,0.474398
20516,0.474398
20517,0.474398
20518,0.474398
20519,0.474398
20520,0.474398
20521,0.473846
20522,0.473846
20523,0.473846
20524,0.474398
20525,0.474398
20526,0.474398
20527,0.474398
20528,0.474398
20529,0.474398
20530,0.474128
20531,0.474128
20532,0.473846
20533,0.473846
20534,0.473846
20535,0.473846
20536,0.474398
20537,0.474398
20538,0.474398
20539,0.474398
20540,0.474398
20541,0.474398
20542,0.474398
20543,0.474398
20544,0.474398
20545,0.474398
20546,0.474398
20547,0.474398
20548,0.474398
20549,0.479346
20550,0.479346
20551,0.474398
20552,0.474398
20553,0.474398
20554,0.474398
20555,0.474398
20556,0.474398
20557,0.474398
20558,0.474398
20559,0.474398
20560,0.474398
20561,0.474398
20562,0.474398
20563,0.474398
20564,0.474398
20565,0.474398
20566,0.474398
20567,0.474398
20568,0.474398
20569,0.474398
20570,0.474398
20571,0.474398
20572,0.474398
20573,0.474398
20574,0.474398
20575,0.474398
20576,0.474398
20577,0.474398
20578,0.474398
20579,0.474398
20580,0.474398
20581,0.474398
20582,0.474398
20583,0.474398
20584,0.474398
20585,0.474398
20586,0.474398
20587,0.474398
20588,0.474398
20589,0.474398
20590,0.474398
20591,0.474398
20592,0.474398
20593,0.474398
20594,0.474398
20595,0.474398
20596,0.474398
20597,0.474398
20598,0.474398
20599,0.474398
20600,0.474398
20601,0.474398
20602,0.474398
20603,0.474398
20604,0.474398
20605,0.474398
20606,0.474398
20607,0.474398
20608,0.474398
20609,0.474398
20610,0.474398
20611,0.474398
20612,0.474398
20613,0.474398
20614,0.474398
20615,0.474398
20616,0.474398
20617,0.474398
20618,0.474398
20619,0.474398
20620,0.474398
20621,0.474398
20622,0.474398
20623,0.474398
20624,0.474398
20625,0.474398
20626,0.474398
20627,0.474398
20628,0.474398
20629,0.474398
20630,0.474398
20631,0.474398
20632,0.474398
20633,0.474398
20634,0.474398
20635,0.474398
20636,0.474398
20637,0.474398
20638,0.474398
20639,0.474398
20640,0.474398
20641,0.474398
20642,0.474398
20643,0.474398
20644,0.474398
20645,0.474398
20646,0.474398
20647,0.474398
20648,0.474398
20649,0.474398
20650,0.474398
20651,0.474398
20652,0.474398
20653,0.474398
20654,0.474398
20655,0.474398
20656,0.474398
20657,0.474398
20658,0.474398
20659,0.474398
20660,0.474398
20661,0.474398
20662,0.474398
20663,0.474398
20664,0.474398
20665,0.474398
20666,0.474398
20667,0.474398
20668,0.474398
20669,0.474398
20670,0.474398
20671,0.474398
20672,0.474398
20673,0.474398
20674,0.474398
20675,0.474398
20676,0.474398
20677,0.474398
20678,0.474398
20679,0.474398
20680,0.474398
20681,0.474398
20682,0.474398
20683,0.474398
20684,0.474398
20685,0.474398
20686,0.474398
20687,0.474398
20688,0.474398
20689,0.474398
20690,0.474398
20691,0.474398
20692,0.474398
20693,0.474398
20694,0.474398
20695,0.474398
20696,0.474398
20697,0.474398
20698,0.474398
20699,0.474398
20700,0.474398
20701,0.474398
20702,0.474398
20703,0.474398
20704,0.474398
20705,0.474398
20706,0.474398
20707,0.474398
20708,0.474398
20709,0.474398
20710,0.474398
20711,0.474398
20712,0.474398
20713,0.474398
20714,0.474398
20715,0.474398
20716,0.474398
20717,0.474398
20718,0.474398
20719,0.474398
20720,0.474398
20721,0.474398
20722,0.474398
20723,0.474398
20724,0.474398
20725,0.474398
20726,0.474398
20727,0.474398
20728,0.474398
20729,0.474398
20730,0.474398
20731,0.474398
20732,0.474398
20733,0.474398
20734,0.474398
20735,0.474398
20736,0.474398
20737,0.474398
20738,0.474398
20739,0.474398
20740,0.474398
20741,0.474398
20742,0.474398
20743,0.474398
20744,0.474398
20745,0.474398
20746,0.474398
20747,0.474398
20748,0.474398
20749,0.474398
20750,0.474398
20751,0.474398
20752,0.474398
20753,0.474398
20754,0.474398
20755,0.474398
20756,0.474398
20757,0.474398
20758,0.474398
20759,0.474398
20760,0.474398
20761,0.474398
20762,0.474398
20763,0.474398
20764,0.474398
20765,0.474398
20766,0.474398
20767,0.474398
20768,0.474398
20769,0.474398
20770,0.474398
20771,0.474398
20772,0.474398
20773,0.474398
20774,0.474398
20775,0.474398
20776,0.474398
20777,0.474398
20778,0.474398
20779,0.474398
20780,0.474398
20781,0.474398
20782,0.474398
20783,0.474398
20784,0.474398
20785,0.474398
20786,0.474398
20787,0.474398
20788,0.474398
20789,0.474398
20790,0.474398
20791,0.474398
20792,0.474398
20793,0.474398
20794,0.474398
20795,0.474398
20796,0.474398
20797,0.474398
20798,0.474398
20799,0.474398
20800,0.474398
20801,0.474398
20802,0.474398
20803,0.474398
20804,0.474398
20805,0.474398
20806,0.474398
20807,0.474398
20808,0.474398
20809,0.474398
20810,0.474398
20811,0.474398
20812,0.474398
20813,0.474398
20814,0.474398
20815,0.474398
20816,0.474398
20817,0.474398
20818,0.474398
20819,0.474398
20820,0.474398
20821,0.474398
20822,0.474398
20823,0.474398
20824,0.474398
20825,0.474398
20826,0.474398
20827,0.474398
20828,0.474398
20829,0.474398
20830,0.474398
20831,0.474398
20832,0.474398
20833,0.474398
20834,0.474398
20835,0.474398
20836,0.474398
20837,0.474398
20838,0.474398
20839,0.474398
20840,0.479346
20841,0.479346
20842,0.479346
20843,0.474398
20844,0.474398
20845,0.474398
20846,0.474398
20847,0.474398
20848,0.474398
20849,0.474398
20850,0.474398
20851,0.474398
20852,0.474398
20853,0.474398
20854,0.474398
20855,0.474398
20856,0.474398
20857,0.474398
20858,0.474398
20859,0.474398
20860,0.474398
20861,0.474398
20862,0.474398
20863,0.474398
20864,0.474398
20865,0.474398
20866,0.474398
20867,0.474398
20868,0.474398
20869,0.474398
20870,0.474398
20871,0.474398
20872,0.474398
20873,0.474398
20874,0.474398
20875,0.474398
20876,0.474398
20877,0.474398
20878,0.474398
20879,0.474398
20880,0.474398
20881,0.474398
20882,0.474398
20883,0.474398
20884,0.474398
20885,0.474398
20886,0.474398
20887,0.474398
20888,0.474398
20889,0.474398
20890,0.474398
20891,0.474398
20892,0.474398
20893,0.474398
20894,0.474398
20895,0.474398
20896,0.474398
20897,0.474398
20898,0.474398
20899,0.474398
20900,0.474398
20901,0.474398
20902,0.479346
20903,0.474128
20904,0.474128
20905,0.474128
20906,0.474128
20907,0.474128
20908,0.474398
20909,0.474398
20910,0.474398
20911,0.474398
20912,0.474398
20913,0.474398
20914,0.474398
20915,0.474398
20916,0.474398
20917,0.474398
20918,0.474398
20919,0.474398
20920,0.474398
20921,0.474398
20922,0.474398
20923,0.474398
20924,0.474398
20925,0.474398
20926,0.474398
20927,0.474398
20928,0.474398
20929,0.474398
20930,0.474398
20931,0.474398
20932,0.474398
20933,0.474398
20934,0.474398
20935,0.474398
20936,0.474398
20937,0.474398
20938,0.474398
20939,0.474398
20940,0.474398
20941,0.474398
20942,0.474398
20943,0.474398
20944,0.474398
20945,0.474398
20946,0.474398
20947,0.474398
20948,0.474398
20949,0.474398
20950,0.474398
20951,0.474398
20952,0.474398
20953,0.479346
20954,0.479346
20955,0.474128
20956,0.474128
20957,0.474128
20958,0.479346
20959,0.479346
20960,0.474398
20961,0.474398
20962,0.474398
20963,0.474398
20964,0.474398
20965,0.474398
20966,0.474398
20967,0.474398
20968,0.474398
20969,0.474398
20970,0.474398
20971,0.474398
20972,0.474398
20973,0.474398
20974,0.474398
20975,0.474398
20976,0.474398
20977,0.474398
20978,0.474398
20979,0.474398
20980,0.474398
20981,0.474398
20982,0.474398
20983,0.474398
20984,0.474398
20985,0.474398
20986,0.474398
20987,0.474398
20988,0.474398
20989,0.474398
20990,0.474398
20991,0.474398
20992,0.474398
20993,0.474398
20994,0.474398
20995,0.474398
20996,0.474398
20997,0.474398
20998,0.474398
20999,0.474398
21000,0.474398
21001,0.474398
21002,0.474398
21003,0.474398
21004,0.474398
21005,0.474398
21006,0.474398
21007,0.474398
21008,0.474398
21009,0.474398
21010,0.474398
21011,0.474398
21012,0.474398
21013,0.474398
21014,0.474398
21015,0.474398
21016,0.474398
21017,0.474398
21018,0.474398
21019,0.474398
21020,0.474398
21021,0.474398
21022,0.474398
21023,0.474398
21024,0.474398
21025,0.474398
21026,0.474398
21027,0.474398
21028,0.474398
21029,0.474398
21030,0.474398
21031,0.479346
21032,0.479346
21033,0.474128
21034,0.474128
21035,0.474128
21036,0.474128
21037,0.474128
21038,0.474128
21039,0.474398
21040,0.474398
21041,0.474398
21042,0.474398
21043,0.474398
21044,0.474398
21045,0.474398
21046,0.474398
21047,0.474398
21048,0.474398
21049,0.474398
21050,0.474398
21051,0.474398
21052,0.474398
21053,0.479346
21054,0.479346
21055,0.479346
21056,0.479346
21057,0.474128
21058,0.474128
21059,0.474128
21060,0.474128
21061,0.474128
21062,0.477905
21063,0.477905
21064,0.474398
21065,0.474398
21066,0.474398
21067,0.474398
21068,0.474398
21069,0.474398
21070,0.474398
21071,0.474398
21072,0.474398
21073,0.474398
21074,0.474398
21075,0.474398
21076,0.474398
21077,0.474398
21078,0.474398
21079,0.474398
21080,0.474398
21081,0.474398
21082,0.474398
21083,0.474398
21084,0.474398
21085,0.474398
21086,0.474398
21087,0.474398
21088,0.474398
21089,0.474398
21090,0.474398
21091,0.474398
21092,0.474398
21093,0.474398
21094,0.474398
21095,0.474398
21096,0.474398
21097,0.474398
21098,0.474398
21099,0.474398
21100,0.474398
21101,0.479346
21102,0.479346
21103,0.479346
21104,0.479346
21105,0.479346
21106,0.479346
21107,0.479346
21108,0.479346
21109,0.479346
21110,0.479346
21111,0.479346
21112,0.479346
21113,0.474398
21114,0.474398
21115,0.474398
21116,0.474398
21117,0.474398
21118,0.474398
21119,0.477905
21120,0.477905
21121,0.477905
21122,0.477905
21123,0.477905
21124,0.477905
21125,0.477905
21126,0.474398
21127,0.474398
21128,0.474398
21129,0.474398
21130,0.474398
21131,0.474398
21132,0.474398
21133,0.474398
21134,0.474398
21135,0.474398
21136,0.474398
21137,0.474398
21138,0.474398
21139,0.474398
21140,0.474398
21141,0.474398
21142,0.474398
21143,0.474398
21144,0.474398
21145,0.474398
21146,0.474398
21147,0.474398
21148,0.474398
21149,0.474398
21150,0.474398
21151,0.474398
21152,0.474398
21153,0.474398
21154,0.474398
21155,0.474128
21156,0.474128
21157,0.474128
21158,0.474128
21159,0.474128
21160,0.473092
21161,0.473092
21162,0.466479
21163,0.466479
21164,0.477905
21165,0.474398
21166,0.474398
21167,0.474398
21168,0.474398
21169,0.474398
21170,0.474398
21171,0.474398
21172,0.474398
21173,0.479346
21174,0.479346
21175,0.479346
21176,0.474128
21177,0.474128
21178,0.474128
21179,0.474398
21180,0.474398
21181,0.474398
21182,0.474398
21183,0.474398
21184,0.474398
21185,0.474398
21186,0.474398
21187,0.474318
21188,0.474318
21189,0.474398
21190,0.474398
21191,0.474398
21192,0.474398
21193,0.474398
21194,0.474398
21195,0.474398
21196,0.474398
21197,0.473846
21198,0.474398
21199,0.474398
21200,0.474398
21201,0.474398
21202,0.474398
21203,0.474398
21204,0.474398
21205,0.474398
21206,0.474398
21207,0.474398
21208,0.474398
21209,0.474398
21210,0.474398
21211,0.474398
21212,0.474398
21213,0.474398
21214,0.474398
21215,0.474398
21216,0.474398
21217,0.474398
21218,0.474398
21219,0.474398
21220,0.474398
21221,0.474398
21222,0.474398
21223,0.474398
21224,0.474128
21225,0.474128
21226,0.474128
21227,0.466105
21228,0.474128
21229,0.479346
21230,0.479346
21231,0.479346
21232,0.466479
21233,0.466479
21234,0.466479
21235,0.460859
21236,0.460859
21237,0.460859
21238,0.460859
21239,0.460859
21240,0.477905
21241,0.474398
21242,0.474398
21243,0.474398
21244,0.479346
21245,0.479346
21246,0.479346
21247,0.479346
21248,0.474128
21249,0.474128
21250,0.474128
21251,0.474128
21252,0.474128
21253,0.479346
21254,0.479346
21255,0.479346
21256,0.474398
21257,0.474398
21258,0.474398
21259,0.474398
21260,0.474398
21261,0.474398
21262,0.474398
21263,0.474398
21264,0.474398
21265,0.474398
21266,0.474398
21267,0.474398
21268,0.474398
21269,0.474398
21270,0.474398
21271,0.479346
21272,0.479346
21273,0.479346
21274,0.479346
21275,0.479346
21276,0.474398
21277,0.474398
21278,0.474398
21279,0.474398
21280,0.474398
21281,0.474398
21282,0.474398
21283,0.474398
21284,0.474398
21285,0.474398
21286,0.474398
21287,0.474398
21288,0.474398
21289,0.474398
21290,0.474398
21291,0.474398
21292,0.474398
21293,0.474398
21294,0.474398
21295,0.474398
21296,0.474398
21297,0.474398
21298,0.466105
21299,0.466105
21300,0.466105
21301,0.466105
21302,0.479346
21303,0.474398
21304,0.474398
21305,0.474398
21306,0.474398
21307,0.474398
21308,0.474398
21309,0.474398
21310,0.474398
21311,0.474398
21312,0.474398
21313,0.474398
21314,0.474398
21315,0.474398
21316,0.474398
21317,0.479346
21318,0.479346
21319,0.479346
21320,0.479346
21321,0.479346
21322,0.479346
21323,0.479346
21324,0.479346
21325,0.479346
21326,0.479346
21327,0.479346
21328,0.479346
21329,0.479346
21330,0.479346
21331,0.479346
21332,0.479346
21333,0.479346
21334,0.474398
21335,0.474398
21336,0.474398
21337,0.474398
21338,0.474398
21339,0.474398
21340,0.474398
21341,0.474398
21342,0.474398
21343,0.474398
21344,0.474398
21345,0.474398
21346,0.473846
21347,0.473846
21348,0.474398
21349,0.474398
21350,0.474398
21351,0.474398
21352,0.474398
21353,0.474398
21354,0.474398
21355,0.473846
21356,0.474398
21357,0.474398
21358,0.474398
21359,0.474398
21360,0.474398
21361,0.474398
21362,0.474398
21363,0.474398
21364,0.474398
21365,0.474398
21366,0.474398
21367,0.474398
21368,0.474398
21369,0.474398
21370,0.474398
21371,0.474398
21372,0.474398
21373,0.474398
21374,0.474398
21375,0.474398
21376,0.474398
21377,0.474398
21378,0.474398
21379,0.474398
21380,0.474398
21381,0.474398
21382,0.474398
21383,0.474398
21384,0.474398
21385,0.474398
21386,0.474398
21387,0.474398
21388,0.474398
21389,0.474398
21390,0.474398
21391,0.474398
21392,0.474398
21393,0.474398
21394,0.474398
21395,0.474398
21396,0.474398
21397,0.474398
21398,0.479346
21399,0.479346
21400,0.479346
21401,0.474398
21402,0.474398
21403,0.474398
21404,0.474398
21405,0.474398
21406,0.474398
21407,0.474398
21408,0.474398
21409,0.474398
21410,0.474398
21411,0.474398
21412,0.474398
21413,0.473846
21414,0.473846
21415,0.474398
21416,0.474398
21417,0.474398
21418,0.474398
21419,0.474398
21420,0.474398
21421,0.474398
21422,0.474398
21423,0.474398
21424,0.474398
21425,0.474398
21426,0.474398
21427,0.474398
21428,0.474398
21429,0.474398
21430,0.474398
21431,0.474398
21432,0.474398
21433,0.474128
21434,0.474128
21435,0.474128
21436,0.474128
21437,0.474128
21438,0.474128
21439,0.474398
21440,0.474398
21441,0.474398
21442,0.474398
21443,0.474398
21444,0.474398
21445,0.474398
21446,0.474398
21447,0.474398
21448,0.474398
21449,0.474398
21450,0.474398
21451,0.474398
21452,0.474398
21453,0.466105
21454,0.466105
21455,0.466105
21456,0.474398
21457,0.474398
21458,0.474398
21459,0.474398
21460,0.474398
21461,0.474398
21462,0.474398
21463,0.474398
21464,0.474398
21465,0.474398
21466,0.474398
21467,0.474398
21468,0.479346
21469,0.474398
21470,0.474398
21471,0.474398
21472,0.474398
21473,0.474398
21474,0.474398
21475,0.474398
21476,0.474398
21477,0.474398
21478,0.474398
21479,0.463492
21480,0.474398
21481,0.474398
21482,0.474398
21483,0.474398
21484,0.474398
21485,0.479346
21486,0.479346
21487,0.479346
21488,0.474398
21489,0.473846
21490,0.473846
21491,0.473846
21492,0.474398
21493,0.474398
21494,0.474398
21495,0.474398
21496,0.474398
21497,0.474398
21498,0.474398
21499,0.473846
21500,0.473846
21501,0.473846
21502,0.473846
21503,0.474398
21504,0.474398
21505,0.474398
21506,0.474398
21507,0.474398
21508,0.474398
21509,0.474398
21510,0.474398
21511,0.474398
21512,0.474398
21513,0.474398
21514,0.474398
21515,0.474398
21516,0.474398
21517,0.474398
21518,0.474398
21519,0.474398
21520,0.474398
21521,0.474398
21522,0.474398
21523,0.474398
21524,0.474398
21525,0.474398
21526,0.474398
21527,0.474398
21528,0.474398
21529,0.474398
21530,0.474398
21531,0.474398
21532,0.474398
21533,0.474398
21534,0.474398
21535,0.474398
21536,0.474398
21537,0.474398
21538,0.474398
21539,0.474398
21540,0.474398
21541,0.474398
21542,0.474398
21543,0.474398
21544,0.474398
21545,0.474398
21546,0.474398
21547,0.474398
21548,0.474398
21549,0.474398
21550,0.479346
21551,0.479346
21552,0.479346
21553,0.474128
21554,0.474128
21555,0.474128
21556,0.479346
21557,0.474398
21558,0.474398
21559,0.474398
21560,0.474398
21561,0.474398
21562,0.474398
21563,0.474398
21564,0.474398
21565,0.474398
21566,0.474398
21567,0.474398
21568,0.474398
21569,0.474398
21570,0.474398
21571,0.474398
21572,0.474398
21573,0.474398
21574,0.474398
21575,0.474398
21576,0.474398
21577,0.474398
21578,0.474398
21579,0.474398
21580,0.474398
21581,0.474398
21582,0.474398
21583,0.474398
21584,0.474398
21585,0.474398
21586,0.474398
21587,0.474398
21588,0.474398
21589,0.474398
21590,0.474398
21591,0.474398
21592,0.474398
21593,0.474398
21594,0.474398
21595,0.474398
21596,0.474398
21597,0.474398
21598,0.474398
21599,0.474398
21600,0.474398
21601,0.474398
21602,0.474398
21603,0.474398
21604,0.474398
21605,0.474398
21606,0.474398
21607,0.474398
21608,0.466105
21609,0.466105
21610,0.466105
21611,0.466105
21612,0.474128
21613,0.474128
21614,0.474128
21615,0.474128
21616,0.474128
21617,0.474398
21618,0.474398
21619,0.474398
21620,0.474398
21621,0.474398
21622,0.474398
21623,0.473846
21624,0.473846
21625,0.473846
21626,0.473846
21627,0.474398
21628,0.479346
21629,0.479346
21630,0.479346
21631,0.479346
21632,0.479346
21633,0.476190
21634,0.476190
21635,0.476190
21636,0.474398
21637,0.474398
21638,0.474398
21639,0.474398
21640,0.474398
21641,0.474398
21642,0.474398
21643,0.474398
21644,0.473846
21645,0.473846
21646,0.474398
21647,0.474398
21648,0.474398
21649,0.474398
21650,0.474398
21651,0.474398
21652,0.474398
21653,0.474398
21654,0.474398
21655,0.474398
21656,0.474398
21657,0.474398
21658,0.474398
21659,0.474398
21660,0.474398
21661,0.474398
21662,0.474398
21663,0.474398
21664,0.473846
21665,0.474398
21666,0.474398
21667,0.474398
21668,0.474398
21669,0.474398
21670,0.474398
21671,0.474398
21672,0.474398
21673,0.474398
21674,0.474398
21675,0.474398
21676,0.474398
21677,0.474398
21678,0.474398
21679,0.474398
21680,0.474398
21681,0.474398
21682,0.474398
21683,0.474398
21684,0.474398
21685,0.474398
21686,0.474398
21687,0.474398
21688,0.474398
21689,0.474128
21690,0.474128
21691,0.474398
21692,0.474398
21693,0.474398
21694,0.474398
21695,0.474398
21696,0.479346
21697,0.479346
21698,0.474398
21699,0.474398
21700,0.474398
21701,0.474398
21702,0.474398
21703,0.474398
21704,0.474398
21705,0.474398
21706,0.474398
21707,0.474398
21708,0.474398
21709,0.474398
21710,0.474398
21711,0.479346
21712,0.479346
21713,0.479346
21714,0.479346
21715,0.474128
21716,0.479346
21717,0.479346
21718,0.474398
21719,0.474398
21720,0.474318
21721,0.474318
21722,0.474318
21723,0.475080
21724,0.477905
21725,0.477905
21726,0.477905
21727,0.474398
21728,0.474398
21729,0.474398
21730,0.474398
21731,0.474398
21732,0.474398
21733,0.474398
21734,0.474398
21735,0.474398
21736,0.474398
21737,0.474398
21738,0.474398
21739,0.474398
21740,0.474398
21741,0.474398
21742,0.474398
21743,0.474398
21744,0.474398
21745,0.474398
21746,0.474398
21747,0.474398
21748,0.474318
21749,0.474318
21750,0.474318
21751,0.474398
21752,0.474398
21753,0.474398
21754,0.474398
21755,0.474398
21756,0.474398
21757,0.474398
21758,0.474398
21759,0.474398
21760,0.474398
21761,0.474398
21762,0.474398
21763,0.474398
21764,0.474398
21765,0.474398
21766,0.474398
21767,0.474398
21768,0.430448
21769,0.474398
21770,0.474398
21771,0.474398
21772,0.474398
21773,0.474398
21774,0.474398
21775,0.474398
21776,0.474398
21777,0.474398
21778,0.474398
21779,0.474398
21780,0.474398
21781,0.474398
21782,0.474398
21783,0.474398
21784,0.474398
21785,0.474398
21786,0.474398
21787,0.474398
21788,0.474398
21789,0.474398
21790,0.474398
21791,0.474398
21792,0.474398
21793,0.474398
21794,0.474398
21795,0.474398
21796,0.474398
21797,0.474398
21798,0.474398
21799,0.474398
21800,0.474398
21801,0.474398
21802,0.474398
21803,0.474398
21804,0.474398
21805,0.474398
21806,0.474398
21807,0.474398
21808,0.474398
21809,0.474398
21810,0.474398
21811,0.474398
21812,0.474398
21813,0.474398
21814,0.474398
21815,0.474398
21816,0.474398
21817,0.474398
21818,0.474398
21819,0.474398
21820,0.474398
21821,0.474398
21822,0.474398
21823,0.474398
21824,0.474398
21825,0.474398
21826,0.474398
21827,0.474398
21828,0.474398
21829,0.474398
21830,0.474398
21831,0.474398
21832,0.474398
21833,0.474398
21834,0.474398
21835,0.474398
21836,0.474398
21837,0.474398
21838,0.474398
21839,0.474398
21840,0.474398
21841,0.474398
21842,0.474398
21843,0.474398
21844,0.474398
21845,0.474398
21846,0.474398
21847,0.474398
21848,0.474398
21849,0.474398
21850,0.474398
21851,0.474398
21852,0.474398
21853,0.474398
21854,0.474398
21855,0.474398
21856,0.474398
21857,0.474398
21858,0.474398
21859,0.474398
21860,0.474398
21861,0.474398
21862,0.479346
21863,0.479346
21864,0.479346
21865,0.474398
21866,0.474398
21867,0.474398
21868,0.474398
21869,0.474398
21870,0.474398
21871,0.474398
21872,0.474398
21873,0.474398
21874,0.474398
21875,0.474398
21876,0.474398
21877,0.474398
21878,0.474398
21879,0.474398
21880,0.474398
21881,0.474398
21882,0.474398
21883,0.474398
21884,0.474398
21885,0.474398
21886,0.474398
21887,0.474398
21888,0.474398
21889,0.474398
21890,0.474398
21891,0.474398
21892,0.474398
21893,0.474398
21894,0.474398
21895,0.474398
21896,0.474398
21897,0.474398
21898,0.474398
21899,0.474398
21900,0.474398
21901,0.474398
21902,0.474398
21903,0.474398
21904,0.474398
21905,0.474398
21906,0.474398
21907,0.474398
21908,0.474398
21909,0.474398
21910,0.474398
21911,0.474398
21912,0.474398
21913,0.474398
21914,0.474398
21915,0.474398
21916,0.474398
21917,0.474398
21918,0.474398
21919,0.474398
21920,0.474398
21921,0.474398
21922,0.474398
21923,0.474398
21924,0.474398
21925,0.474398
21926,0.474398
21927,0.474398
21928,0.474398
21929,0.474398
21930,0.474398
21931,0.474398
21932,0.474398
21933,0.474398
21934,0.474398
21935,0.474398
21936,0.474398
21937,0.474398
21938,0.474398
21939,0.474398
21940,0.474398
21941,0.474398
21942,0.474398
21943,0.474398
21944,0.474398
21945,0.474398
21946,0.474398
21947,0.474398
21948,0.474398
21949,0.474398
21950,0.474398
21951,0.474398
21952,0.474398
21953,0.474398
21954,0.474398
21955,0.474398
21956,0.474398
21957,0.474398
21958,0.479346
21959,0.479346
21960,0.474398
21961,0.474398
21962,0.474398
21963,0.474398
21964,0.474398
21965,0.474398
21966,0.474398
21967,0.474398
21968,0.474398
21969,0.474398
21970,0.474398
21971,0.474398
21972,0.474398
21973,0.474398
21974,0.474398
21975,0.477905
21976,0.474398
21977,0.474398
21978,0.474398
21979,0.473846
21980,0.473846
21981,0.473846
21982,0.474398
21983,0.474398
21984,0.474398
21985,0.474398
21986,0.474398
21987,0.474398
21988,0.474398
21989,0.473846
21990,0.473846
21991,0.473846
21992,0.474398
21993,0.474398
21994,0.474398
21995,0.474398
21996,0.474398
21997,0.474398
21998,0.474398
21999,0.474398
22000,0.474398
22001,0.474398
22002,0.474398
22003,0.474398
22004,0.474398
22005,0.474398
22006,0.474398
22007,0.474398
22008,0.474398
22009,0.474398
22010,0.474398
22011,0.474398
22012,0.474398
22013,0.474398
22014,0.474398
22015,0.474398
22016,0.474398
22017,0.474398
22018,0.474398
22019,0.474398
22020,0.474398
22021,0.474398
22022,0.474398
22023,0.474398
22024,0.479346
22025,0.475080
22026,0.475080
22027,0.475080
22028,0.475080
22029,0.479346
22030,0.479346
22031,0.479346
22032,0.474318
22033,0.474318
22034,0.474318
22035,0.474318
22036,0.474318
22037,0.474318
22038,0.477905
22039,0.477905
22040,0.474398
22041,0.474398
22042,0.473846
22043,0.473846
22044,0.473846
22045,0.474398
22046,0.474398
22047,0.474398
22048,0.474398
22049,0.474398
22050,0.474398
22051,0.474398
22052,0.474398
22053,0.474398
22054,0.474398
22055,0.474398
22056,0.474398
22057,0.474398
22058,0.474398
22059,0.474398
22060,0.474398
22061,0.474398
22062,0.474398
22063,0.474398
22064,0.474398
22065,0.474398
22066,0.474398
22067,0.474398
22068,0.474398
22069,0.474398
22070,0.474398
22071,0.474398
22072,0.474398
22073,0.474398
22074,0.474398
22075,0.474398
22076,0.474398
22077,0.474398
22078,0.474398
22079,0.474398
22080,0.474398
22081,0.474398
22082,0.474398
22083,0.474398
22084,0.474398
22085,0.474398
22086,0.474398
22087,0.474398
22088,0.474398
22089,0.474398
22090,0.474398
22091,0.474128
22092,0.474128
22093,0.474128
22094,0.474128
22095,0.474128
22096,0.474128
22097,0.474398
22098,0.474398
22099,0.474398
22100,0.474398
22101,0.474398
22102,0.474398
22103,0.474398
22104,0.474398
22105,0.474398
22106,0.474398
22107,0.474398
22108,0.474398
22109,0.474398
22110,0.474398
22111,0.474398
22112,0.474398
22113,0.474398
22114,0.474398
22115,0.474398
22116,0.474398
22117,0.474398
22118,0.474398
22119,0.474398
22120,0.474398
22121,0.474398
22122,0.474398
22123,0.474398
22124,0.474398
22125,0.474398
22126,0.474398
22127,0.474398
22128,0.474398
22129,0.474398
22130,0.474398
22131,0.474398
22132,0.474398
22133,0.474398
22134,0.474398
22135,0.474398
22136,0.474398
22137,0.474398
22138,0.474398
22139,0.474398
22140,0.474398
22141,0.474398
22142,0.474398
22143,0.474398
22144,0.474398
22145,0.474398
22146,0.474398
22147,0.474398
22148,0.474398
22149,0.474398
22150,0.474398
22151,0.474398
22152,0.474398
22153,0.474398
22154,0.474398
22155,0.474398
22156,0.474398
22157,0.474398
22158,0.474398
22159,0.474398
22160,0.474398
22161,0.474398
22162,0.474398
22163,0.474398
22164,0.474398
22165,0.474398
22166,0.474398
22167,0.474398
22168,0.474398
22169,0.474398
22170,0.474398
22171,0.479346
22172,0.479346
22173,0.479346
22174,0.479346
22175,0.479346
22176,0.474398
22177,0.474398
22178,0.474398
22179,0.474398
22180,0.474398
22181,0.474398
22182,0.474398
22183,0.474398
22184,0.474398
22185,0.474398
22186,0.474398
22187,0.474398
22188,0.474398
22189,0.474398
22190,0.474398
22191,0.474398
22192,0.474398
22193,0.474398
22194,0.474398
22195,0.474398
22196,0.474398
22197,0.474398
22198,0.474398
22199,0.474398
22200,0.473846
22201,0.473846
22202,0.473846
22203,0.474398
22204,0.474398
22205,0.474398
22206,0.474398
22207,0.474398
22208,0.474398
22209,0.474398
22210,0.474398
22211,0.474398
22212,0.473846
22213,0.474398
22214,0.474398
22215,0.474398
22216,0.474398
22217,0.474398
22218,0.474398
22219,0.474398
22220,0.474398
22221,0.474398
22222,0.474398
22223,0.474398
22224,0.474398
22225,0.474398
22226,0.474398
22227,0.474398
22228,0.474398
22229,0.474398
22230,0.474398
22231,0.474398
22232,0.474398
22233,0.474398
22234,0.474398
22235,0.474398
22236,0.474398
22237,0.474398
22238,0.474398
22239,0.474398
22240,0.474398
22241,0.474398
22242,0.474398
22243,0.474398
22244,0.474398
22245,0.474398
22246,0.474398
22247,0.474398
22248,0.474398
22249,0.474398
22250,0.474398
22251,0.479346
22252,0.479346
22253,0.479346
22254,0.475080
22255,0.474128
22256,0.474128
22257,0.474128
22258,0.474128
22259,0.474128
22260,0.479346
22261,0.474398
22262,0.474398
22263,0.474398
22264,0.474398
22265,0.474398
22266,0.474398
22267,0.474398
22268,0.474398
22269,0.474398
22270,0.474398
22271,0.474398
22272,0.474398
22273,0.474398
22274,0.474398
22275,0.474398
22276,0.474398
22277,0.474398
22278,0.474398
22279,0.474398
22280,0.474398
22281,0.474398
22282,0.474398
22283,0.474398
22284,0.474398
22285,0.474398
22286,0.474398
22287,0.474398
22288,0.474398
22289,0.474398
22290,0.474398
22291,0.474398
22292,0.474398
22293,0.474398
22294,0.474398
22295,0.474398
22296,0.474398
22297,0.474398
22298,0.474398
22299,0.474398
22300,0.474398
22301,0.474398
22302,0.474398
22303,0.474398
22304,0.474398
22305,0.474398
22306,0.474398
22307,0.474398
22308,0.474398
22309,0.474398
22310,0.474398
22311,0.474398
22312,0.479346
22313,0.479346
22314,0.466105
22315,0.466105
22316,0.466105
22317,0.466105
22318,0.466105
22319,0.474398
22320,0.474398
22321,0.474398
22322,0.474398
22323,0.474398
22324,0.474398
22325,0.474398
22326,0.474398
22327,0.474398
22328,0.474398
22329,0.474398
22330,0.474398
22331,0.474398
22332,0.474398
22333,0.474398
22334,0.474398
22335,0.474398
22336,0.453568
22337,0.479346
22338,0.475080
22339,0.474128
22340,0.474128
22341,0.479346
22342,0.474128
22343,0.474128
22344,0.474128
22345,0.474128
22346,0.479346
22347,0.479346
22348,0.474398
22349,0.474398
22350,0.474398
22351,0.474398
22352,0.474398
22353,0.474398
22354,0.474398
22355,0.474398
22356,0.474398
22357,0.474398
22358,0.474398
22359,0.474398
22360,0.474398
22361,0.474398
22362,0.474398
22363,0.474398
22364,0.474398
22365,0.474398
22366,0.474398
22367,0.474398
22368,0.474398
22369,0.474398
22370,0.474398
22371,0.474398
22372,0.474398
22373,0.474398
22374,0.474398
22375,0.474398
22376,0.474398
22377,0.474398
22378,0.474398
22379,0.474398
22380,0.474398
22381,0.474398
22382,0.474398
22383,0.474398
22384,0.474398
22385,0.474398
22386,0.474398
22387,0.474398
22388,0.474398
22389,0.474398
22390,0.474398
22391,0.474398
22392,0.474398
22393,0.474398
22394,0.474398
22395,0.474398
22396,0.474398
22397,0.474398
22398,0.474398
22399,0.474398
22400,0.474398
22401,0.474398
22402,0.474398
22403,0.474398
22404,0.474398
22405,0.474398
22406,0.474398
22407,0.474398
22408,0.474318
22409,0.466479
22410,0.466479
22411,0.474128
22412,0.474128
22413,0.474128
22414,0.474128
22415,0.479346
22416,0.474398
22417,0.474398
22418,0.474398
22419,0.474398
22420,0.474398
22421,0.474398
22422,0.474398
22423,0.474398
22424,0.474398
22425,0.474398
22426,0.474398
22427,0.474398
22428,0.474398
22429,0.474398
22430,0.479346
22431,0.479346
22432,0.474128
22433,0.474128
22434,0.474128
22435,0.479346
22436,0.474398
22437,0.474398
22438,0.474398
22439,0.474398
22440,0.474398
22441,0.474398
22442,0.474398
22443,0.474398
22444,0.474398
22445,0.474398
22446,0.474398
22447,0.474398
22448,0.474398
22449,0.474398
22450,0.474398
22451,0.474398
22452,0.474398
22453,0.474398
22454,0.474398
22455,0.474398
22456,0.474398
22457,0.474398
22458,0.474398
22459,0.474398
22460,0.474398
22461,0.474398
22462,0.474398
22463,0.474398
22464,0.474398
22465,0.474398
22466,0.474398
22467,0.474398
22468,0.474398
22469,0.474398
22470,0.474398
22471,0.474398
22472,0.474398
22473,0.474398
22474,0.474398
22475,0.474398
22476,0.474398
22477,0.474398
22478,0.474398
22479,0.474398
22480,0.474398
22481,0.474398
22482,0.474398
22483,0.474398
22484,0.474398
22485,0.474398
22486,0.474398
22487,0.474398
22488,0.474398
22489,0.474398
22490,0.474398
22491,0.474398
22492,0.474398
22493,0.474398
22494,0.474398
22495,0.474398
22496,0.474398
22497,0.474398
22498,0.474398
22499,0.479346
22500,0.479346
22501,0.479346
22502,0.479346
22503,0.474128
22504,0.479346
22505,0.474128
22506,0.479346
22507,0.479346
22508,0.474398
22509,0.474398
22510,0.474398
22511,0.474398
22512,0.474398
22513,0.474398
22514,0.474398
22515,0.474398
22516,0.474398
22517,0.474398
22518,0.477905
22519,0.477905
22520,0.477905
22521,0.477905
22522,0.477905
22523,0.474398
22524,0.474398
22525,0.474398
22526,0.474398
22527,0.474398
22528,0.474398
22529,0.474398
22530,0.474398
22531,0.474398
22532,0.474398
22533,0.474398
22534,0.474398
22535,0.474398
22536,0.474398
22537,0.474398
22538,0.474398
22539,0.474398
22540,0.474398
22541,0.474398
22542,0.474398
22543,0.474398
22544,0.474398
22545,0.473846
22546,0.473846
22547,0.473846
22548,0.474398
22549,0.474398
22550,0.473846
22551,0.473846
22552,0.473846
22553,0.473846
22554,0.474398
22555,0.474398
22556,0.474398
22557,0.474398
22558,0.474398
22559,0.474398
22560,0.474398
22561,0.474398
22562,0.474398
22563,0.474398
22564,0.474398
22565,0.474398
22566,0.474398
22567,0.474398
22568,0.456155
22569,0.456155
22570,0.456155
22571,0.479346
22572,0.479346
22573,0.474398
22574,0.474398
22575,0.474398
22576,0.474398
22577,0.474398
22578,0.474318
22579,0.474398
22580,0.474398
22581,0.474398
22582,0.474398
22583,0.474398
22584,0.474398
22585,0.474398
22586,0.474398
22587,0.474398
22588,0.474398
22589,0.474398
22590,0.474398
22591,0.474398
22592,0.474398
22593,0.474398
22594,0.474398
22595,0.474398
22596,0.474398
22597,0.474398
22598,0.474398
22599,0.474398
22600,0.474398
22601,0.474398
22602,0.474398
22603,0.474398
22604,0.474398
22605,0.474398
22606,0.474398
22607,0.474398
22608,0.474398
22609,0.474398
22610,0.474398
22611,0.473846
22612,0.473846
22613,0.474128
22614,0.474128
22615,0.474128
22616,0.474398
22617,0.474398
22618,0.474398
22619,0.474398
22620,0.473846
22621,0.473846
22622,0.473846
22623,0.474398
22624,0.474398
22625,0.474398
22626,0.474398
22627,0.474398
22628,0.474398
22629,0.474398
22630,0.474398
22631,0.474398
22632,0.474398
22633,0.474398
22634,0.466105
22635,0.466105
22636,0.466105
22637,0.466105
22638,0.466105
22639,0.466105
22640,0.474398
22641,0.474398
22642,0.474398
22643,0.474398
22644,0.474398
22645,0.474398
22646,0.474398
22647,0.474398
22648,0.474398
22649,0.474398
22650,0.474398
22651,0.474398
22652,0.474398
22653,0.474398
22654,0.474398
22655,0.474398
22656,0.474398
22657,0.474398
22658,0.474398
22659,0.474398
22660,0.474398
22661,0.474398
22662,0.474398
22663,0.479346
22664,0.479346
22665,0.479346
22666,0.474128
22667,0.474128
22668,0.474128
22669,0.474128
22670,0.479346
22671,0.479346
22672,0.474398
22673,0.474398
22674,0.474398
22675,0.474398
22676,0.474398
22677,0.474398
22678,0.474398
22679,0.474398
22680,0.474398
22681,0.474398
22682,0.474398
22683,0.474398
22684,0.474398
22685,0.474398
22686,0.474398
22687,0.474398
22688,0.474398
22689,0.474398
22690,0.474398
22691,0.474398
22692,0.474398
22693,0.474398
22694,0.474398
22695,0.474398
22696,0.474398
22697,0.474398
22698,0.474398
22699,0.474398
22700,0.474398
22701,0.474398
22702,0.474398
22703,0.474398
22704,0.474398
22705,0.474398
22706,0.474398
22707,0.474398
22708,0.474398
22709,0.474398
22710,0.474398
22711,0.474398
22712,0.474398
22713,0.474398
22714,0.474398
22715,0.474398
22716,0.474398
22717,0.474398
22718,0.474398
22719,0.474398
22720,0.474398
22721,0.474398
22722,0.474398
22723,0.474398
22724,0.474398
22725,0.474398
22726,0.474398
22727,0.474398
22728,0.474398
22729,0.474398
22730,0.474398
22731,0.474398
22732,0.474398
22733,0.474398
22734,0.466105
22735,0.466105
22736,0.474398
22737,0.474128
22738,0.474128
22739,0.474128
22740,0.474128
22741,0.474128
22742,0.479346
22743,0.474398
22744,0.474398
22745,0.474398
22746,0.474398
22747,0.474398
22748,0.474398
22749,0.474398
22750,0.474398
22751,0.474398
22752,0.474398
22753,0.474398
22754,0.474398
22755,0.474398
22756,0.479346
22757,0.479346
22758,0.474128
22759,0.479346
22760,0.474128
22761,0.474128
22762,0.474128
22763,0.479346
22764,0.474398
22765,0.474398
22766,0.474398
22767,0.474398
22768,0.474398
22769,0.474398
22770,0.474398
22771,0.474398
22772,0.474398
22773,0.474398
22774,0.474398
22775,0.474398
22776,0.474398
22777,0.474398
22778,0.474398
22779,0.474398
22780,0.474398
22781,0.474398
22782,0.474398
22783,0.474398
22784,0.474398
22785,0.474398
22786,0.474398
22787,0.474398
22788,0.474398
22789,0.474398
22790,0.474398
22791,0.474398
22792,0.474398
22793,0.474398
22794,0.474398
22795,0.474398
22796,0.474398
22797,0.474398
22798,0.474398
22799,0.474398
22800,0.474398
22801,0.474398
22802,0.474398
22803,0.474398
22804,0.474398
22805,0.474398
22806,0.474398
22807,0.474398
22808,0.474398
22809,0.474398
22810,0.474398
22811,0.479346
22812,0.479346
22813,0.474128
22814,0.474128
22815,0.474128
22816,0.474128
22817,0.474398
22818,0.474398
22819,0.474398
22820,0.474398
22821,0.474398
22822,0.474398
22823,0.474398
22824,0.474398
22825,0.474398
22826,0.474318
22827,0.474318
22828,0.474318
22829,0.474318
22830,0.474318
22831,0.474318
22832,0.474318
22833,0.474318
22834,0.474318
22835,0.474398
22836,0.474398
22837,0.474398
22838,0.474398
22839,0.474398
22840,0.474398
22841,0.474398
22842,0.474398
22843,0.479346
22844,0.474128
22845,0.474128
22846,0.474128
22847,0.474128
22848,0.474128
22849,0.479346
22850,0.474398
22851,0.474398
22852,0.474398
22853,0.474398
22854,0.474398
22855,0.474398
22856,0.474398
22857,0.474398
22858,0.474398
22859,0.474398
22860,0.474398
22861,0.474398
22862,0.474398
22863,0.474398
22864,0.474398
22865,0.474398
22866,0.474398
22867,0.474398
22868,0.474398
22869,0.474398
22870,0.474398
22871,0.474398
22872,0.474398
22873,0.474398
22874,0.473846
22875,0.473846
22876,0.473846
22877,0.474398
22878,0.474398
22879,0.474398
22880,0.474398
22881,0.474398
22882,0.474398
22883,0.474398
22884,0.474398
22885,0.474398
22886,0.474398
22887,0.474398
22888,0.474398
22889,0.474398
22890,0.474398
22891,0.479346
22892,0.479346
22893,0.474398
22894,0.474398
22895,0.474398
22896,0.474398
22897,0.474398
22898,0.474398
22899,0.474398
22900,0.474398
22901,0.474398
22902,0.474398
22903,0.474398
22904,0.474398
22905,0.474398
22906,0.474398
22907,0.474398
22908,0.474398
22909,0.474398
22910,0.474398
22911,0.474398
22912,0.474398
22913,0.474398
22914,0.474398
22915,0.474398
22916,0.474398
22917,0.479346
22918,0.474128
22919,0.474128
22920,0.474128
22921,0.479346
22922,0.479346
22923,0.474398
22924,0.474398
22925,0.474398
22926,0.474398
22927,0.474398
22928,0.474398
22929,0.474398
22930,0.474398
22931,0.474398
22932,0.474398
22933,0.474398
22934,0.474398
22935,0.474398
22936,0.474398
22937,0.474398
22938,0.474398
22939,0.474398
22940,0.474398
22941,0.474398
22942,0.474398
22943,0.474398
22944,0.474398
22945,0.474398
22946,0.474398
22947,0.474398
22948,0.474398
22949,0.474398
22950,0.474398
22951,0.474398
22952,0.474398
22953,0.474398
22954,0.474398
22955,0.474398
22956,0.474398
22957,0.474398
22958,0.474398
22959,0.474398
22960,0.474398
22961,0.474398
22962,0.474398
22963,0.474398
22964,0.474398
22965,0.479346
22966,0.479346
22967,0.479346
22968,0.479346
22969,0.479346
22970,0.479346
22971,0.479346
22972,0.466479
22973,0.460859
22974,0.460859
22975,0.460859
22976,0.474398
22977,0.474398
22978,0.474398
22979,0.474398
22980,0.474398
22981,0.474398
22982,0.474398
22983,0.474398
22984,0.474398
22985,0.474398
22986,0.474398
22987,0.474398
22988,0.474398
22989,0.474398
22990,0.474398
22991,0.474398
22992,0.474398
22993,0.474398
22994,0.474398
22995,0.474398
22996,0.477905
22997,0.474318
22998,0.474318
22999,0.474318
23000,0.474318
23001,0.474318
23002,0.474398
23003,0.474398
23004,0.474398
23005,0.474398
23006,0.474398
23007,0.474398
23008,0.474398
23009,0.474398
23010,0.473846
23011,0.473846
23012,0.473846
23013,0.474398
23014,0.474398
23015,0.474398
23016,0.474398
23017,0.474398
23018,0.474398
23019,0.473846
23020,0.473846
23021,0.473846
23022,0.473846
23023,0.473846
23024,0.474398
23025,0.474398
23026,0.474398
23027,0.474398
23028,0.474398
23029,0.474398
23030,0.474398
23031,0.474398
23032,0.474398
23033,0.474398
23034,0.474398
23035,0.474398
23036,0.474398
23037,0.474398
23038,0.466105
23039,0.466105
23040,0.466105
23041,0.466105
23042,0.474128
23043,0.474128
23044,0.474398
23045,0.474398
23046,0.474398
23047,0.474398
23048,0.474398
23049,0.474398
23050,0.474398
23051,0.474398
23052,0.474398
23053,0.474398
23054,0.474398
23055,0.474398
23056,0.474398
23057,0.474398
23058,0.474398
23059,0.474398
23060,0.479346
23061,0.474398
23062,0.474398
23063,0.474398
23064,0.474398
23065,0.474398
23066,0.474398
23067,0.474398
23068,0.474398
23069,0.474398
23070,0.474398
23071,0.474398
23072,0.474398
23073,0.474398
23074,0.474398
23075,0.474398
23076,0.474398
23077,0.474398
23078,0.474398
23079,0.474398
23080,0.474398
23081,0.474398
23082,0.474398
23083,0.474398
23084,0.474398
23085,0.474398
23086,0.474398
23087,0.474398
23088,0.474398
23089,0.474398
23090,0.474398
23091,0.474398
23092,0.474398
23093,0.474398
23094,0.474398
23095,0.474398
23096,0.474398
23097,0.474398
23098,0.474398
23099,0.474398
23100,0.474398
23101,0.474398
23102,0.474398
23103,0.474398
23104,0.474398
23105,0.474398
23106,0.474398
23107,0.474398
23108,0.474398
23109,0.474398
23110,0.474398
23111,0.474398
23112,0.474398
23113,0.474398
23114,0.474398
23115,0.474398
23116,0.474398
23117,0.474398
23118,0.474398
23119,0.474398
23120,0.474398
23121,0.474398
23122,0.474398
23123,0.474398
23124,0.474398
23125,0.474398
23126,0.474398
23127,0.474398
23128,0.474398
23129,0.474398
23130,0.474398
23131,0.474398
23132,0.474398
23133,0.474398
23134,0.474398
23135,0.474398
23136,0.474398
23137,0.474398
23138,0.474398
23139,0.474398
23140,0.474398
23141,0.479346
23142,0.479346
23143,0.479346
23144,0.479346
23145,0.479346
23146,0.479346
23147,0.474398
23148,0.474398
23149,0.474398
23150,0.474398
23151,0.474398
23152,0.474398
23153,0.474398
23154,0.474398
23155,0.474398
23156,0.474398
23157,0.474398
23158,0.474398
23159,0.474398
23160,0.474398
23161,0.474398
23162,0.474398
23163,0.474398
23164,0.474398
23165,0.474398
23166,0.474398
23167,0.474398
23168,0.474398
23169,0.474398
23170,0.474398
23171,0.474398
23172,0.474398
23173,0.474128
23174,0.474128
23175,0.474128
23176,0.474128
23177,0.474398
23178,0.474398
23179,0.474398
23180,0.474398
23181,0.474398
23182,0.474398
23183,0.474398
23184,0.474398
23185,0.474398
23186,0.474398
23187,0.474398
23188,0.474398
23189,0.474398
23190,0.474398
23191,0.474398
23192,0.474398
23193,0.474398
23194,0.474398
23195,0.474398
23196,0.474398
23197,0.474398
23198,0.474398
23199,0.474398
23200,0.474398
23201,0.474398
23202,0.474398
23203,0.474398
23204,0.474398
23205,0.474398
23206,0.474398
23207,0.474398
23208,0.474398
23209,0.474398
23210,0.474398
23211,0.474398
23212,0.474398
23213,0.474398
23214,0.474398
23215,0.474398
23216,0.474398
23217,0.474398
23218,0.474398
23219,0.474398
23220,0.474398
23221,0.474398
23222,0.474398
23223,0.474398
23224,0.474398
23225,0.474128
23226,0.460859
23227,0.474128
23228,0.474128
23229,0.474128
23230,0.474128
23231,0.474128
23232,0.479346
23233,0.474398
23234,0.474398
23235,0.474398
23236,0.474398
23237,0.474398
23238,0.474398
23239,0.474398
23240,0.474398
23241,0.474398
23242,0.474398
23243,0.479346
23244,0.479346
23245,0.479346
23246,0.479346
23247,0.479346
23248,0.479346
23249,0.479346
23250,0.479346
23251,0.479346
23252,0.479346
23253,0.474398
23254,0.479346
23255,0.479346
23256,0.479346
23257,0.479346
23258,0.474398
23259,0.474398
23260,0.474398
23261,0.473846
23262,0.473846
23263,0.473846
23264,0.474398
23265,0.474398
23266,0.474398
23267,0.474398
23268,0.474398
23269,0.474398
23270,0.474398
23271,0.474398
23272,0.474398
23273,0.474398
23274,0.474398
23275,0.474398
23276,0.474398
23277,0.474398
23278,0.474398
23279,0.474398
23280,0.474398
23281,0.474398
23282,0.474398
23283,0.474398
23284,0.474398
23285,0.474398
23286,0.474398
23287,0.474398
23288,0.474398
23289,0.474398
23290,0.474398
23291,0.474398
23292,0.474398
23293,0.474398
23294,0.474398
23295,0.474398
23296,0.474398
23297,0.474398
23298,0.474398
23299,0.474398
23300,0.474398
23301,0.474398
23302,0.474398
23303,0.474398
23304,0.474398
23305,0.474398
23306,0.474398
23307,0.474398
23308,0.474398
23309,0.474398
23310,0.474398
23311,0.474398
23312,0.474398
23313,0.474398
23314,0.474398
23315,0.474398
23316,0.474398
23317,0.474398
23318,0.474398
23319,0.474398
23320,0.466479
23321,0.466479
23322,0.466479
23323,0.466479
23324,0.466479
23325,0.466479
23326,0.466479
23327,0.466479
23328,0.466479
23329,0.477905
23330,0.477905
23331,0.474398
23332,0.474398
23333,0.474398
23334,0.474398
23335,0.474398
23336,0.474398
23337,0.474398
23338,0.479346
23339,0.479346
23340,0.479346
23341,0.479346
23342,0.479346
23343,0.479346
23344,0.479346
23345,0.479346
23346,0.479346
23347,0.479346
23348,0.479346
23349,0.479346
23350,0.474398
23351,0.474398
23352,0.474398
23353,0.474398
23354,0.474398
23355,0.474398
23356,0.474398
23357,0.474398
23358,0.474398
23359,0.474398
23360,0.474398
23361,0.474398
23362,0.474398
23363,0.474398
23364,0.474398
23365,0.474398
23366,0.474398
23367,0.474398
23368,0.474398
23369,0.474398
23370,0.474398
23371,0.474398
23372,0.474398
23373,0.474398
23374,0.474398
23375,0.474398
23376,0.474398
23377,0.474398
23378,0.474398
23379,0.474398
23380,0.474398
23381,0.474398
23382,0.474398
23383,0.474398
23384,0.474398
23385,0.474398
23386,0.474398
23387,0.474398
23388,0.474398
23389,0.474398
23390,0.474398
23391,0.474398
23392,0.474398
23393,0.474398
23394,0.474398
23395,0.474398
23396,0.474398
23397,0.474398
23398,0.474398
23399,0.474398
23400,0.474398
23401,0.474398
23402,0.474398
23403,0.474398
23404,0.474398
23405,0.474398
23406,0.474398
23407,0.474398
23408,0.474398
23409,0.474398
23410,0.474398
23411,0.474398
23412,0.479346
23413,0.466479
23414,0.466479
23415,0.474128
23416,0.474128
23417,0.474128
23418,0.474128
23419,0.474128
23420,0.474398
23421,0.474398
23422,0.474398
23423,0.474398
23424,0.474398
23425,0.474398
23426,0.474398
23427,0.474398
23428,0.474398
23429,0.474398
23430,0.474398
23431,0.474398
23432,0.474398
23433,0.474398
23434,0.474398
23435,0.474398
23436,0.474398
23437,0.479346
23438,0.479346
23439,0.479346
23440,0.474128
23441,0.474128
23442,0.474128
23443,0.474128
23444,0.474128
23445,0.474128
23446,0.474128
23447,0.474398
23448,0.474398
23449,0.474398
23450,0.474398
23451,0.474398
23452,0.474398
23453,0.474398
23454,0.474398
23455,0.474398
23456,0.474398
23457,0.474398
23458,0.474398
23459,0.474398
23460,0.474398
23461,0.474398
23462,0.474398
23463,0.474398
23464,0.474398
23465,0.474398
23466,0.474398
23467,0.474398
23468,0.474398
23469,0.474398
23470,0.474398
23471,0.474398
23472,0.474398
23473,0.474398
23474,0.474398
23475,0.474398
23476,0.474398
23477,0.474398
23478,0.474398
23479,0.474398
23480,0.474398
23481,0.474398
23482,0.474398
23483,0.474398
23484,0.474398
23485,0.474398
23486,0.474398
23487,0.474398
23488,0.474398
23489,0.474398
23490,0.474398
23491,0.474398
23492,0.474398
23493,0.474398
23494,0.474398
23495,0.474398
23496,0.474398
23497,0.474398
23498,0.474398
23499,0.474398
23500,0.474398
23501,0.474398
23502,0.474398
23503,0.466434
23504,0.474398
23505,0.474398
23506,0.474398
23507,0.474398
23508,0.474398
23509,0.474398
23510,0.474398
23511,0.474398
23512,0.474398
23513,0.474398
23514,0.474398
23515,0.474398
23516,0.474398
23517,0.474398
23518,0.479346
23519,0.474128
23520,0.474128
23521,0.474128
23522,0.474128
23523,0.474128
23524,0.474128
23525,0.474398
23526,0.474398
23527,0.474398
23528,0.474398
23529,0.474398
23530,0.474398
23531,0.474398
23532,0.474398
23533,0.474398
23534,0.474398
23535,0.474398
23536,0.479346
23537,0.479346
23538,0.475080
23539,0.474128
23540,0.474128
23541,0.479346
23542,0.474398
23543,0.474398
23544,0.474398
23545,0.474398
23546,0.474398
23547,0.474398
23548,0.474398
23549,0.474398
23550,0.474398
23551,0.474398
23552,0.474398
23553,0.474398
23554,0.474398
23555,0.474398
23556,0.474398
23557,0.474398
23558,0.474398
23559,0.474398
23560,0.474398
23561,0.474398
23562,0.474398
23563,0.474398
23564,0.474398
23565,0.474398
23566,0.474398
23567,0.474398
23568,0.474398
23569,0.474398
23570,0.474398
23571,0.474398
23572,0.474398
23573,0.474398
23574,0.474398
23575,0.474398
23576,0.474398
23577,0.474398
23578,0.474398
23579,0.474398
23580,0.474398
23581,0.474398
23582,0.474398
23583,0.474398
23584,0.474398
23585,0.474398
23586,0.474398
23587,0.474398
23588,0.474398
23589,0.474398
23590,0.474398
23591,0.474398
23592,0.479346
23593,0.479346
23594,0.479346
23595,0.474398
23596,0.474398
23597,0.474398
23598,0.474398
23599,0.474398
23600,0.474398
23601,0.474398
23602,0.474398
23603,0.474398
23604,0.474398
23605,0.474398
23606,0.474398
23607,0.474398
23608,0.474398
23609,0.474398
23610,0.474398
23611,0.474398
23612,0.479346
23613,0.474128
23614,0.474128
23615,0.474128
23616,0.474128
23617,0.474128
23618,0.474128
23619,0.474128
23620,0.479346
23621,0.474398
23622,0.474398
23623,0.474398
23624,0.474398
23625,0.474398
23626,0.474398
23627,0.474398
23628,0.474398
23629,0.474398
23630,0.474398
23631,0.474398
23632,0.474398
23633,0.474398
23634,0.474398
23635,0.474398
23636,0.474398
23637,0.474398
23638,0.474398
23639,0.474398
23640,0.474398
23641,0.474398
23642,0.474398
23643,0.474398
23644,0.474398
23645,0.474398
23646,0.474398
23647,0.474398
23648,0.474398
23649,0.474398
23650,0.474398
23651,0.474398
23652,0.474398
23653,0.474398
23654,0.474398
23655,0.474398
23656,0.474398
23657,0.474398
23658,0.473846
23659,0.473846
23660,0.473846
23661,0.473846
23662,0.474398
23663,0.474398
23664,0.474398
23665,0.474398
23666,0.474398
23667,0.474398
23668,0.476190
23669,0.473726
23670,0.473726
23671,0.473726
23672,0.474398
23673,0.474398
23674,0.474398
23675,0.474398
23676,0.474398
23677,0.474398
23678,0.474398
23679,0.474398
23680,0.472712
23681,0.472712
23682,0.472712
23683,0.472712
23684,0.472712
23685,0.472113
23686,0.474398
23687,0.474398
23688,0.474398
23689,0.474398
23690,0.474398
23691,0.474398
23692,0.474398
23693,0.474398
23694,0.474398
23695,0.474398
23696,0.474398
23697,0.474398
23698,0.474398
23699,0.474398
23700,0.474398
23701,0.474398
23702,0.474398
23703,0.474398
23704,0.474398
23705,0.474398
23706,0.474398
23707,0.474398
23708,0.474398
23709,0.479346
23710,0.479346
23711,0.474398
23712,0.474398
23713,0.474398
23714,0.474398
23715,0.474398
23716,0.474398
23717,0.474398
23718,0.474398
23719,0.474398
23720,0.474398
23721,0.475395
23722,0.472174
23723,0.473800
23724,0.472712
23725,0.466639
23726,0.466639
23727,0.472712
23728,0.472712
23729,0.474398
23730,0.474398
23731,0.474398
23732,0.474398
23733,0.474398
23734,0.474398
23735,0.474398
23736,0.474398
23737,0.474398
23738,0.474398
23739,0.474398
23740,0.474398
23741,0.474398
23742,0.474398
23743,0.474398
23744,0.474398
23745,0.474398
23746,0.474398
23747,0.474398
23748,0.474398
23749,0.474398
23750,0.474398
23751,0.474398
23752,0.474398
23753,0.474398
23754,0.474398
23755,0.474398
23756,0.474398
23757,0.474398
23758,0.474398
23759,0.474398
23760,0.474398
23761,0.474398
23762,0.474398
23763,0.473846
23764,0.474398
23765,0.466105
23766,0.466105
23767,0.466105
23768,0.466105
23769,0.466105
23770,0.472712
23771,0.472712
23772,0.472712
23773,0.463553
23774,0.467153
23775,0.472712
23776,0.472712
23777,0.472354
23778,0.472354
23779,0.472354
23780,0.472354
23781,0.472354
23782,0.472354
23783,0.474128
23784,0.466105
23785,0.466105
23786,0.466105
23787,0.466105
23788,0.466105
23789,0.475080
23790,0.475080
23791,0.472354
23792,0.472354
23793,0.472354
23794,0.472354
23795,0.472354
23796,0.472354
23797,0.472354
23798,0.475080
23799,0.475080
23800,0.475080
23801,0.475080
23802,0.477905
23803,0.477905
23804,0.477905
23805,0.477905
23806,0.477905
23807,0.474398
23808,0.474398
23809,0.473846
23810,0.474398
23811,0.474398
23812,0.474398
23813,0.474398
23814,0.474398
23815,0.474398
23816,0.474398
23817,0.473846
23818,0.473846
23819,0.473846
23820,0.474398
23821,0.474398
23822,0.474398
23823,0.474398
23824,0.474398
23825,0.474398
23826,0.474398
23827,0.474398
23828,0.474398
23829,0.466105
23830,0.466105
23831,0.466105
23832,0.466105
23833,0.466105
23834,0.466105
23835,0.466105
23836,0.466479
23837,0.466479
23838,0.460859
23839,0.460859
23840,0.460859
23841,0.460859
23842,0.474398
23843,0.474398
23844,0.474398
23845,0.474398
23846,0.474398
23847,0.474398
23848,0.474398
23849,0.474398
23850,0.474398
23851,0.474398
23852,0.474398
23853,0.474398
23854,0.474398
23855,0.474398
23856,0.474398
23857,0.474398
23858,0.474398
23859,0.474398
23860,0.474398
23861,0.474398
23862,0.473726
23863,0.473726
23864,0.473726
23865,0.473726
23866,0.473846
23867,0.473846
23868,0.473846
23869,0.474398
23870,0.474398
23871,0.474398
23872,0.474398
23873,0.474398
23874,0.474398
23875,0.474398
23876,0.474398
23877,0.474398
23878,0.474398
23879,0.474398
23880,0.474398
23881,0.479346
23882,0.479346
23883,0.474128
23884,0.474128
23885,0.474128
23886,0.447377
23887,0.447377
23888,0.474398
23889,0.474398
23890,0.474398
23891,0.474398
23892,0.474398
23893,0.474398
23894,0.459075
23895,0.469591
23896,0.469591
23897,0.474398
23898,0.474398
23899,0.474398
23900,0.474398
23901,0.474398
23902,0.474398
23903,0.474398
23904,0.474398
23905,0.474398
23906,0.474398
23907,0.474398
23908,0.474398
23909,0.474398
23910,0.474398
23911,0.474398
23912,0.474398
23913,0.466105
23914,0.466105
23915,0.466105
23916,0.466105
23917,0.466105
23918,0.466105
23919,0.474398
23920,0.474398
23921,0.474398
23922,0.474398
23923,0.474398
23924,0.474398
23925,0.474398
23926,0.472354
23927,0.472354
23928,0.472354
23929,0.474398
23930,0.474398
23931,0.474398
23932,0.474128
23933,0.474398
23934,0.474398
23935,0.474398
23936,0.474398
23937,0.474398
23938,0.474398
23939,0.474398
23940,0.474398
23941,0.474398
23942,0.474398
23943,0.474398
23944,0.474398
23945,0.474398
23946,0.474398
23947,0.474398
23948,0.472354
23949,0.472354
23950,0.472354
23951,0.472354
23952,0.472354
23953,0.472354
23954,0.474128
23955,0.474128
23956,0.474128
23957,0.474128
23958,0.474128
23959,0.474128
23960,0.474128
23961,0.474398
23962,0.474398
23963,0.474398
23964,0.474398
23965,0.474398
23966,0.474398
23967,0.474398
23968,0.474398
23969,0.474398
23970,0.474398
23971,0.474398
23972,0.474398
23973,0.472354
23974,0.472354
23975,0.472354
23976,0.472354
23977,0.472354
23978,0.472354
23979,0.472354
23980,0.468690
23981,0.474128
23982,0.474128
23983,0.474128
23984,0.474128
23985,0.472354
23986,0.472354
23987,0.472354
23988,0.472354
23989,0.472354
23990,0.472354
23991,0.472354
23992,0.472354
23993,0.472354
23994,0.474398
23995,0.474398
23996,0.474398
23997,0.474398
23998,0.474398
23999,0.474398
24000,0.474398
24001,0.474398
24002,0.474398
24003,0.474398
24004,0.474398
24005,0.474398
24006,0.474398
24007,0.474398
24008,0.474398
24009,0.474398
24010,0.474398
24011,0.474398
24012,0.474398
24013,0.471178
24014,0.471178
24015,0.472354
24016,0.472354
24017,0.472354
24018,0.461348
24019,0.472354
24020,0.472354
24021,0.472354
24022,0.472354
24023,0.472354
24024,0.474398
24025,0.474398
24026,0.474398
24027,0.474398
24028,0.474398
24029,0.474398
24030,0.474398
24031,0.474398
24032,0.474398
24033,0.472354
24034,0.472354
24035,0.472354
24036,0.472354
24037,0.472354
24038,0.474398
24039,0.474398
24040,0.474398
24041,0.474398
24042,0.474398
24043,0.474398
24044,0.474398
24045,0.474398
24046,0.474398
24047,0.474398
24048,0.474398
24049,0.474398
24050,0.474398
24051,0.474398
24052,0.474398
24053,0.474398
24054,0.474398
24055,0.474398
24056,0.474398
24057,0.474398
24058,0.472354
24059,0.472354
24060,0.472354
24061,0.472354
24062,0.472354
24063,0.472354
24064,0.474398
24065,0.474398
24066,0.474398
24067,0.474398
24068,0.474398
24069,0.474398
24070,0.474398
24071,0.474398
24072,0.474398
24073,0.474398
24074,0.474398
24075,0.474398
24076,0.474398
24077,0.474398
24078,0.474398
24079,0.474398
24080,0.474398
24081,0.474398
24082,0.474398
24083,0.474398
24084,0.474398
24085,0.474398
24086,0.474398
24087,0.474398
24088,0.474398
24089,0.474398
24090,0.474398
24091,0.474398
24092,0.474398
24093,0.474398
24094,0.474398
24095,0.474398
24096,0.474398
24097,0.474398
24098,0.474398
24099,0.474398
24100,0.474398
24101,0.474398
24102,0.474398
24103,0.474398
24104,0.474398
24105,0.474398
24106,0.474398
24107,0.474398
24108,0.474398
24109,0.474398
24110,0.474398
24111,0.474398
24112,0.474398
24113,0.474398
24114,0.474398
24115,0.474398
24116,0.474398
24117,0.474398
24118,0.474398
24119,0.474398
24120,0.474398
24121,0.474398
24122,0.474398
24123,0.474398
24124,0.474398
24125,0.474398
24126,0.474398
24127,0.474398
24128,0.474398
24129,0.474398
24130,0.474398
24131,0.474398
24132,0.474398
24133,0.474398
24134,0.474398
24135,0.474398
24136,0.474398
24137,0.474398
24138,0.474398
24139,0.474398
24140,0.474398
24141,0.474398
24142,0.474398
24143,0.474398
24144,0.474398
24145,0.474398
24146,0.474398
24147,0.474398
24148,0.474398
24149,0.474398
24150,0.474398
24151,0.474398
24152,0.474398
24153,0.474398
24154,0.474398
24155,0.474398
24156,0.474398
24157,0.474398
24158,0.474398
24159,0.474398
24160,0.479346
24161,0.474128
24162,0.474128
24163,0.474398
24164,0.474398
24165,0.474398
24166,0.474398
24167,0.474398
24168,0.474398
24169,0.474398
24170,0.474398
24171,0.474398
24172,0.474398
24173,0.474398
24174,0.474398
24175,0.474398
24176,0.474398
24177,0.474398
24178,0.474398
24179,0.474398
24180,0.474398
24181,0.474398
24182,0.474398
24183,0.474398
24184,0.474398
24185,0.479346
24186,0.479346
24187,0.479346
24188,0.479346
24189,0.474128
24190,0.474128
24191,0.474128
24192,0.479346
24193,0.479346
24194,0.479346
24195,0.474398
24196,0.474398
24197,0.474398
24198,0.474398
24199,0.474398
24200,0.474398
24201,0.474398
24202,0.474398
24203,0.474398
24204,0.474398
24205,0.474398
24206,0.474398
24207,0.474398
24208,0.474398
24209,0.474398
24210,0.474398
24211,0.474398
24212,0.474398
24213,0.474398
24214,0.474398
24215,0.474398
24216,0.474398
24217,0.474398
24218,0.474398
24219,0.474398
24220,0.474398
24221,0.474398
24222,0.474398
24223,0.474398
24224,0.474398
24225,0.474398
24226,0.474398
24227,0.474398
24228,0.474398
24229,0.474398
24230,0.474398
24231,0.474398
24232,0.474398
24233,0.474398
24234,0.474398
24235,0.474398
24236,0.474398
24237,0.474398
24238,0.474398
24239,0.474398
24240,0.474398
24241,0.474398
24242,0.474398
24243,0.474398
24244,0.474398
24245,0.474398
24246,0.474398
24247,0.474398
24248,0.474398
24249,0.474398
24250,0.474398
24251,0.474398
24252,0.474398
24253,0.474398
24254,0.474398
24255,0.474398
24256,0.474398
24257,0.474398
24258,0.474398
24259,0.474398
24260,0.472552
24261,0.472552
24262,0.472552
24263,0.477905
24264,0.477905
24265,0.477905
24266,0.477905
24267,0.477905
24268,0.477905
24269,0.477905
24270,0.472552
24271,0.472354
24272,0.472354
24273,0.472354
24274,0.472354
24275,0.472712
24276,0.472712
24277,0.472712
24278,0.472354
24279,0.472354
24280,0.474398
24281,0.474398
24282,0.474398
24283,0.479346
24284,0.479346
24285,0.466105
24286,0.466105
24287,0.466105
24288,0.474128
24289,0.474318
24290,0.474318
24291,0.479346
24292,0.479346
24293,0.472354
24294,0.472354
24295,0.472354
24296,0.472354
24297,0.474398
24298,0.474398
24299,0.474398
24300,0.474398
24301,0.474398
24302,0.474398
24303,0.474398
24304,0.474398
24305,0.474398
24306,0.474398
24307,0.474398
24308,0.474398
24309,0.474398
24310,0.474398
24311,0.474398
24312,0.472354
24313,0.472354
24314,0.474128
24315,0.474128
24316,0.474128
24317,0.474318
24318,0.474318
24319,0.474318
24320,0.474318
24321,0.474398
24322,0.474398
24323,0.474398
24324,0.474398
24325,0.474398
24326,0.474398
24327,0.474398
24328,0.474398
24329,0.474398
24330,0.474398
24331,0.474398
24332,0.474398
24333,0.472354
24334,0.472354
24335,0.472354
24336,0.472354
24337,0.472354
24338,0.472354
24339,0.472354
24340,0.472354
24341,0.474398
24342,0.474398
24343,0.474398
24344,0.474398
24345,0.474398
24346,0.474398
24347,0.474398
24348,0.474398
24349,0.474398
24350,0.474398
24351,0.474398
24352,0.474398
24353,0.474398
24354,0.474398
24355,0.474398
24356,0.474398
24357,0.474398
24358,0.474398
24359,0.474398
24360,0.474398
24361,0.474398
24362,0.474398
24363,0.474398
24364,0.474398
24365,0.474398
24366,0.474398
24367,0.474398
24368,0.474398
24369,0.474398
24370,0.474398
24371,0.474398
24372,0.474398
24373,0.474398
24374,0.474398
24375,0.474398
24376,0.474398
24377,0.474398
24378,0.479346
24379,0.479346
24380,0.474128
24381,0.474128
24382,0.479346
24383,0.479346
24384,0.474398
24385,0.474398
24386,0.474398
24387,0.474398
24388,0.474398
24389,0.474398
24390,0.474398
24391,0.474398
24392,0.474398
24393,0.474398
24394,0.474398
24395,0.474398
24396,0.474398
24397,0.474398
24398,0.474398
24399,0.474398
24400,0.474398
24401,0.474398
24402,0.474398
24403,0.474398
24404,0.474398
24405,0.474398
24406,0.474398
24407,0.474398
24408,0.474398
24409,0.474398
24410,0.474398
24411,0.474398
24412,0.474398
24413,0.474398
24414,0.474398
24415,0.474398
24416,0.474398
24417,0.474398
24418,0.474398
24419,0.474398
24420,0.474398
24421,0.474398
24422,0.474398
24423,0.474398
24424,0.474398
24425,0.474398
24426,0.474398
24427,0.474398
24428,0.474398
24429,0.474398
24430,0.474398
24431,0.474398
24432,0.474398
24433,0.474398
24434,0.474398
24435,0.474398
24436,0.474398
24437,0.474398
24438,0.474398
24439,0.474398
24440,0.474398
24441,0.474398
24442,0.474398
24443,0.474398
24444,0.474398
24445,0.474398
24446,0.474398
24447,0.474398
24448,0.474398
24449,0.474398
24450,0.474398
24451,0.474398
24452,0.479346
24453,0.479346
24454,0.479346
24455,0.479346
24456,0.479346
24457,0.474398
24458,0.474398
24459,0.474398
24460,0.474398
24461,0.474398
24462,0.474398
24463,0.474398
24464,0.474398
24465,0.474398
24466,0.474398
24467,0.474398
24468,0.474398
24469,0.474398
24470,0.474398
24471,0.474398
24472,0.474398
24473,0.474398
24474,0.474398
24475,0.474398
24476,0.474398
24477,0.474398
24478,0.474398
24479,0.474398
24480,0.474398
24481,0.474398
24482,0.474398
24483,0.474398
24484,0.474398
24485,0.474398
24486,0.474398
24487,0.474398
24488,0.474398
24489,0.474398
24490,0.474398
24491,0.474398
24492,0.474398
24493,0.474398
24494,0.474398
24495,0.474398
24496,0.474398
24497,0.474398
24498,0.474398
24499,0.474398
24500,0.474398
24501,0.474398
24502,0.474398
24503,0.474398
24504,0.474398
24505,0.474398
24506,0.474398
24507,0.474398
24508,0.474398
24509,0.474398
24510,0.474398
24511,0.474398
24512,0.474398
24513,0.474398
24514,0.474398
24515,0.474398
24516,0.474398
24517,0.474398
24518,0.474398
24519,0.474398
24520,0.474398
24521,0.474398
24522,0.474398
24523,0.474398
24524,0.474398
24525,0.474398
24526,0.474398
24527,0.474398
24528,0.474398
24529,0.479346
24530,0.474128
24531,0.474128
24532,0.474128
24533,0.474128
24534,0.474128
24535,0.474128
24536,0.479346
24537,0.474398
24538,0.474398
24539,0.474398
24540,0.474398
24541,0.474398
24542,0.474398
24543,0.474398
24544,0.474398
24545,0.474398
24546,0.474398
24547,0.474398
24548,0.474398
24549,0.474398
24550,0.474398
24551,0.474398
24552,0.474398
24553,0.474398
24554,0.474398
24555,0.474398
24556,0.474398
24557,0.474128
24558,0.474128
24559,0.474128
24560,0.474128
24561,0.474128
24562,0.474128
24563,0.474398
24564,0.474398
24565,0.474398
24566,0.474398
24567,0.474398
24568,0.474398
24569,0.474398
24570,0.474398
24571,0.474398
24572,0.474398
24573,0.474398
24574,0.474398
24575,0.474398
24576,0.474398
24577,0.474398
24578,0.474398
24579,0.474398
24580,0.474398
24581,0.474398
24582,0.474398
24583,0.474398
24584,0.474398
24585,0.474398
24586,0.474398
24587,0.474398
24588,0.474398
24589,0.474398
24590,0.474398
24591,0.474398
24592,0.479346
24593,0.474128
24594,0.474128
24595,0.474128
24596,0.479346
24597,0.479346
24598,0.474398
24599,0.474398
24600,0.474398
24601,0.474398
24602,0.474398
24603,0.474398
24604,0.474398
24605,0.474398
24606,0.474398
24607,0.474398
24608,0.474398
24609,0.474398
24610,0.474398
24611,0.474398
24612,0.474398
24613,0.474398
24614,0.474398
24615,0.474398
24616,0.474398
24617,0.474398
24618,0.474398
24619,0.474398
24620,0.474398
24621,0.474398
24622,0.474398
24623,0.474398
24624,0.474398
24625,0.474398
24626,0.474398
24627,0.474398
24628,0.474398
24629,0.474398
24630,0.474398
24631,0.474398
24632,0.474398
24633,0.474398
24634,0.474398
24635,0.474398
24636,0.474398
24637,0.474398
24638,0.474398
24639,0.474398
24640,0.474398
24641,0.474398
24642,0.474398
24643,0.474398
24644,0.474398
24645,0.474398
24646,0.474398
24647,0.474398
24648,0.474398
24649,0.474398
24650,0.474398
24651,0.474398
24652,0.474398
24653,0.474398
24654,0.474398
24655,0.474398
24656,0.479346
24657,0.474398
24658,0.474398
24659,0.479346
24660,0.479346
24661,0.474128
24662,0.474128
24663,0.474128
24664,0.474128
24665,0.475080
24666,0.479346
24667,0.479346
24668,0.474318
24669,0.474318
24670,0.474318
24671,0.474318
24672,0.474318
24673,0.474318
24674,0.477905
24675,0.477905
24676,0.474398
24677,0.474398
24678,0.474398
24679,0.474398
24680,0.474398
24681,0.474398
24682,0.474398
24683,0.474398
24684,0.474398
24685,0.474398
24686,0.474398
24687,0.474398
24688,0.474398
24689,0.474398
24690,0.474398
24691,0.474398
24692,0.474398
24693,0.474398
24694,0.474398
24695,0.474398
24696,0.474398
24697,0.474398
24698,0.474398
24699,0.474398
24700,0.474398
24701,0.474398
24702,0.474398
24703,0.474398
24704,0.474398
24705,0.474398
24706,0.474398
24707,0.474398
24708,0.474398
24709,0.474398
24710,0.474398
24711,0.474398
24712,0.474398
24713,0.474398
24714,0.474398
24715,0.474398
24716,0.474398
24717,0.474398
24718,0.474398
24719,0.474398
24720,0.474398
24721,0.474398
24722,0.474398
24723,0.474398
24724,0.474398
24725,0.474398
24726,0.474398
24727,0.474398
24728,0.479346
24729,0.479346
24730,0.479346
24731,0.474398
24732,0.474398
24733,0.474398
24734,0.474398
24735,0.479346
24736,0.479346
24737,0.474128
24738,0.474128
24739,0.474128
24740,0.474128
24741,0.479346
24742,0.479346
24743,0.474398
24744,0.474398
24745,0.474398
24746,0.474398
24747,0.474398
24748,0.474398
24749,0.474398
24750,0.474398
24751,0.474398
24752,0.474398
24753,0.474398
24754,0.474398
24755,0.474398
24756,0.474398
24757,0.474398
24758,0.474398
24759,0.474398
24760,0.474398
24761,0.474398
24762,0.474398
24763,0.474398
24764,0.474398
24765,0.474398
24766,0.474398
24767,0.474398
24768,0.474398
24769,0.474398
24770,0.474398
24771,0.474398
24772,0.474398
24773,0.474398
24774,0.474398
24775,0.474398
24776,0.474398
24777,0.474398
24778,0.474398
24779,0.474398
24780,0.474398
24781,0.474398
24782,0.474398
24783,0.474398
24784,0.474398
24785,0.474398
24786,0.474128
24787,0.474128
24788,0.474398
24789,0.474398
24790,0.474398
24791,0.474398
24792,0.474398
24793,0.474398
24794,0.474398
24795,0.466479
24796,0.466479
24797,0.466479
24798,0.466479
24799,0.474398
24800,0.474398
24801,0.474398
24802,0.474398
24803,0.474398
24804,0.474398
24805,0.474398
24806,0.474398
24807,0.474398
24808,0.474398
24809,0.474398
24810,0.472354
24811,0.472354
24812,0.472354
24813,0.472354
24814,0.474398
24815,0.474398
24816,0.474398
24817,0.474398
24818,0.474398
24819,0.474398
24820,0.474398
24821,0.474398
24822,0.474398
24823,0.474398
24824,0.474398
24825,0.474398
24826,0.474398
24827,0.474398
24828,0.474398
24829,0.474398
24830,0.474398
24831,0.474398
24832,0.474398
24833,0.474398
24834,0.474398
24835,0.474398
24836,0.474398
24837,0.474398
24838,0.474398
24839,0.474398
24840,0.474398
24841,0.474398
24842,0.474398
24843,0.474398
24844,0.474398
24845,0.474398
24846,0.474398
24847,0.474398
24848,0.474398
24849,0.474398
24850,0.474398
24851,0.474398
24852,0.474398
24853,0.474398
24854,0.474398
24855,0.474398
24856,0.474398
24857,0.474398
24858,0.474398
24859,0.474398
24860,0.474398
24861,0.474398
24862,0.474398
24863,0.474398
24864,0.474398
24865,0.474398
24866,0.474398
24867,0.474398
24868,0.474398
24869,0.474398
24870,0.474398
24871,0.474398
24872,0.474398
24873,0.474398
24874,0.474398
24875,0.474398
24876,0.474398
24877,0.474398
24878,0.474398
24879,0.472552
24880,0.479346
24881,0.479346
24882,0.479346
24883,0.474128
24884,0.474128
24885,0.474128
24886,0.474128
24887,0.479346
24888,0.479346
24889,0.479346
24890,0.479346
24891,0.479346
24892,0.473726
24893,0.473726
24894,0.473726
24895,0.473726
24896,0.473726
24897,0.473726
24898,0.473726
24899,0.474398
24900,0.474398
24901,0.474398
24902,0.474398
24903,0.474398
24904,0.474398
24905,0.474398
24906,0.474398
24907,0.474398
24908,0.474398
24909,0.474398
24910,0.474398
24911,0.474398
24912,0.472354
24913,0.472354
24914,0.472354
24915,0.474128
24916,0.474128
24917,0.474128
24918,0.474128
24919,0.474128
24920,0.474398
24921,0.474398
24922,0.474398
24923,0.474398
24924,0.474398
24925,0.474398
24926,0.474398
24927,0.474398
24928,0.474398
24929,0.474398
24930,0.474398
24931,0.474398
24932,0.474398
24933,0.474398
24934,0.474398
24935,0.474398
24936,0.466105
24937,0.466105
24938,0.466105
24939,0.466105
24940,0.466105
24941,0.466105
24942,0.474128
24943,0.474128
24944,0.474128
24945,0.474128
24946,0.474128
24947,0.474128
24948,0.474128
24949,0.479346
24950,0.479346
24951,0.479346
24952,0.479346
24953,0.477905
24954,0.477905
24955,0.479346
24956,0.474128
24957,0.474128
24958,0.474128
24959,0.474128
24960,0.474128
24961,0.474128
24962,0.474128
24963,0.479346
24964,0.479346
24965,0.479346
24966,0.479346
24967,0.473994
24968,0.473994
24969,0.474398
24970,0.474398
24971,0.467153
24972,0.467153
24973,0.467153
24974,0.467153
24975,0.474398
24976,0.474398
24977,0.473994
24978,0.473994
24979,0.472354
24980,0.472354
24981,0.472354
24982,0.472354
24983,0.472354
24984,0.467153
24985,0.467153
24986,0.467153
24987,0.473726
24988,0.472354
24989,0.472354
24990,0.472354
24991,0.472354
24992,0.472354
24993,0.472354
24994,0.473726
24995,0.473726
24996,0.473726
24997,0.472354
24998,0.474398
24999,0.474398
25000,0.474398
25001,0.474398
25002,0.474398
25003,0.474398
25004,0.474398
25005,0.474398
25006,0.473726
25007,0.474398
25008,0.474398
25009,0.474398
25010,0.474398
25011,0.474398
25012,0.474398
25013,0.474398
25014,0.474398
25015,0.474398
25016,0.474398
25017,0.474398
25018,0.474398
25019,0.474398
25020,0.474398
25021,0.474398
25022,0.474398
25023,0.474398
25024,0.474398
25025,0.474398
25026,0.474398
25027,0.474398
25028,0.479346
25029,0.479346
25030,0.479346
25031,0.479346
25032,0.474128
25033,0.474128
25034,0.479346
25035,0.479346
25036,0.474398
25037,0.474398
25038,0.474398
25039,0.474398
25040,0.474398
25041,0.474398
25042,0.474398
25043,0.474398
25044,0.474398
25045,0.474398
25046,0.474398
25047,0.474398
25048,0.474398
25049,0.474398
25050,0.479346
25051,0.479346
25052,0.479346
25053,0.474398
25054,0.474398
25055,0.474398
25056,0.479346
25057,0.479346
25058,0.479346
25059,0.479346
25060,0.472354
25061,0.472354
25062,0.472354
25063,0.472354
25064,0.472354
25065,0.472354
25066,0.473726
25067,0.467153
25068,0.467153
25069,0.473726
25070,0.473726
25071,0.472354
25072,0.472354
25073,0.472354
25074,0.472354
25075,0.474398
25076,0.474398
25077,0.474398
25078,0.474398
25079,0.474398
25080,0.474398
25081,0.474398
25082,0.474398
25083,0.472354
25084,0.472354
25085,0.472354
25086,0.472354
25087,0.474398
25088,0.474398
25089,0.474398
25090,0.474398
25091,0.474398
25092,0.474398
25093,0.474398
25094,0.474398
25095,0.474398
25096,0.474398
25097,0.474398
25098,0.474398
25099,0.474398
25100,0.474398
25101,0.474398
25102,0.474398
25103,0.474398
25104,0.474398
25105,0.474398
25106,0.474398
25107,0.474398
25108,0.474398
25109,0.474398
25110,0.474398
25111,0.474398
25112,0.474398
25113,0.474398
25114,0.474398
25115,0.474398
25116,0.474398
25117,0.474398
25118,0.474398
25119,0.474398
25120,0.474398
25121,0.474398
25122,0.474398
25123,0.474398
25124,0.474398
25125,0.474398
25126,0.463623
25127,0.474398
25128,0.474398
25129,0.474398
25130,0.474398
25131,0.474398
25132,0.474398
25133,0.474398
25134,0.474398
25135,0.474398
25136,0.474398
25137,0.474398
25138,0.474398
25139,0.474398
25140,0.474398
25141,0.474398
25142,0.474398
25143,0.479346
25144,0.479346
25145,0.479346
25146,0.479346
25147,0.474398
25148,0.474398
25149,0.474398
25150,0.474398
25151,0.474398
25152,0.474398
25153,0.474398
25154,0.474398
25155,0.474398
25156,0.474398
25157,0.474398
25158,0.474398
25159,0.474398
25160,0.474398
25161,0.474398
25162,0.474398
25163,0.474398
25164,0.474398
25165,0.474398
25166,0.474398
25167,0.474398
25168,0.474398
25169,0.474398
25170,0.474398
25171,0.474398
25172,0.474398
25173,0.474398
25174,0.474398
25175,0.474398
25176,0.474398
25177,0.473726
25178,0.473726
25179,0.473726
25180,0.474398
25181,0.474398
25182,0.474398
25183,0.474398
25184,0.474398
25185,0.474398
25186,0.474398
25187,0.474398
25188,0.474398
25189,0.474398
25190,0.474398
25191,0.474398
25192,0.474398
25193,0.474398
25194,0.474398
25195,0.474398
25196,0.474398
25197,0.474398
25198,0.474398
25199,0.474398
25200,0.472354
25201,0.472354
25202,0.472354
25203,0.472354
25204,0.472354
25205,0.472012
25206,0.472012
25207,0.472012
25208,0.472012
25209,0.472012
25210,0.472354
25211,0.453492
25212,0.469108
25213,0.472354
25214,0.474398
25215,0.474398
25216,0.473726
25217,0.474398
25218,0.474398
25219,0.474398
25220,0.474398
25221,0.474398
25222,0.474398
25223,0.474398
25224,0.474398
25225,0.474398
25226,0.474398
25227,0.474398
25228,0.474398
25229,0.474398
25230,0.474398
25231,0.479346
25232,0.479346
25233,0.479346
25234,0.479346
25235,0.479346
25236,0.479346
25237,0.479346
25238,0.479346
25239,0.474398
25240,0.474398
25241,0.474398
25242,0.474398
25243,0.474398
25244,0.474398
25245,0.474398
25246,0.474398
25247,0.467153
25248,0.467153
25249,0.474398
25250,0.474398
25251,0.472354
25252,0.472354
25253,0.472354
25254,0.472354
25255,0.472354
25256,0.474398
25257,0.474398
25258,0.474398
25259,0.472354
25260,0.472354
25261,0.472354
25262,0.472354
25263,0.472354
25264,0.472354
25265,0.472354
25266,0.472354
25267,0.472354
25268,0.472354
25269,0.473726
25270,0.473726
25271,0.473726
25272,0.474398
25273,0.474398
25274,0.472354
25275,0.472354
25276,0.472354
25277,0.472354
25278,0.472354
25279,0.473726
25280,0.472354
25281,0.472354
25282,0.472354
25283,0.472354
25284,0.472354
25285,0.472354
25286,0.472354
25287,0.472354
25288,0.472354
25289,0.472354
25290,0.472354
25291,0.472354
25292,0.474398
25293,0.474398
25294,0.474398
25295,0.474398
25296,0.474398
25297,0.474398
25298,0.474398
25299,0.474398
25300,0.474398
25301,0.474398
25302,0.474398
25303,0.474398
25304,0.474398
25305,0.474398
25306,0.474398
25307,0.474398
25308,0.474398
25309,0.474398
25310,0.474398
25311,0.474398
25312,0.474398
25313,0.474398
25314,0.474398
25315,0.474398
25316,0.474398
25317,0.474398
25318,0.474398
25319,0.479346
25320,0.479346
25321,0.479346
25322,0.479346
25323,0.479346
25324,0.479346
25325,0.479346
25326,0.474398
25327,0.474398
25328,0.474398
25329,0.474398
25330,0.474398
25331,0.474398
25332,0.474398
25333,0.474398
25334,0.474398
25335,0.474398
25336,0.474398
25337,0.474398
25338,0.474398
25339,0.472354
25340,0.472354
25341,0.472354
25342,0.472354
25343,0.472354
25344,0.472354
25345,0.472354
25346,0.473726
25347,0.473726
25348,0.473726
25349,0.473726
25350,0.472354
25351,0.472354
25352,0.472354
25353,0.472354
25354,0.472354
25355,0.472354
25356,0.472354
25357,0.472354
25358,0.472354
25359,0.473726
25360,0.473726
25361,0.473726
25362,0.473726
25363,0.472354
25364,0.472354
25365,0.472354
25366,0.472354
25367,0.474398
25368,0.473726
25369,0.473726
25370,0.473726
25371,0.474398
25372,0.474398
25373,0.474398
25374,0.474398
25375,0.474398
25376,0.472354
25377,0.472354
25378,0.472354
25379,0.472354
25380,0.473726
25381,0.473726
25382,0.473726
25383,0.472354
25384,0.472354
25385,0.472354
25386,0.472354
25387,0.474398
25388,0.474398
25389,0.474398
25390,0.474398
25391,0.474398
25392,0.474398
25393,0.474398
25394,0.474398
25395,0.474398
25396,0.474398
25397,0.474398
25398,0.474398
25399,0.474398
25400,0.474398
25401,0.479346
25402,0.479346
25403,0.479346
25404,0.479346
25405,0.474398
25406,0.474398
25407,0.474398
25408,0.474398
25409,0.474398
25410,0.474398
25411,0.474398
25412,0.474398
25413,0.474398
25414,0.474398
25415,0.474398
25416,0.474398
25417,0.474398
25418,0.474398
25419,0.474398
25420,0.474398
25421,0.474398
25422,0.474398
25423,0.474398
25424,0.474398
25425,0.474398
25426,0.472354
25427,0.472354
25428,0.472354
25429,0.472354
25430,0.472354
25431,0.473726
25432,0.473726
25433,0.472354
25434,0.472354
25435,0.472354
25436,0.474398
25437,0.474398
25438,0.474398
25439,0.474398
25440,0.474398
25441,0.474398
25442,0.474398
25443,0.474398
25444,0.474398
25445,0.474398
25446,0.474398
25447,0.474398
25448,0.474398
25449,0.474398
25450,0.474398
25451,0.474398
25452,0.474398
25453,0.474398
25454,0.472354
25455,0.472354
25456,0.472354
25457,0.472354
25458,0.472354
25459,0.472354
25460,0.472354
25461,0.472354
25462,0.472354
25463,0.464218
25464,0.464218
25465,0.464218
25466,0.472354
25467,0.472354
25468,0.472354
25469,0.472354
25470,0.474398
25471,0.474398
25472,0.474398
25473,0.474398
25474,0.474398
25475,0.474398
25476,0.474398
25477,0.474398
25478,0.474398
25479,0.474398
25480,0.474398
25481,0.474398
25482,0.474398
25483,0.474398
25484,0.474398
25485,0.474398
25486,0.474398
25487,0.474398
25488,0.474398
25489,0.474398
25490,0.474398
25491,0.474398
25492,0.474398
25493,0.474398
25494,0.474398
25495,0.474398
25496,0.474398
25497,0.474398
25498,0.474398
25499,0.474398
25500,0.472354
25501,0.472354
25502,0.472354
25503,0.472354
25504,0.472354
25505,0.472354
25506,0.472354
25507,0.472354
25508,0.472354
25509,0.472354
25510,0.472354
25511,0.474398
25512,0.474398
25513,0.472354
25514,0.472354
25515,0.472354
25516,0.472354
25517,0.472354
25518,0.472354
25519,0.472354
25520,0.472354
25521,0.473726
25522,0.473726
25523,0.473726
25524,0.473726
25525,0.472354
25526,0.472354
25527,0.472354
25528,0.472354
25529,0.472354
25530,0.474398
25531,0.474398
25532,0.474398
25533,0.474398
25534,0.474398
25535,0.474398
25536,0.474398
25537,0.472354
25538,0.473726
25539,0.473726
25540,0.473726
25541,0.473726
25542,0.464218
25543,0.464218
25544,0.472354
25545,0.472354
25546,0.472354
25547,0.474398
25548,0.474398
25549,0.474398
25550,0.474398
25551,0.474398
25552,0.474398
25553,0.474398
25554,0.474398
25555,0.457875
25556,0.472354
25557,0.472354
25558,0.472354
25559,0.472354
25560,0.472354
25561,0.472354
25562,0.472354
25563,0.472354
25564,0.472354
25565,0.479346
25566,0.479346
25567,0.479346
25568,0.479346
25569,0.479346
25570,0.479346
25571,0.479346
25572,0.479346
25573,0.479346
25574,0.474398
25575,0.474398
25576,0.474398
25577,0.474398
25578,0.474398
25579,0.474398
25580,0.474398
25581,0.474398
25582,0.474398
25583,0.474398
25584,0.472354
25585,0.472354
25586,0.472354
25587,0.472354
25588,0.472354
25589,0.472354
25590,0.472354
25591,0.472354
25592,0.472354
25593,0.472354
25594,0.472354
25595,0.472354
25596,0.472354
25597,0.472354
25598,0.472354
25599,0.479346
25600,0.479346
25601,0.472354
25602,0.474128
25603,0.474128
25604,0.474128
25605,0.474128
25606,0.474128
25607,0.474128
25608,0.472354
25609,0.473726
25610,0.473726
25611,0.473726
25612,0.473726
25613,0.472354
25614,0.472354
25615,0.472354
25616,0.472354
25617,0.472354
25618,0.472354
25619,0.472354
25620,0.472354
25621,0.472354
25622,0.472354
25623,0.472354
25624,0.472354
25625,0.472354
25626,0.472354
25627,0.472354
25628,0.472354
25629,0.472354
25630,0.472354
25631,0.472354
25632,0.472354
25633,0.472354
25634,0.474128
25635,0.474128
25636,0.474128
25637,0.474128
25638,0.474128
25639,0.479346
25640,0.479346
25641,0.479346
25642,0.479346
25643,0.479346
25644,0.474398
25645,0.474398
25646,0.473726
25647,0.474398
25648,0.472354
25649,0.472354
25650,0.472354
25651,0.472354
25652,0.472354
25653,0.472354
25654,0.472354
25655,0.472354
25656,0.472354
25657,0.473726
25658,0.473726
25659,0.472354
25660,0.472354
25661,0.472354
25662,0.472354
25663,0.472354
25664,0.479346
25665,0.479346
25666,0.474128
25667,0.474128
25668,0.474128
25669,0.466105
25670,0.466105
25671,0.466165
25672,0.475080
25673,0.475080
25674,0.479346
25675,0.479346
25676,0.479346
25677,0.479346
25678,0.479346
25679,0.479346
25680,0.479346
25681,0.479346
25682,0.472354
25683,0.472354
25684,0.472354
25685,0.472354
25686,0.472354
25687,0.472354
25688,0.472354
25689,0.472354
25690,0.472354
25691,0.472354
25692,0.472354
25693,0.472354
25694,0.472354
25695,0.472354
25696,0.472354
25697,0.472354
25698,0.472354
25699,0.472354
25700,0.472354
25701,0.472354
25702,0.472354
25703,0.472354
25704,0.472354
25705,0.472354
25706,0.472354
25707,0.472354
25708,0.472354
25709,0.472354
25710,0.473726
25711,0.473726
25712,0.473726
25713,0.473726
25714,0.473726
25715,0.472354
25716,0.473726
25717,0.473726
25718,0.473726
25719,0.473726
25720,0.473726
25721,0.473726
25722,0.473726
25723,0.473726
25724,0.473726
25725,0.473726
25726,0.473726
25727,0.473726
25728,0.473726
25729,0.473726
25730,0.472354
25731,0.472354
25732,0.472354
25733,0.472354
25734,0.472354
25735,0.472354
25736,0.472354
25737,0.474398
25738,0.474398
25739,0.479346
25740,0.479346
25741,0.479346
25742,0.479346
25743,0.479346
25744,0.479346
25745,0.474128
25746,0.474128
25747,0.474128
25748,0.474128
25749,0.479346
25750,0.479346
25751,0.479346
25752,0.479346
25753,0.479346
25754,0.479346
25755,0.479346
25756,0.474398
25757,0.474398
25758,0.474398
25759,0.474398
25760,0.474398
25761,0.474398
25762,0.472354
25763,0.472354
25764,0.472354
25765,0.472354
25766,0.472354
25767,0.472354
25768,0.472354
25769,0.472354
25770,0.472354
25771,0.472354
25772,0.472354
25773,0.472354
25774,0.472354
25775,0.472354
25776,0.472354
25777,0.472354
25778,0.472354
25779,0.474398
25780,0.474398
25781,0.479346
25782,0.479346
25783,0.479346
25784,0.479346
25785,0.479346
25786,0.479346
25787,0.479346
25788,0.473726
25789,0.473726
25790,0.473726
25791,0.473726
25792,0.472354
25793,0.472354
25794,0.472354
25795,0.472354
25796,0.472354
25797,0.472354
25798,0.473726
25799,0.473726
25800,0.473726
25801,0.473726
25802,0.474398
25803,0.474398
25804,0.472354
25805,0.472354
25806,0.472354
25807,0.472354
25808,0.472354
25809,0.472354
25810,0.473726
25811,0.473726
25812,0.473726
25813,0.472354
25814,0.472354
25815,0.472354
25816,0.472354
25817,0.472354
25818,0.472354
25819,0.472354
25820,0.474398
25821,0.474398
25822,0.474398
25823,0.474398
25824,0.474398
25825,0.474398
25826,0.474398
25827,0.474398
25828,0.479346
25829,0.479346
25830,0.479346
25831,0.479346
25832,0.479346
25833,0.479346
25834,0.479346
25835,0.479346
25836,0.473726
25837,0.473726
25838,0.472354
25839,0.472354
25840,0.472354
25841,0.472354
25842,0.472354
25843,0.472354
25844,0.472354
25845,0.472354
25846,0.472354
25847,0.472354
25848,0.472354
25849,0.472354
25850,0.472354
25851,0.472354
25852,0.472354
25853,0.472354
25854,0.472354
25855,0.472354
25856,0.472354
25857,0.473726
25858,0.473726
25859,0.473726
25860,0.473726
25861,0.472354
25862,0.479346
25863,0.479346
25864,0.479346
25865,0.479346
25866,0.479346
25867,0.479346
25868,0.479346
25869,0.479346
25870,0.473726
25871,0.473726
25872,0.472354
25873,0.472354
25874,0.472354
25875,0.472354
25876,0.472354
25877,0.472354
25878,0.473726
25879,0.473726
25880,0.473726
25881,0.473726
25882,0.472354
25883,0.472354
25884,0.472354
25885,0.472354
25886,0.474398
25887,0.474398
25888,0.474398
25889,0.474398
25890,0.474398
25891,0.474398
25892,0.474398
25893,0.474398
25894,0.474398
25895,0.474398
25896,0.474398
25897,0.472354
25898,0.472354
25899,0.472354
25900,0.472354
25901,0.472354
25902,0.472354
25903,0.472354
25904,0.472354
25905,0.472354
25906,0.472354
25907,0.472354
25908,0.472354
25909,0.472354
25910,0.472354
25911,0.472354
25912,0.472354
25913,0.472354
25914,0.472354
25915,0.472354
25916,0.472354
25917,0.472354
25918,0.472354
25919,0.472354
25920,0.472354
25921,0.472354
25922,0.472354
25923,0.472354
25924,0.472354
25925,0.474398
25926,0.474398
25927,0.474398
25928,0.479346
25929,0.479346
25930,0.479346
25931,0.479346
25932,0.479346
25933,0.479346
25934,0.474128
25935,0.474128
25936,0.474128
25937,0.473726
25938,0.473726
25939,0.473726
25940,0.472354
25941,0.472354
25942,0.472354
25943,0.472354
25944,0.472354
25945,0.473726
25946,0.473726
25947,0.473726
25948,0.473726
25949,0.473726
25950,0.473726
25951,0.473726
25952,0.473726
25953,0.473726
25954,0.473726
25955,0.472354
25956,0.472354
25957,0.472354
25958,0.472354
25959,0.472354
25960,0.474398
25961,0.474398
25962,0.474398
25963,0.479346
25964,0.479346
25965,0.479346
25966,0.479346
25967,0.474128
25968,0.476190
25969,0.476190
25970,0.476190
25971,0.479346
25972,0.479346
25973,0.479346
25974,0.479346
25975,0.479346
25976,0.479346
25977,0.479346
25978,0.474398
25979,0.474398
25980,0.474398
25981,0.474398
25982,0.474398
25983,0.474398
25984,0.474398
25985,0.474398
25986,0.474398
25987,0.474398
25988,0.474398
25989,0.472354
25990,0.472354
25991,0.472354
25992,0.472354
25993,0.472354
25994,0.472354
25995,0.472354
25996,0.472354
25997,0.472354
25998,0.472354
25999,0.472354
26000,0.472354
26001,0.472354
26002,0.472354
26003,0.472354
26004,0.472354
26005,0.472354
26006,0.472354
26007,0.472354
26008,0.472354
26009,0.472354
26010,0.473726
26011,0.473726
26012,0.473726
26013,0.473726
26014,0.472354
26015,0.472354
26016,0.473726
26017,0.473726
26018,0.473726
26019,0.473726
26020,0.473726
26021,0.473726
26022,0.473726
26023,0.473726
26024,0.473726
26025,0.472354
26026,0.472354
26027,0.473726
26028,0.473726
26029,0.473726
26030,0.473726
26031,0.473726
26032,0.473726
26033,0.473726
26034,0.473726
26035,0.473726
26036,0.473726
26037,0.473726
26038,0.473726
26039,0.473726
26040,0.474398
26041,0.472354
26042,0.472354
26043,0.472354
26044,0.472354
26045,0.473726
26046,0.473726
26047,0.473726
26048,0.473726
26049,0.473726
26050,0.473726
26051,0.472354
26052,0.472354
26053,0.472354
26054,0.472354
26055,0.472354
26056,0.472354
26057,0.473726
26058,0.473726
26059,0.473726
26060,0.473726
26061,0.473726
26062,0.473726
26063,0.472354
26064,0.472354
26065,0.472354
26066,0.472354
26067,0.472354
26068,0.472354
26069,0.473726
26070,0.473726
26071,0.473726
26072,0.473726
26073,0.473726
26074,0.479346
26075,0.479346
26076,0.479346
26077,0.479346
26078,0.479346
26079,0.473726
26080,0.473726
26081,0.473726
26082,0.473726
26083,0.473726
26084,0.473726
26085,0.472354
26086,0.472354
26087,0.472354
26088,0.472354
26089,0.472354
26090,0.472354
26091,0.472354
26092,0.473726
26093,0.473726
26094,0.473726
26095,0.473726
26096,0.473726
26097,0.473726
26098,0.472354
26099,0.472354
26100,0.472354
26101,0.474398
26102,0.473726
26103,0.473726
26104,0.473726
26105,0.473726
26106,0.473726
26107,0.473726
26108,0.473726
26109,0.473726
26110,0.473726
26111,0.473726
26112,0.473726
26113,0.473726
26114,0.473726
26115,0.473726
26116,0.473726
26117,0.473726
26118,0.473726
26119,0.473726
26120,0.473726
26121,0.474398
26122,0.474398
26123,0.474398
26124,0.474398
26125,0.473726
26126,0.473726
26127,0.473726
26128,0.473726
26129,0.473726
26130,0.473726
26131,0.473726
26132,0.473726
26133,0.473726
26134,0.473726
26135,0.473726
26136,0.473726
26137,0.473726
26138,0.473726
26139,0.473726
26140,0.473726
26141,0.473726
26142,0.473726
26143,0.479346
26144,0.474128
26145,0.474128
26146,0.474128
26147,0.474128
26148,0.474128
26149,0.474128
26150,0.474128
26151,0.474128
26152,0.476190
26153,0.476190
26154,0.476190
26155,0.476190
26156,0.476190
26157,0.473726
26158,0.473726
26159,0.479346
26160,0.479346
26161,0.472354
26162,0.472354
26163,0.472354
26164,0.472354
26165,0.472354
26166,0.472354
26167,0.472354
26168,0.472354
26169,0.472354
26170,0.472354
26171,0.472354
26172,0.472354
26173,0.472354
26174,0.479346
26175,0.479346
26176,0.479346
26177,0.479346
26178,0.479346
26179,0.479346
26180,0.479346
26181,0.479346
26182,0.479346
26183,0.479346
26184,0.479346
26185,0.479346
26186,0.479346
26187,0.472354
26188,0.472354
26189,0.472354
26190,0.472354
26191,0.473726
26192,0.473726
26193,0.473726
26194,0.473726
26195,0.473726
26196,0.473726
26197,0.472354
26198,0.472354
26199,0.472354
26200,0.473726
26201,0.473726
26202,0.473726
26203,0.473726
26204,0.473726
26205,0.473726
26206,0.473726
26207,0.473726
26208,0.473726
26209,0.473726
26210,0.479346
26211,0.479346
26212,0.479346
26213,0.479346
26214,0.479346
26215,0.472354
26216,0.472354
26217,0.472354
26218,0.472354
26219,0.472354
26220,0.472354
26221,0.472354
26222,0.472354
26223,0.473726
26224,0.473726
26225,0.473726
26226,0.473726
26227,0.473726
26228,0.473726
26229,0.473726
26230,0.473726
26231,0.473726
26232,0.473726
26233,0.473726
26234,0.473726
26235,0.473726
26236,0.473726
26237,0.473726
26238,0.473726
26239,0.473726
26240,0.472354
26241,0.479346
26242,0.479346
26243,0.479346
26244,0.479346
26245,0.473726
26246,0.476190
26247,0.476190
26248,0.476190
26249,0.476190
26250,0.473726
26251,0.474398
26252,0.474398
26253,0.474398
26254,0.474398
26255,0.473726
26256,0.473726
26257,0.473726
26258,0.473726
26259,0.473726
26260,0.473726
26261,0.473726
26262,0.473726
26263,0.473726
26264,0.473726
26265,0.473726
26266,0.473726
26267,0.473726
26268,0.473726
26269,0.473726
26270,0.473726
26271,0.473726
26272,0.473726
26273,0.473726
26274,0.472354
26275,0.474398
26276,0.474398
26277,0.473726
26278,0.473726
26279,0.473726
26280,0.473726
26281,0.473726
26282,0.473726
26283,0.473726
26284,0.473726
26285,0.472354
26286,0.472354
26287,0.473726
26288,0.473726
26289,0.473726
26290,0.473726
26291,0.473726
26292,0.473726
26293,0.473726
26294,0.473726
26295,0.473726
26296,0.473726
26297,0.473726
26298,0.473726
26299,0.473726
26300,0.473726
26301,0.473726
26302,0.473726
26303,0.473726
26304,0.473726
26305,0.473726
26306,0.473726
26307,0.473726
26308,0.473726
26309,0.473726
26310,0.473726
26311,0.473726
26312,0.473726
26313,0.473726
26314,0.476190
26315,0.473726
26316,0.479346
26317,0.479346
26318,0.479346
26319,0.479346
26320,0.473726
26321,0.473726
26322,0.473726
26323,0.473726
26324,0.473726
26325,0.473726
26326,0.473726
26327,0.472354
26328,0.472354
26329,0.473726
26330,0.473726
26331,0.473726
26332,0.473726
26333,0.473726
26334,0.473726
26335,0.473726
26336,0.473726
26337,0.473726
26338,0.473726
26339,0.473726
26340,0.473726
26341,0.473726
26342,0.473726
26343,0.473726
26344,0.473726
26345,0.473726
26346,0.473726
26347,0.473726
26348,0.473726
26349,0.473726
26350,0.479346
26351,0.474398
26352,0.476190
26353,0.476190
26354,0.476190
26355,0.476190
26356,0.473726
26357,0.473726
26358,0.473726
26359,0.473726
26360,0.473726
26361,0.473726
26362,0.473726
26363,0.473726
26364,0.473726
26365,0.473726
26366,0.472354
26367,0.472354
26368,0.473726
26369,0.473726
26370,0.473726
26371,0.473726
26372,0.473726
26373,0.473726
26374,0.473726
26375,0.473726
26376,0.473726
26377,0.473726
26378,0.473726
26379,0.473726
26380,0.473726
26381,0.473726
26382,0.473726
26383,0.473726
26384,0.473726
26385,0.473726
26386,0.473726
26387,0.476190
26388,0.439227
26389,0.439227
26390,0.439227
26391,0.439227
26392,0.439227
26393,0.439227
26394,0.474128
26395,0.476190
26396,0.476190
26397,0.476190
26398,0.473726
26399,0.479346
26400,0.479346
26401,0.469427
26402,0.474398
26403,0.474398
26404,0.473726
26405,0.473726
26406,0.473726
26407,0.473726
26408,0.473726
26409,0.473726
26410,0.473726
26411,0.472354
26412,0.472354
26413,0.472354
26414,0.472354
26415,0.473726
26416,0.473726
26417,0.473726
26418,0.473726
26419,0.473726
26420,0.473726
26421,0.473726
26422,0.473726
26423,0.473726
26424,0.473726
26425,0.473726
26426,0.473726
26427,0.474128
26428,0.474128
26429,0.474128
26430,0.474128
26431,0.474128
26432,0.474128
26433,0.474128
26434,0.474128
26435,0.476190
26436,0.476190
26437,0.476190
26438,0.476190
26439,0.473726
26440,0.479346
26441,0.479346
26442,0.473726
26443,0.473726
26444,0.473726
26445,0.473726
26446,0.473726
26447,0.473726
26448,0.473726
26449,0.473726
26450,0.473726
26451,0.473726
26452,0.474398
26453,0.472354
26454,0.472354
26455,0.472354
26456,0.473726
26457,0.473726
26458,0.473726
26459,0.473726
26460,0.473726
26461,0.473726
26462,0.473726
26463,0.473726
26464,0.473726
26465,0.473726
26466,0.473726
26467,0.473726
26468,0.473726
26469,0.473726
26470,0.473726
26471,0.473726
26472,0.473726
26473,0.473726
26474,0.473726
26475,0.473726
26476,0.473726
26477,0.473726
26478,0.473726
26479,0.473726
26480,0.473726
26481,0.473726
26482,0.473726
26483,0.473726
26484,0.473726
26485,0.473726
26486,0.473726
26487,0.473726
26488,0.473726
26489,0.473726
26490,0.473726
26491,0.473726
26492,0.473726
26493,0.473726
26494,0.473726
26495,0.473726
26496,0.473726
26497,0.473726
26498,0.473726
26499,0.473726
26500,0.473726
26501,0.473726
26502,0.473726
26503,0.473726
26504,0.473726
26505,0.473726
26506,0.473726
26507,0.473726
26508,0.473726
26509,0.473726
26510,0.473726
26511,0.473726
26512,0.473726
26513,0.473726
26514,0.473726
26515,0.473726
26516,0.473726
26517,0.473726
26518,0.473726
26519,0.473726
26520,0.473726
26521,0.473726
26522,0.473726
26523,0.473726
26524,0.473726
26525,0.473726
26526,0.473726
26527,0.473726
26528,0.473726
26529,0.473726
26530,0.473726
26531,0.473726
26532,0.473726
26533,0.473726
26534,0.473726
26535,0.473726
26536,0.473726
26537,0.473726
26538,0.473726
26539,0.473726
26540,0.473726
26541,0.473726
26542,0.473726
26543,0.473726
26544,0.473726
26545,0.473726
26546,0.473726
26547,0.473726
26548,0.473726
26549,0.473726
26550,0.473726
26551,0.473726
26552,0.473726
26553,0.476190
26554,0.476190
26555,0.476190
26556,0.476190
26557,0.474128
26558,0.474128
26559,0.474128
26560,0.474128
26561,0.474128
26562,0.473726
26563,0.473726
26564,0.473726
26565,0.473726
26566,0.473726
26567,0.473726
26568,0.473726
26569,0.479346
26570,0.472354
26571,0.472354
26572,0.472354
26573,0.473726
26574,0.473726
26575,0.473726
26576,0.473726
26577,0.473726
26578,0.473726
26579,0.473726
26580,0.473726
26581,0.473726
26582,0.473726
26583,0.473726
26584,0.473726
26585,0.473726
26586,0.473726
26587,0.473726
26588,0.473726
26589,0.473726
26590,0.473726
26591,0.473726
26592,0.473726
26593,0.473726
26594,0.473726
26595,0.473726
26596,0.473726
26597,0.473726
26598,0.473726
26599,0.473726
26600,0.473726
26601,0.474128
26602,0.474128
26603,0.474128
26604,0.474128
26605,0.474128
26606,0.474128
26607,0.474128
26608,0.474128
26609,0.474128
26610,0.474128
26611,0.474128
26612,0.473726
26613,0.473726
26614,0.473726
26615,0.473726
26616,0.473726
26617,0.473726
26618,0.473726
26619,0.473726
26620,0.473726
26621,0.473726
26622,0.473726
26623,0.473726
26624,0.473726
26625,0.473726
26626,0.473726
26627,0.473726
26628,0.473726
26629,0.473726
26630,0.473726
26631,0.473726
26632,0.473726
26633,0.473726
26634,0.473726
26635,0.473726
26636,0.473726
26637,0.473726
26638,0.473726
26639,0.473726
26640,0.473726
26641,0.473726
26642,0.476190
26643,0.476190
26644,0.476190
26645,0.476190
26646,0.476190
26647,0.476190
26648,0.476190
26649,0.473726
26650,0.473726
26651,0.473726
26652,0.473726
26653,0.473726
26654,0.473726
26655,0.473726
26656,0.473726
26657,0.473726
26658,0.473726
26659,0.473726
26660,0.473726
26661,0.473726
26662,0.473726
26663,0.473726
26664,0.473726
26665,0.473726
26666,0.473726
26667,0.473726
26668,0.473726
26669,0.473726
26670,0.473726
26671,0.473726
26672,0.473726
26673,0.473726
26674,0.473726
26675,0.473726
26676,0.473726
26677,0.473726
26678,0.473726
26679,0.473726
26680,0.473726
26681,0.473726
26682,0.473726
26683,0.473726
26684,0.473726
26685,0.473726
26686,0.473726
26687,0.473726
26688,0.473726
26689,0.473726
26690,0.473726
26691,0.476190
26692,0.476190
26693,0.476190
26694,0.476190
26695,0.473726
26696,0.473726
26697,0.473726
26698,0.473726
26699,0.473726
26700,0.473726
26701,0.473726
26702,0.473726
26703,0.473726
26704,0.473726
26705,0.473726
26706,0.473726
26707,0.473726
26708,0.473726
26709,0.473726
26710,0.473726
26711,0.473726
26712,0.473726
26713,0.473726
26714,0.473726
26715,0.473726
26716,0.473726
26717,0.473726
26718,0.473726
26719,0.473726
26720,0.473726
26721,0.473726
26722,0.473726
26723,0.473726
26724,0.473726
26725,0.473726
26726,0.473726
26727,0.473726
26728,0.473726
26729,0.473726
26730,0.473726
26731,0.473726
26732,0.473726
26733,0.473726
26734,0.473726
26735,0.473726
26736,0.473726
26737,0.473726
26738,0.473726
26739,0.473726
26740,0.473726
26741,0.473726
26742,0.473726
26743,0.473726
26744,0.473726
26745,0.473726
26746,0.473726
26747,0.473726
26748,0.473726
26749,0.473726
26750,0.473726
26751,0.473726
26752,0.473726
26753,0.473726
26754,0.473726
26755,0.473726
26756,0.473726
26757,0.473726
26758,0.473726
26759,0.473726
26760,0.473726
26761,0.473726
26762,0.473726
26763,0.473726
26764,0.473726
26765,0.473726
26766,0.473726
26767,0.473726
26768,0.473726
26769,0.473726
26770,0.473726
26771,0.473726
26772,0.473726
26773,0.473726
26774,0.473726
26775,0.473726
26776,0.473726
26777,0.473726
26778,0.473726
26779,0.473726
26780,0.473726
26781,0.473726
26782,0.473726
26783,0.473726
26784,0.473726
26785,0.473726
26786,0.473726
26787,0.473726
26788,0.473726
26789,0.473726
26790,0.473726
26791,0.473726
26792,0.473726
26793,0.473726
26794,0.473726
26795,0.473726
26796,0.473726
26797,0.473726
26798,0.473726
26799,0.473726
26800,0.473726
26801,0.473726
26802,0.473726
26803,0.473726
26804,0.473726
26805,0.473726
26806,0.473726
26807,0.473726
26808,0.473726
26809,0.473726
26810,0.473726
26811,0.473726
26812,0.473726
26813,0.473726
26814,0.473726
26815,0.473726
26816,0.473726
26817,0.473726
26818,0.473726
26819,0.473726
26820,0.473726
26821,0.473726
26822,0.473726
26823,0.473726
26824,0.473726
26825,0.473726
26826,0.473726
26827,0.473726
26828,0.473726
26829,0.473726
26830,0.473726
26831,0.473726
26832,0.473726
26833,0.473726
26834,0.473726
26835,0.473726
26836,0.473726
26837,0.473726
26838,0.473726
26839,0.473726
26840,0.473726
26841,0.473726
26842,0.473726
26843,0.473726
26844,0.473726
26845,0.473726
26846,0.473726
26847,0.473726
26848,0.473726
26849,0.473726
26850,0.473726
26851,0.473726
26852,0.473726
26853,0.473726
26854,0.473726
26855,0.473726
26856,0.473726
26857,0.473726
26858,0.473726
26859,0.473726
26860,0.473726
26861,0.473726
26862,0.473726
26863,0.473726
26864,0.473726
26865,0.473726
26866,0.473726
26867,0.473726
26868,0.473726
26869,0.473726
26870,0.473726
26871,0.473726
26872,0.473726
26873,0.473726
26874,0.473726
26875,0.473726
26876,0.473726
26877,0.473726
26878,0.473726
26879,0.473726
26880,0.473726
26881,0.473726
26882,0.473726
26883,0.473726
26884,0.473726
26885,0.473726
26886,0.473726
26887,0.473726
26888,0.473726
26889,0.473726
26890,0.473726
26891,0.473726
26892,0.473726
26893,0.473726
26894,0.473726
26895,0.473726
26896,0.473726
26897,0.473726
26898,0.473726
26899,0.473726
26900,0.473726
26901,0.473726
26902,0.473726
26903,0.473726
26904,0.473726
26905,0.473726
26906,0.473726
26907,0.473726
26908,0.473726
26909,0.473726
26910,0.473726
26911,0.473726
26912,0.473726
26913,0.473726
26914,0.473726
26915,0.473726
26916,0.473726
26917,0.473726
26918,0.473726
26919,0.473726
26920,0.473726
26921,0.473726
26922,0.473726
26923,0.473726
26924,0.473726
26925,0.473726
26926,0.473726
26927,0.473726
26928,0.473726
26929,0.473726
26930,0.473726
26931,0.473726
26932,0.473726
26933,0.473726
26934,0.473726
26935,0.473726
26936,0.473726
26937,0.473726
26938,0.473726
26939,0.473726
26940,0.473726
26941,0.473726
26942,0.473726
26943,0.473726
26944,0.473726
26945,0.473726
26946,0.473726
26947,0.473726
26948,0.473726
26949,0.473726
26950,0.473726
26951,0.473726
26952,0.473726
26953,0.473726
26954,0.473726
26955,0.473726
26956,0.473726
26957,0.473726
26958,0.473726
26959,0.473726
26960,0.473726
26961,0.474128
26962,0.473726
26963,0.473726
26964,0.473726
26965,0.473726
26966,0.473726
26967,0.473726
26968,0.473726
26969,0.473726
26970,0.473726
26971,0.473726
26972,0.473726
26973,0.473726
26974,0.473726
26975,0.473726
26976,0.473726
26977,0.473726
26978,0.473726
26979,0.473726
26980,0.473726
26981,0.473726
26982,0.473726
26983,0.473726
26984,0.473726
26985,0.473726
26986,0.473726
26987,0.473726
26988,0.473726
26989,0.473726
26990,0.473726
26991,0.473726
26992,0.473726
26993,0.473726
26994,0.473726
26995,0.473726
26996,0.473726
26997,0.473726
26998,0.473726
26999,0.473726
27000,0.473726
27001,0.473726
27002,0.473726
27003,0.473726
27004,0.473726
27005,0.473726
27006,0.473726
27007,0.473726
27008,0.473726
27009,0.473726
27010,0.473726
27011,0.473726
27012,0.473726
27013,0.473726
27014,0.473726
27015,0.473726
27016,0.473726
27017,0.473726
27018,0.473726
27019,0.473726
27020,0.473726
27021,0.473726
27022,0.473726
27023,0.473726
27024,0.473726
27025,0.473726
27026,0.473726
27027,0.473726
27028,0.473726
27029,0.473726
27030,0.473726
27031,0.473726
27032,0.473726
27033,0.473726
27034,0.473726
27035,0.473726
27036,0.473726
27037,0.473726
27038,0.473726
27039,0.473726
27040,0.473726
27041,0.473726
27042,0.473726
27043,0.473726
27044,0.473726
27045,0.473726
27046,0.473726
27047,0.473726
27048,0.473726
27049,0.473726
27050,0.473726
27051,0.473726
27052,0.473726
27053,0.473726
27054,0.473726
27055,0.473726
27056,0.473726
27057,0.473726
27058,0.473726
27059,0.473726
27060,0.473726
27061,0.473726
27062,0.473726
27063,0.473726
27064,0.473726
27065,0.473726
27066,0.473726
27067,0.473726
27068,0.473726
27069,0.473726
27070,0.473726
27071,0.473726
27072,0.473726
27073,0.473726
27074,0.473726
27075,0.473726
27076,0.473726
27077,0.473726
27078,0.473726
27079,0.473726
27080,0.473726
27081,0.473726
27082,0.473726
27083,0.473726
27084,0.473726
27085,0.473726
27086,0.473726
27087,0.473726
27088,0.473726
27089,0.473726
27090,0.473726
27091,0.473726
27092,0.473726
27093,0.473726
27094,0.473726
27095,0.473726
27096,0.473726
27097,0.473726
27098,0.473726
27099,0.473726
27100,0.473726
27101,0.473726
27102,0.473726
27103,0.473726
27104,0.473726
27105,0.473726
27106,0.473726
27107,0.473726
27108,0.473726
27109,0.473726
27110,0.473726
27111,0.473726
27112,0.473726
27113,0.473726
27114,0.473726
27115,0.473726
27116,0.473726
27117,0.473726
27118,0.473726
27119,0.473726
27120,0.473726
27121,0.473726
27122,0.473726
27123,0.472334
27124,0.473726
27125,0.473726
27126,0.473726
27127,0.473726
27128,0.473726
27129,0.473726
27130,0.473726
27131,0.473726
27132,0.473726
27133,0.473726
27134,0.473726
27135,0.473726
27136,0.473726
27137,0.473726
27138,0.473726
27139,0.473726
27140,0.473726
27141,0.473726
27142,0.473726
27143,0.473726
27144,0.473726
27145,0.473726
27146,0.473726
27147,0.473726
27148,0.473726
27149,0.473726
27150,0.473726
27151,0.473726
27152,0.473726
27153,0.473726
27154,0.473726
27155,0.473726
27156,0.473726
27157,0.473726
27158,0.473726
27159,0.473726
27160,0.473726
27161,0.473726
27162,0.473726
27163,0.473726
27164,0.473726
27165,0.473726
27166,0.473726
27167,0.473726
27168,0.473726
27169,0.473726
27170,0.473726
27171,0.473726
27172,0.473726
27173,0.473726
27174,0.473726
27175,0.469593
27176,0.469593
27177,0.473726
27178,0.473726
27179,0.473726
27180,0.473726
27181,0.473726
27182,0.473726
27183,0.473726
27184,0.473726
27185,0.473726
27186,0.473726
27187,0.473726
27188,0.473726
27189,0.473726
27190,0.473726
27191,0.473726
27192,0.473726
27193,0.473726
27194,0.473726
27195,0.473726
27196,0.473726
27197,0.473726
27198,0.473726
27199,0.473726
27200,0.473726
27201,0.473726
27202,0.473726
27203,0.473726
27204,0.473726
27205,0.473726
27206,0.473726
27207,0.473726
27208,0.473726
27209,0.473726
27210,0.473726
27211,0.473726
27212,0.473726
27213,0.473726
27214,0.473726
27215,0.473726
27216,0.473726
27217,0.473726
27218,0.473726
27219,0.473726
27220,0.473726
27221,0.433504
27222,0.433504
27223,0.433504
27224,0.433504
27225,0.433504
27226,0.433504
27227,0.433504
27228,0.473726
27229,0.473726
27230,0.473726
27231,0.473726
27232,0.473726
27233,0.473726
27234,0.473726
27235,0.473726
27236,0.473726
27237,0.473726
27238,0.473726
27239,0.473726
27240,0.473726
27241,0.473726
27242,0.473726
27243,0.473726
27244,0.473726
27245,0.473726
27246,0.473726
27247,0.473726
27248,0.473726
27249,0.473726
27250,0.473726
27251,0.473726
27252,0.473726
27253,0.473726
27254,0.473726
27255,0.473726
27256,0.473726
27257,0.473726
27258,0.473726
27259,0.473726
27260,0.473726
27261,0.473726
27262,0.473726
27263,0.473726
27264,0.473726
27265,0.473726
27266,0.473726
27267,0.473726
27268,0.473726
27269,0.473726
27270,0.473726
27271,0.473726
27272,0.473726
27273,0.473726
27274,0.473726
27275,0.473726
27276,0.473726
27277,0.473726
27278,0.473726
27279,0.473726
27280,0.473726
27281,0.473726
27282,0.473726
27283,0.473726
27284,0.473726
27285,0.473726
27286,0.473726
27287,0.473726
27288,0.473726
27289,0.473726
27290,0.473726
27291,0.473726
27292,0.473726
27293,0.473726
27294,0.473726
27295,0.473726
27296,0.473726
27297,0.473726
27298,0.473726
27299,0.473726
27300,0.473726
27301,0.473726
27302,0.473726
27303,0.473726
27304,0.473726
27305,0.473726
27306,0.473726
27307,0.473726
27308,0.473726
27309,0.473726
27310,0.473726
27311,0.473726
27312,0.473726
27313,0.473726
27314,0.473726
27315,0.473726
27316,0.473726
27317,0.473726
27318,0.473726
27319,0.473726
27320,0.473726
27321,0.473726
27322,0.473726
27323,0.473726
27324,0.473726
27325,0.473726
27326,0.473726
27327,0.473726
27328,0.473726
27329,0.473726
27330,0.473726
27331,0.473726
27332,0.473726
27333,0.473726
27334,0.473726
27335,0.473726
27336,0.473726
27337,0.473726
27338,0.473726
27339,0.473726
27340,0.473726
27341,0.473726
27342,0.473726
27343,0.473726
27344,0.473726
27345,0.473726
27346,0.473726
27347,0.473726
27348,0.473726
27349,0.473726
27350,0.473726
27351,0.473726
27352,0.473726
27353,0.473726
27354,0.473726
27355,0.473726
27356,0.473726
27357,0.473726
27358,0.473726
27359,0.473726
27360,0.473726
27361,0.473726
27362,0.473726
27363,0.473726
27364,0.473726
27365,0.473726
27366,0.473726
27367,0.473726
27368,0.473726
27369,0.473726
27370,0.473726
27371,0.473726
27372,0.473726
27373,0.473726
27374,0.473726
27375,0.473726
27376,0.473726
27377,0.473726
27378,0.473726
27379,0.473726
27380,0.473726
27381,0.473726
27382,0.473726
27383,0.473726
27384,0.473726
27385,0.473726
27386,0.473726
27387,0.473726
27388,0.473726
27389,0.473726
27390,0.473726
27391,0.473726
27392,0.473726
27393,0.473726
27394,0.473726
27395,0.473726
27396,0.473726
27397,0.473726
27398,0.473726
27399,0.473726
27400,0.473726
27401,0.473726
27402,0.473726
27403,0.473726
27404,0.473726
27405,0.473726
27406,0.473726
27407,0.473726
27408,0.473726
27409,0.473726
27410,0.473726
27411,0.473726
27412,0.473726
27413,0.473726
27414,0.473726
27415,0.473726
27416,0.472354
27417,0.473726
27418,0.473726
27419,0.473726
27420,0.473726
27421,0.473726
27422,0.473726
27423,0.473726
27424,0.473726
27425,0.473726
27426,0.473726
27427,0.473726
27428,0.473726
27429,0.473726
27430,0.473726
27431,0.473726
27432,0.473726
27433,0.473726
27434,0.473726
27435,0.473726
27436,0.473726
27437,0.473726
27438,0.473726
27439,0.473726
27440,0.473726
27441,0.473726
27442,0.473726
27443,0.473726
27444,0.473726
27445,0.473726
27446,0.473726
27447,0.473726
27448,0.473726
27449,0.473726
27450,0.473726
27451,0.473726
27452,0.473726
27453,0.473726
27454,0.473726
27455,0.473726
27456,0.473726
27457,0.473726
27458,0.473726
27459,0.473726
27460,0.473726
27461,0.473726
27462,0.473726
27463,0.473726
27464,0.473726
27465,0.473726
27466,0.473726
27467,0.473726
27468,0.473726
27469,0.473726
27470,0.473726
27471,0.473726
27472,0.473726
27473,0.473726
27474,0.473726
27475,0.473726
27476,0.473726
27477,0.473726
27478,0.473726
27479,0.473726
27480,0.473726
27481,0.473726
27482,0.473726
27483,0.473726
27484,0.473726
27485,0.473726
27486,0.473726
27487,0.473726
27488,0.473726
27489,0.473726
27490,0.473726
27491,0.473726
27492,0.473726
27493,0.473726
27494,0.473726
27495,0.473726
27496,0.473726
27497,0.473726
27498,0.473726
27499,0.473726
27500,0.473726
27501,0.473726
27502,0.473726
27503,0.473726
27504,0.473726
27505,0.473726
27506,0.473726
27507,0.473726
27508,0.473726
27509,0.473726
27510,0.473726
27511,0.473726
27512,0.473726
27513,0.473726
27514,0.473726
27515,0.473726
27516,0.473726
27517,0.473726
27518,0.473726
27519,0.473726
27520,0.473726
27521,0.473726
27522,0.473726
27523,0.473726
27524,0.473726
27525,0.473726
27526,0.473726
27527,0.473726
27528,0.473726
27529,0.473726
27530,0.473726
27531,0.473726
27532,0.473726
27533,0.473726
27534,0.473726
27535,0.473726
27536,0.473726
27537,0.473726
27538,0.473726
27539,0.473726
27540,0.473726
27541,0.473726
27542,0.473726
27543,0.473726
27544,0.473726
27545,0.473726
27546,0.473726
27547,0.473726
27548,0.473726
27549,0.473726
27550,0.473726
27551,0.473726
27552,0.473726
27553,0.473726
27554,0.473726
27555,0.473726
27556,0.473726
27557,0.473726
27558,0.473726
27559,0.473726
27560,0.473726
27561,0.473726
27562,0.473726
27563,0.473726
27564,0.473726
27565,0.473726
27566,0.473726
27567,0.473726
27568,0.473726
27569,0.473726
27570,0.473726
27571,0.473726
27572,0.473726
27573,0.473726
27574,0.473726
27575,0.473726
27576,0.473726
27577,0.473726
27578,0.473726
27579,0.473726
27580,0.473726
27581,0.473726
27582,0.473726
27583,0.473726
27584,0.473726
27585,0.473726
27586,0.473726
27587,0.473726
27588,0.473726
27589,0.473726
27590,0.473726
27591,0.473726
27592,0.473726
27593,0.473726
27594,0.473726
27595,0.473726
27596,0.473726
27597,0.473726
27598,0.473726
27599,0.473726
27600,0.473726
27601,0.473726
27602,0.473726
27603,0.473726
27604,0.473726
27605,0.473726
27606,0.473726
27607,0.473726
27608,0.473726
27609,0.473726
27610,0.473726
27611,0.473726
27612,0.473726
27613,0.473726
27614,0.473726
27615,0.473726
27616,0.473726
27617,0.473726
27618,0.473726
27619,0.473726
27620,0.473726
27621,0.473726
27622,0.473726
27623,0.473726
27624,0.473726
27625,0.473726
27626,0.473726
27627,0.473726
27628,0.473726
27629,0.473726
27630,0.473726
27631,0.473726
27632,0.473726
27633,0.473726
27634,0.473726
27635,0.473726
27636,0.473726
27637,0.473726
27638,0.473726
27639,0.473726
27640,0.473726
27641,0.473726
27642,0.473726
27643,0.473726
27644,0.473726
27645,0.473726
27646,0.473726
27647,0.473726
27648,0.473726
27649,0.473726
27650,0.473726
27651,0.473726
27652,0.473726
27653,0.473726
27654,0.473726
27655,0.473726
27656,0.473726
27657,0.473726
27658,0.473726
27659,0.473726
27660,0.473726
27661,0.473726
27662,0.473726
27663,0.473726
27664,0.473726
27665,0.473726
27666,0.473726
27667,0.473726
27668,0.473726
27669,0.473726
27670,0.473726
27671,0.473726
27672,0.473726
27673,0.473726
27674,0.473726
27675,0.473726
27676,0.473726
27677,0.473726
27678,0.473726
27679,0.473726
27680,0.473726
27681,0.473726
27682,0.473726
27683,0.473726
27684,0.473726
27685,0.473726
27686,0.473726
27687,0.473726
27688,0.473726
27689,0.473726
27690,0.473726
27691,0.473726
27692,0.473726
27693,0.473726
27694,0.473726
27695,0.473726
27696,0.473726
27697,0.473726
27698,0.473726
27699,0.473726
27700,0.473726
27701,0.473726
27702,0.473726
27703,0.473726
27704,0.473726
27705,0.473726
27706,0.473726
27707,0.473726
27708,0.473726
27709,0.473726
27710,0.473726
27711,0.473726
27712,0.473726
27713,0.473726
27714,0.473726
27715,0.473726
27716,0.473726
27717,0.473726
27718,0.473726
27719,0.473726
27720,0.473726
27721,0.473726
27722,0.473726
27723,0.473726
27724,0.473726
27725,0.473726
27726,0.473726
27727,0.473726
27728,0.473726
27729,0.473726
27730,0.473726
27731,0.473726
27732,0.473726
27733,0.473726
27734,0.473726
27735,0.473726
27736,0.473726
27737,0.473726
27738,0.473726
27739,0.473726
27740,0.473726
27741,0.473726
27742,0.473726
27743,0.473726
27744,0.473726
27745,0.473726
27746,0.473726
27747,0.473726
27748,0.473726
27749,0.473726
27750,0.473726
27751,0.473726
27752,0.473726
27753,0.473726
27754,0.473726
27755,0.473726
27756,0.473726
27757,0.473726
27758,0.473726
27759,0.473726
27760,0.473726
27761,0.473726
27762,0.473726
27763,0.473726
27764,0.473726
27765,0.473726
27766,0.473726
27767,0.473726
27768,0.473726
27769,0.473726
27770,0.473726
27771,0.473726
27772,0.473726
27773,0.473726
27774,0.473726
27775,0.473726
27776,0.473726
27777,0.473726
27778,0.473726
27779,0.473726
27780,0.473726
27781,0.473726
27782,0.473726
27783,0.473726
27784,0.473726
27785,0.473726
27786,0.473726
27787,0.473726
27788,0.473726
27789,0.473726
27790,0.473726
27791,0.473726
27792,0.473726
27793,0.473726
27794,0.473726
27795,0.473726
27796,0.473726
27797,0.473726
27798,0.473726
27799,0.473726
27800,0.473726
27801,0.473726
27802,0.473726
27803,0.473726
27804,0.473726
27805,0.473726
27806,0.473726
27807,0.473726
27808,0.473726
27809,0.473726
27810,0.473726
27811,0.473726
27812,0.473726
27813,0.473726
27814,0.473726
27815,0.473726
27816,0.473726
27817,0.473726
27818,0.473726
27819,0.473726
27820,0.473726
27821,0.473726
27822,0.473726
27823,0.473726
27824,0.473726
27825,0.473726
27826,0.473726
27827,0.473726
27828,0.473726
27829,0.473726
27830,0.473726
27831,0.473726
27832,0.473726
27833,0.473726
27834,0.473726
27835,0.473726
27836,0.473726
27837,0.473726
27838,0.473726
27839,0.473726
27840,0.473726
27841,0.473726
27842,0.473726
27843,0.473726
27844,0.473726
27845,0.473726
27846,0.473726
27847,0.473726
27848,0.473726
27849,0.473726
27850,0.473726
27851,0.473726
27852,0.473726
27853,0.473726
27854,0.473726
27855,0.473726
27856,0.473726
27857,0.473726
27858,0.473726
27859,0.473726
27860,0.473726
27861,0.473726
27862,0.473726
27863,0.473726
27864,0.473726
27865,0.473726
27866,0.473726
27867,0.473726
27868,0.473726
27869,0.473726
27870,0.473726
27871,0.473726
27872,0.473726
27873,0.473726
27874,0.473726
27875,0.473726
27876,0.473726
27877,0.473726
27878,0.473726
27879,0.473726
27880,0.473726
27881,0.473726
27882,0.473726
27883,0.473726
27884,0.473726
27885,0.473726
27886,0.473726
27887,0.473726
27888,0.473726
27889,0.473726
27890,0.473726
27891,0.473726
27892,0.473726
27893,0.473726
27894,0.473726
27895,0.473726
27896,0.473726
27897,0.473726
27898,0.473726
27899,0.473726
27900,0.473726
27901,0.473726
27902,0.473726
27903,0.473726
27904,0.473726
27905,0.473726
27906,0.473726
27907,0.473726
27908,0.473726
27909,0.473726
27910,0.473726
27911,0.473726
27912,0.473726
27913,0.473726
27914,0.473726
27915,0.473726
27916,0.473726
27917,0.473726
27918,0.473726
27919,0.473726
27920,0.473726
27921,0.473726
27922,0.473726
27923,0.473726
27924,0.473726
27925,0.473726
27926,0.473726
27927,0.473726
27928,0.473726
27929,0.473726
27930,0.473726
27931,0.473726
27932,0.473726
27933,0.473726
27934,0.473726
27935,0.473726
27936,0.473726
27937,0.473726
27938,0.473726
27939,0.473726
27940,0.473726
27941,0.473726
27942,0.473726
27943,0.473726
27944,0.473726
27945,0.473726
27946,0.473726
27947,0.473726
27948,0.473726
27949,0.473726
27950,0.473726
27951,0.473726
27952,0.473726
27953,0.473726
27954,0.473726
27955,0.473726
27956,0.473726
27957,0.473726
27958,0.473726
27959,0.473726
27960,0.473726
27961,0.473726
27962,0.473726
27963,0.473726
27964,0.473726
27965,0.473726
27966,0.473726
27967,0.473726
27968,0.473726
27969,0.473726
27970,0.473726
27971,0.473726
27972,0.473726
27973,0.473726
27974,0.473726
27975,0.473726
27976,0.473726
27977,0.473726
27978,0.473726
27979,0.473726
27980,0.473726
27981,0.473726
27982,0.473726
27983,0.473726
27984,0.473726
27985,0.473726
27986,0.473726
27987,0.473726
27988,0.473726
27989,0.473726
27990,0.473726
27991,0.473726
27992,0.473726
27993,0.473726
27994,0.473726
27995,0.473726
27996,0.473726
27997,0.473726
27998,0.473726
27999,0.473726
28000,0.473726
28001,0.473726
28002,0.473726
28003,0.473726
28004,0.473726
28005,0.473726
28006,0.473726
28007,0.473726
28008,0.473726
28009,0.473726
28010,0.473726
28011,0.473726
28012,0.473726
28013,0.473726
28014,0.473726
28015,0.473726
28016,0.473726
28017,0.473726
28018,0.473726
28019,0.473726
28020,0.473726
28021,0.473726
28022,0.473726
28023,0.473726
28024,0.473726
28025,0.473726
28026,0.473726
28027,0.473726
28028,0.473726
28029,0.473726
28030,0.473726
28031,0.473726
28032,0.473726
28033,0.473726
28034,0.473726
28035,0.473726
28036,0.473726
28037,0.473726
28038,0.473726
28039,0.473726
28040,0.473726
28041,0.473726
28042,0.473726
28043,0.473726
28044,0.473726
28045,0.473726
28046,0.473726
28047,0.473726
28048,0.473726
28049,0.473726
28050,0.473726
28051,0.473726
28052,0.473726
28053,0.473726
28054,0.473726
28055,0.473726
28056,0.473726
28057,0.473726
28058,0.473726
28059,0.473726
28060,0.473726
28061,0.473726
28062,0.473726
28063,0.473726
28064,0.473726
28065,0.473726
28066,0.473726
28067,0.473726
28068,0.473726
28069,0.473726
28070,0.473726
28071,0.473726
28072,0.473726
28073,0.473726
28074,0.473726
28075,0.473726
28076,0.473726
28077,0.473726
28078,0.473726
28079,0.473726
28080,0.473726
28081,0.473726
28082,0.473726
28083,0.473726
28084,0.473726
28085,0.473726
28086,0.473726
28087,0.473726
28088,0.473726
28089,0.473726
28090,0.473726
28091,0.473726
28092,0.473726
28093,0.473726
28094,0.473726
28095,0.473726
28096,0.473726
28097,0.473726
28098,0.473726
28099,0.473726
28100,0.473726
28101,0.473726
28102,0.473726
28103,0.473726
28104,0.473726
28105,0.473726
28106,0.473726
28107,0.473726
28108,0.473726
28109,0.473726
28110,0.473726
28111,0.473726
28112,0.473726
28113,0.473726
28114,0.473726
28115,0.473726
28116,0.473726
28117,0.473726
28118,0.473726
28119,0.473726
28120,0.473726
28121,0.473726
28122,0.473726
28123,0.473726
28124,0.473726
28125,0.473726
28126,0.473726
28127,0.473726
28128,0.473726
28129,0.473726
28130,0.473726
28131,0.473726
28132,0.473726
28133,0.473726
28134,0.473726
28135,0.473726
28136,0.473726
28137,0.473726
28138,0.473726
28139,0.473726
28140,0.473726
28141,0.473726
28142,0.473726
28143,0.473726
28144,0.473726
28145,0.473726
28146,0.473726
28147,0.473726
28148,0.473726
28149,0.473726
28150,0.473726
28151,0.473726
28152,0.473726
28153,0.473726
28154,0.473726
28155,0.473726
28156,0.473726
28157,0.473726
28158,0.473726
28159,0.473726
28160,0.473726
28161,0.473726
28162,0.473726
28163,0.473726
28164,0.473726
28165,0.473726
28166,0.473726
28167,0.473726
28168,0.473726
28169,0.473726
28170,0.473726
28171,0.473726
28172,0.473726
28173,0.473726
28174,0.473726
28175,0.473726
28176,0.473726
28177,0.473726
28178,0.473726
28179,0.473726
28180,0.473726
28181,0.473726
28182,0.473726
28183,0.473726
28184,0.473726
28185,0.473726
28186,0.473726
28187,0.473726
28188,0.473726
28189,0.473726
28190,0.473726
28191,0.473726
28192,0.473726
28193,0.473726
28194,0.473726
28195,0.473726
28196,0.473726
28197,0.473726
28198,0.473726
28199,0.473726
28200,0.473726
28201,0.473726
28202,0.473726
28203,0.473726
28204,0.473726
28205,0.473726
28206,0.473726
28207,0.473726
28208,0.473726
28209,0.473726
28210,0.473726
28211,0.473726
28212,0.473726
28213,0.473726
28214,0.473726
28215,0.473726
28216,0.473726
28217,0.473726
28218,0.473726
28219,0.473726
28220,0.473726
28221,0.473726
28222,0.473726
28223,0.473726
28224,0.473726
28225,0.473726
28226,0.473726
28227,0.473726
28228,0.473726
28229,0.473726
28230,0.473726
28231,0.473726
28232,0.473726
28233,0.473726
28234,0.473726
28235,0.473726
28236,0.473726
28237,0.473726
28238,0.473726
28239,0.473726
28240,0.473726
28241,0.473726
28242,0.473726
28243,0.473726
28244,0.473726
28245,0.473726
28246,0.473726
28247,0.473726
28248,0.473726
28249,0.473726
28250,0.473726
28251,0.473726
28252,0.473726
28253,0.473726
28254,0.473726
28255,0.473726
28256,0.473726
28257,0.473726
28258,0.473726
28259,0.473726
28260,0.473726
28261,0.473726
28262,0.473726
28263,0.473726
28264,0.473726
28265,0.473726
28266,0.473726
28267,0.473726
28268,0.473726
28269,0.473726
28270,0.473726
28271,0.473726
28272,0.473726
28273,0.473726
28274,0.473726
28275,0.473726
28276,0.473726
28277,0.473726
28278,0.473726
28279,0.473726
28280,0.473726
28281,0.473726
28282,0.473726
28283,0.473726
28284,0.473726
28285,0.473726
28286,0.473726
28287,0.473726
28288,0.473726
28289,0.473726
28290,0.473726
28291,0.473726
28292,0.473726
28293,0.473726
28294,0.473726
28295,0.473726
28296,0.473726
28297,0.473726
28298,0.473726
28299,0.473726
28300,0.473726
28301,0.473726
28302,0.473726
28303,0.473726
28304,0.473726
28305,0.473726
28306,0.473726
28307,0.473726
28308,0.473726
28309,0.473726
28310,0.473726
28311,0.473726
28312,0.473726
28313,0.473726
28314,0.473726
28315,0.473726
28316,0.473726
28317,0.473726
28318,0.473726
28319,0.473726
28320,0.473726
28321,0.473726
28322,0.473726
28323,0.473726
28324,0.473726
28325,0.473726
28326,0.473726
28327,0.473726
28328,0.473726
28329,0.473726
28330,0.473726
28331,0.473726
28332,0.473726
28333,0.473726
28334,0.473726
28335,0.473726
28336,0.473726
28337,0.473726
28338,0.473726
28339,0.473726
28340,0.473726
28341,0.473726
28342,0.473726
28343,0.473726
28344,0.473726
28345,0.473726
28346,0.473726
28347,0.473726
28348,0.473726
28349,0.473726
28350,0.473726
28351,0.473726
28352,0.473726
28353,0.473726
28354,0.473726
28355,0.473726
28356,0.473726
28357,0.473726
28358,0.473726
28359,0.473726
28360,0.473726
28361,0.473726
28362,0.473726
28363,0.473726
28364,0.473726
28365,0.473726
28366,0.473726
28367,0.473726
28368,0.473726
28369,0.473726
28370,0.473726
28371,0.473726
28372,0.473726
28373,0.473726
28374,0.473726
28375,0.473726
28376,0.473726
28377,0.473726
28378,0.473726
28379,0.473726
28380,0.473726
28381,0.473726
28382,0.473726
28383,0.473726
28384,0.473726
28385,0.473726
28386,0.473726
28387,0.473726
28388,0.473726
28389,0.473726
28390,0.473726
28391,0.473726
28392,0.473726
28393,0.473726
28394,0.473726
28395,0.473726
28396,0.473726
28397,0.473726
28398,0.473726
28399,0.473726
28400,0.473726
28401,0.473726
28402,0.473726
28403,0.473726
28404,0.473726
28405,0.473726
28406,0.473726
28407,0.473726
28408,0.473726
28409,0.473726
28410,0.473726
28411,0.473726
28412,0.473726
28413,0.473726
28414,0.473726
28415,0.473726
28416,0.473726
28417,0.473726
28418,0.473726
28419,0.473726
28420,0.473726
28421,0.473726
28422,0.473726
28423,0.473726
28424,0.473726
28425,0.473726
28426,0.473726
28427,0.473726
28428,0.473726
28429,0.473726
28430,0.473726
28431,0.473726
28432,0.473726
28433,0.473726
28434,0.473726
28435,0.473726
28436,0.473726
28437,0.473726
28438,0.473726
28439,0.473726
28440,0.473726
28441,0.473726
28442,0.473726
28443,0.473726
28444,0.473726
28445,0.473726
28446,0.473726
28447,0.473726
28448,0.473726
28449,0.473726
28450,0.473726
28451,0.473726
28452,0.473726
28453,0.473726
28454,0.473726
28455,0.473726
28456,0.473726
28457,0.473726
28458,0.473726
28459,0.473726
28460,0.473726
28461,0.473726
28462,0.473726
28463,0.473726
28464,0.473726
28465,0.473726
28466,0.473726
28467,0.473726
28468,0.473726
28469,0.473726
28470,0.473726
28471,0.473726
28472,0.473726
28473,0.473726
28474,0.473726
28475,0.473726
28476,0.473726
28477,0.473726
28478,0.473726
28479,0.473726
28480,0.473726
28481,0.473726
28482,0.473726
28483,0.473726
28484,0.473726
28485,0.473726
28486,0.473726
28487,0.473726
28488,0.473726
28489,0.473726
28490,0.473726
28491,0.473726
28492,0.473726
28493,0.473726
28494,0.473726
28495,0.473726
28496,0.473726
28497,0.473726
28498,0.473726
28499,0.473726
28500,0.473726
28501,0.473726
28502,0.473726
28503,0.473726
28504,0.473726
28505,0.473726
28506,0.473726
28507,0.473726
28508,0.473726
28509,0.473726
28510,0.473726
28511,0.473726
28512,0.473726
28513,0.473726
28514,0.473726
28515,0.473726
28516,0.473726
28517,0.473726
28518,0.473726
28519,0.473726
28520,0.473726
28521,0.473726
28522,0.473726
28523,0.473726
28524,0.473726
28525,0.473726
28526,0.473726
28527,0.473726
28528,0.473726
28529,0.473726
28530,0.473726
28531,0.473726
28532,0.473726
28533,0.473726
28534,0.473726
28535,0.473726
28536,0.473726
28537,0.473726
28538,0.473726
28539,0.473726
28540,0.473726
28541,0.473726
28542,0.473726
28543,0.473726
28544,0.473726
28545,0.473726
28546,0.473726
28547,0.473726
28548,0.473726
28549,0.473726
28550,0.473726
28551,0.473726
28552,0.473726
28553,0.473726
28554,0.473726
28555,0.473726
28556,0.473726
28557,0.473726
28558,0.473726
28559,0.473726
28560,0.473726
28561,0.473726
28562,0.473726
28563,0.473726
28564,0.473726
28565,0.473726
28566,0.473726
28567,0.473726
28568,0.473726
28569,0.473726
28570,0.473726
28571,0.473726
28572,0.473726
28573,0.473726
28574,0.473726
28575,0.473726
28576,0.473726
28577,0.473726
28578,0.473726
28579,0.473726
28580,0.473726
28581,0.473726
28582,0.473726
28583,0.473726
28584,0.473726
28585,0.473726
28586,0.473726
28587,0.473726
28588,0.473726
28589,0.473726
28590,0.473726
28591,0.473726
28592,0.473726
28593,0.473726
28594,0.473726
28595,0.473726
28596,0.473726
28597,0.473726
28598,0.473726
28599,0.473726
28600,0.473726
28601,0.473726
28602,0.473726
28603,0.473726
28604,0.473726
28605,0.473726
28606,0.473726
28607,0.473726
28608,0.473726
28609,0.473726
28610,0.473726
28611,0.473726
28612,0.473726
28613,0.473726
28614,0.473726
28615,0.473726
28616,0.473726
28617,0.473726
28618,0.473726
28619,0.473726
28620,0.473726
28621,0.473726
28622,0.473726
28623,0.473726
28624,0.473726
28625,0.473726
28626,0.473726
28627,0.473726
28628,0.473726
28629,0.473726
28630,0.473726
28631,0.473726
28632,0.473726
28633,0.473726
28634,0.473726
28635,0.473726
28636,0.473726
28637,0.473726
28638,0.473726
28639,0.473726
28640,0.473726
28641,0.473726
28642,0.473726
28643,0.473726
28644,0.473726
28645,0.473726
28646,0.473726
28647,0.473726
28648,0.473726
28649,0.473726
28650,0.473726
28651,0.473726
28652,0.473726
28653,0.473726
28654,0.473726
28655,0.473726
28656,0.473726
28657,0.473726
28658,0.473726
28659,0.473726
28660,0.473726
28661,0.473726
28662,0.473726
28663,0.473726
28664,0.473726
28665,0.473726
28666,0.473726
28667,0.473726
28668,0.473726
28669,0.473726
28670,0.473726
28671,0.473726
28672,0.473726
28673,0.473726
28674,0.473726
28675,0.473726
28676,0.473726
28677,0.473726
28678,0.473726
28679,0.473726
28680,0.473726
28681,0.473726
28682,0.473726
28683,0.473726
28684,0.473726
28685,0.473726
28686,0.473726
28687,0.473726
28688,0.473726
28689,0.473726
28690,0.473726
28691,0.473726
28692,0.473726
28693,0.473726
28694,0.473726
28695,0.473726
28696,0.473726
28697,0.473726
28698,0.473726
28699,0.473726
28700,0.473726
28701,0.473726
28702,0.473726
28703,0.473726
28704,0.473726
28705,0.473726
28706,0.473726
28707,0.473726
28708,0.473726
28709,0.473726
28710,0.473726
28711,0.473726
28712,0.473726
28713,0.473726
28714,0.473726
28715,0.473726
28716,0.473726
28717,0.473726
28718,0.473726
28719,0.473726
28720,0.473726
28721,0.473726
28722,0.473726
28723,0.473726
28724,0.473726
28725,0.473726
28726,0.473726
28727,0.473726
28728,0.473726
28729,0.473726
28730,0.473726
28731,0.473726
28732,0.473726
28733,0.473726
28734,0.473726
28735,0.473726
28736,0.473726
28737,0.473726
28738,0.473726
28739,0.473726
28740,0.473726
28741,0.473726
28742,0.473726
28743,0.473726
28744,0.473726
28745,0.473726
28746,0.473726
28747,0.473726
28748,0.473726
28749,0.473726
28750,0.473726
28751,0.473726
28752,0.473726
28753,0.473726
28754,0.473726
28755,0.473726
28756,0.473726
28757,0.473726
28758,0.473726
28759,0.473726
28760,0.473726
28761,0.473726
28762,0.473726
28763,0.473726
28764,0.473726
28765,0.473726
28766,0.473726
28767,0.473726
28768,0.473726
28769,0.473726
28770,0.473726
28771,0.473726
28772,0.473726
28773,0.473726
28774,0.473726
28775,0.473726
28776,0.473726
28777,0.473726
28778,0.473726
28779,0.473726
28780,0.473726
28781,0.473726
28782,0.473726
28783,0.473726
28784,0.473726
28785,0.473726
28786,0.473726
28787,0.473726
28788,0.473726
28789,0.473726
28790,0.473726
28791,0.473726
28792,0.473726
28793,0.473726
28794,0.473726
28795,0.473726
28796,0.473726
28797,0.473726
28798,0.473726
28799,0.473726
28800,0.473726
28801,0.473726
28802,0.473726
28803,0.473726
28804,0.473726
28805,0.473726
28806,0.473726
28807,0.473726
28808,0.473726
28809,0.473726
28810,0.473726
28811,0.473726
28812,0.473726
28813,0.473726
28814,0.473726
28815,0.473726
28816,0.473726
28817,0.473726
28818,0.473726
28819,0.473726
28820,0.473726
28821,0.473726
28822,0.473726
28823,0.473726
28824,0.473726
28825,0.473726
28826,0.473726
28827,0.473726
28828,0.473726
28829,0.473726
28830,0.473726
28831,0.473726
28832,0.473726
28833,0.473726
28834,0.473726
28835,0.473726
28836,0.473726
28837,0.473726
28838,0.473726
28839,0.473726
28840,0.473726
28841,0.473726
28842,0.473726
28843,0.473726
28844,0.473726
28845,0.473726
28846,0.473726
28847,0.473726
28848,0.473726
28849,0.473726
28850,0.473726
28851,0.473726
28852,0.473726
28853,0.473726
28854,0.473726
28855,0.473726
28856,0.473726
28857,0.473726
28858,0.473726
28859,0.473726
28860,0.473726
28861,0.473726
28862,0.473726
28863,0.473726
28864,0.473726
28865,0.473726
28866,0.473726
28867,0.473726
28868,0.473726
28869,0.473726
28870,0.473726
28871,0.473726
28872,0.473726
28873,0.473726
28874,0.473726
28875,0.473726
28876,0.473726
28877,0.473726
28878,0.473726
28879,0.473726
28880,0.473726
28881,0.473726
28882,0.473726
28883,0.473726
28884,0.473726
28885,0.473726
28886,0.473726
28887,0.473726
28888,0.473726
28889,0.473726
28890,0.473726
28891,0.473726
28892,0.473726
28893,0.473726
28894,0.473726
28895,0.473726
28896,0.473726
28897,0.473726
28898,0.473726
28899,0.473726
28900,0.473726
28901,0.473726
28902,0.473726
28903,0.473726
28904,0.473726
28905,0.473726
28906,0.473726
28907,0.473726
28908,0.473726
28909,0.473726
28910,0.473726
28911,0.473726
28912,0.473726
28913,0.473726
28914,0.473726
28915,0.473726
28916,0.473726
28917,0.473726
28918,0.473726
28919,0.473726
28920,0.473726
28921,0.473726
28922,0.473726
28923,0.473726
28924,0.473726
28925,0.473726
28926,0.473726
28927,0.473726
28928,0.473726
28929,0.473726
28930,0.473726
28931,0.473726
28932,0.473726
28933,0.473726
28934,0.473726
28935,0.473726
28936,0.473726
28937,0.473726
28938,0.473726
28939,0.473726
28940,0.473726
28941,0.473726
28942,0.473726
28943,0.473726
28944,0.473726
28945,0.473726
28946,0.473726
28947,0.473726
28948,0.473726
28949,0.473726
28950,0.473726
28951,0.473726
28952,0.473726
28953,0.473726
28954,0.473726
28955,0.473726
28956,0.473726
28957,0.473726
28958,0.473726
28959,0.473726
28960,0.473726
28961,0.473726
28962,0.473726
28963,0.473726
28964,0.473726
28965,0.473726
28966,0.473726
28967,0.473726
28968,0.473726
28969,0.473726
28970,0.473726
28971,0.473726
28972,0.473726
28973,0.473726
28974,0.473726
28975,0.473726
28976,0.473726
28977,0.473726
28978,0.473726
28979,0.473726
28980,0.473726
28981,0.473726
28982,0.473726
28983,0.473726
28984,0.473726
28985,0.473726
28986,0.473726
28987,0.473726
28988,0.473726
28989,0.473726
28990,0.473726
28991,0.473726
28992,0.473726
28993,0.473726
28994,0.473726
28995,0.473726
28996,0.473726
28997,0.473726
28998,0.473726
28999,0.473726
29000,0.473726
29001,0.473726
29002,0.473726
29003,0.473726
29004,0.473726
29005,0.473726
29006,0.473726
29007,0.473726
29008,0.473726
29009,0.473726
29010,0.473726
29011,0.473726
29012,0.473726
29013,0.473726
29014,0.473726
29015,0.473726
29016,0.473726
29017,0.473726
29018,0.473726
29019,0.473726
29020,0.473726
29021,0.473726
29022,0.473726
29023,0.473726
29024,0.473726
29025,0.473642
29026,0.473726
29027,0.473726
29028,0.473726
29029,0.473726
29030,0.473726
29031,0.473726
29032,0.473726
29033,0.473726
29034,0.473726
29035,0.473726
29036,0.473726
29037,0.473726
29038,0.473726
29039,0.473726
29040,0.473726
29041,0.473726
29042,0.473726
29043,0.473726
29044,0.473726
29045,0.473726
29046,0.473726
29047,0.473726
29048,0.473726
29049,0.473726
29050,0.473726
29051,0.473726
29052,0.473726
29053,0.473726
29054,0.473726
29055,0.473726
29056,0.473726
29057,0.473726
29058,0.473726
29059,0.473726
29060,0.473726
29061,0.473726
29062,0.473726
29063,0.473726
29064,0.473726
29065,0.473726
29066,0.473726
29067,0.473726
29068,0.473726
29069,0.473726
29070,0.473726
29071,0.473726
29072,0.473726
29073,0.473726
29074,0.473726
29075,0.473726
29076,0.473726
29077,0.473726
29078,0.473726
29079,0.473726
29080,0.473726
29081,0.473726
29082,0.473726
29083,0.473726
29084,0.473726
29085,0.473726
29086,0.473726
29087,0.473726
29088,0.473726
29089,0.473726
29090,0.473726
29091,0.473726
29092,0.473726
29093,0.473726
29094,0.473726
29095,0.473726
29096,0.473726
29097,0.473726
29098,0.473726
29099,0.473726
29100,0.473726
29101,0.473726
29102,0.473726
29103,0.473726
29104,0.473726
29105,0.473726
29106,0.473726
29107,0.473726
29108,0.473726
29109,0.473726
29110,0.473726
29111,0.473726
29112,0.473726
29113,0.473726
29114,0.473726
29115,0.473726
29116,0.473726
29117,0.473726
29118,0.473726
29119,0.473726
29120,0.473726
29121,0.473726
29122,0.473726
29123,0.473726
29124,0.473726
29125,0.473726
29126,0.473726
29127,0.473726
29128,0.473726
29129,0.473726
29130,0.473726
29131,0.473726
29132,0.473726
29133,0.473726
29134,0.473726
29135,0.473726
29136,0.473726
29137,0.473726
29138,0.473726
29139,0.473726
29140,0.473726
29141,0.473726
29142,0.473726
29143,0.473726
29144,0.473726
29145,0.473726
29146,0.473726
29147,0.473726
29148,0.473726
29149,0.473726
29150,0.473726
29151,0.473726
29152,0.473726
29153,0.473726
29154,0.473726
29155,0.473726
29156,0.473726
29157,0.473726
29158,0.473726
29159,0.473726
29160,0.473726
29161,0.473726
29162,0.473726
29163,0.473726
29164,0.473726
29165,0.473726
29166,0.473726
29167,0.473726
29168,0.473726
29169,0.473726
29170,0.473726
29171,0.473726
29172,0.473726
29173,0.473726
29174,0.473726
29175,0.473726
29176,0.473726
29177,0.473726
29178,0.473726
29179,0.473726
29180,0.473726
29181,0.473726
29182,0.473726
29183,0.473726
29184,0.473726
29185,0.473726
29186,0.473726
29187,0.473726
29188,0.473726
29189,0.473726
29190,0.473726
29191,0.473726
29192,0.473726
29193,0.473726
29194,0.473726
29195,0.473726
29196,0.473726
29197,0.473726
29198,0.473726
29199,0.473726
29200,0.473726
29201,0.473726
29202,0.473726
29203,0.473726
29204,0.473726
29205,0.473726
29206,0.473726
29207,0.473726
29208,0.473726
29209,0.473726
29210,0.473726
29211,0.473726
29212,0.473726
29213,0.473726
29214,0.473726
29215,0.473726
29216,0.473726
29217,0.473726
29218,0.473726
29219,0.473726
29220,0.473726
29221,0.473726
29222,0.473726
29223,0.473726
29224,0.473726
29225,0.473726
29226,0.473726
29227,0.473726
29228,0.473726
29229,0.473726
29230,0.473726
29231,0.473726
29232,0.473726
29233,0.473726
29234,0.473726
29235,0.473726
29236,0.473726
29237,0.473726
29238,0.473726
29239,0.473726
29240,0.473726
29241,0.473726
29242,0.473726
29243,0.473726
29244,0.473726
29245,0.473726
29246,0.473726
29247,0.473726
29248,0.473726
29249,0.473726
29250,0.473726
29251,0.473726
29252,0.473726
29253,0.473726
29254,0.473726
29255,0.473726
29256,0.473726
29257,0.473726
29258,0.473726
29259,0.473726
29260,0.473726
29261,0.473726
29262,0.473726
29263,0.473726
29264,0.473726
29265,0.473726
29266,0.473726
29267,0.473726
29268,0.473726
29269,0.473726
29270,0.473726
29271,0.473726
29272,0.473726
29273,0.473726
29274,0.473726
29275,0.473726
29276,0.473726
29277,0.473726
29278,0.473726
29279,0.473726
29280,0.473726
29281,0.473726
29282,0.473726
29283,0.473726
29284,0.473726
29285,0.473726
29286,0.473726
29287,0.473726
29288,0.473726
29289,0.473726
29290,0.473726
29291,0.473726
29292,0.473726
29293,0.473726
29294,0.473726
29295,0.473726
29296,0.473726
29297,0.473726
29298,0.473726
29299,0.473726
29300,0.473726
29301,0.473726
29302,0.473726
29303,0.473726
29304,0.473726
29305,0.473726
29306,0.473726
29307,0.473726
29308,0.473726
29309,0.473726
29310,0.473726
29311,0.473726
29312,0.473726
29313,0.473726
29314,0.473726
29315,0.473726
29316,0.473726
29317,0.473726
29318,0.473726
29319,0.473726
29320,0.473726
29321,0.473726
29322,0.473726
29323,0.473726
29324,0.473726
29325,0.473726
29326,0.473726
29327,0.473726
29328,0.473726
29329,0.473726
29330,0.473726
29331,0.473726
29332,0.473726
29333,0.473726
29334,0.473726
29335,0.473726
29336,0.473726
29337,0.473726
29338,0.473726
29339,0.473726
29340,0.473726
29341,0.473726
29342,0.473726
29343,0.473726
29344,0.473726
29345,0.473726
29346,0.473726
29347,0.473726
29348,0.473726
29349,0.473726
29350,0.473726
29351,0.473726
29352,0.473726
29353,0.473726
29354,0.473726
29355,0.473726
29356,0.473726
29357,0.473726
29358,0.473726
29359,0.473726
29360,0.473726
29361,0.473726
29362,0.473726
29363,0.473726
29364,0.473726
29365,0.473726
29366,0.473726
29367,0.473726
29368,0.473726
29369,0.473726
29370,0.473726
29371,0.473726
29372,0.473726
29373,0.473726
29374,0.473726
29375,0.473726
29376,0.473726
29377,0.473726
29378,0.473726
29379,0.473726
29380,0.473726
29381,0.473726
29382,0.473726
29383,0.473726
29384,0.473726
29385,0.473726
29386,0.473726
29387,0.473726
29388,0.473726
29389,0.473726
29390,0.473726
29391,0.473726
29392,0.473726
29393,0.473726
29394,0.473726
29395,0.473726
29396,0.473726
29397,0.473726
29398,0.473726
29399,0.473726
29400,0.473726
29401,0.473726
29402,0.473726
29403,0.473726
29404,0.473726
29405,0.473726
29406,0.473726
29407,0.473726
29408,0.473726
29409,0.473726
29410,0.473726
29411,0.473726
29412,0.473726
29413,0.473726
29414,0.473726
29415,0.473726
29416,0.473726
29417,0.473726
29418,0.473726
29419,0.473726
29420,0.473726
29421,0.473726
29422,0.473726
29423,0.473726
29424,0.473726
29425,0.473726
29426,0.473726
29427,0.473726
29428,0.473726
29429,0.473726
29430,0.473726
29431,0.473726
29432,0.473726
29433,0.473726
29434,0.473726
29435,0.473726
29436,0.473726
29437,0.473726
29438,0.473726
29439,0.473726
29440,0.473726
29441,0.473726
29442,0.473726
29443,0.473726
29444,0.473726
29445,0.473726
29446,0.473726
29447,0.473726
29448,0.473726
29449,0.473726
29450,0.473726
29451,0.473726
29452,0.473726
29453,0.473726
29454,0.473726
29455,0.473726
29456,0.473726
29457,0.473726
29458,0.473726
29459,0.473726
29460,0.473726
29461,0.473726
29462,0.473726
29463,0.473726
29464,0.473726
29465,0.473726
29466,0.473726
29467,0.473726
29468,0.473726
29469,0.473726
29470,0.473726
29471,0.473726
29472,0.473726
29473,0.473726
29474,0.473726
29475,0.473726
29476,0.473726
29477,0.473726
29478,0.473726
29479,0.473726
29480,0.473726
29481,0.473726
29482,0.473726
29483,0.473726
29484,0.473726
29485,0.473726
29486,0.473726
29487,0.473726
29488,0.473726
29489,0.473726
29490,0.473726
29491,0.473726
29492,0.473726
29493,0.473726
29494,0.473726
29495,0.473726
29496,0.473726
29497,0.473726
29498,0.473726
29499,0.473726
29500,0.473726
29501,0.473726
29502,0.473726
29503,0.473726
29504,0.473726
29505,0.473726
29506,0.473726
29507,0.473726
29508,0.473726
29509,0.473726
29510,0.473726
29511,0.473726
29512,0.473726
29513,0.473726
29514,0.473726
29515,0.473726
29516,0.473726
29517,0.473726
29518,0.473726
29519,0.473726
29520,0.473726
29521,0.473726
29522,0.473726
29523,0.473726
29524,0.473726
29525,0.473726
29526,0.473726
29527,0.473726
29528,0.473726
29529,0.473726
29530,0.473726
29531,0.473726
29532,0.473726
29533,0.473726
29534,0.473726
29535,0.473726
29536,0.473726
29537,0.473726
29538,0.473726
29539,0.473726
29540,0.473726
29541,0.473726
29542,0.473726
29543,0.473726
29544,0.473726
29545,0.473726
29546,0.473726
29547,0.473726
29548,0.473726
29549,0.473726
29550,0.473726
29551,0.473726
29552,0.473726
29553,0.473726
29554,0.473726
29555,0.473726
29556,0.473726
29557,0.473726
29558,0.473726
29559,0.473726
29560,0.473726
29561,0.473726
29562,0.473726
29563,0.473726
29564,0.473726
29565,0.473726
29566,0.473726
29567,0.473726
29568,0.473726
29569,0.473726
29570,0.473726
29571,0.473726
29572,0.473726
29573,0.473726
29574,0.473726
29575,0.473726
29576,0.473726
29577,0.473726
29578,0.473726
29579,0.473726
29580,0.473726
29581,0.473726
29582,0.473726
29583,0.473726
29584,0.473726
29585,0.473726
29586,0.473726
29587,0.473726
29588,0.473726
29589,0.473726
29590,0.473726
29591,0.473726
29592,0.473726
29593,0.473726
29594,0.473726
29595,0.473726
29596,0.473726
29597,0.473726
29598,0.473726
29599,0.473726
29600,0.473726
29601,0.473726
29602,0.473726
29603,0.473726
29604,0.473726
29605,0.473726
29606,0.473726
29607,0.473726
29608,0.473726
29609,0.473726
29610,0.473726
29611,0.473726
29612,0.473726
29613,0.473726
29614,0.473726
29615,0.473726
29616,0.473726
29617,0.473726
29618,0.473726
29619,0.473726
29620,0.473726
29621,0.473726
29622,0.473726
29623,0.473726
29624,0.473726
29625,0.473726
29626,0.473726
29627,0.473726
29628,0.473726
29629,0.473726
29630,0.473726
29631,0.473726
29632,0.473726
29633,0.473726
29634,0.473726
29635,0.473726
29636,0.473726
29637,0.473726
29638,0.473726
29639,0.473726
29640,0.473726
29641,0.473726
29642,0.473726
29643,0.473726
29644,0.473726
29645,0.473726
29646,0.473726
29647,0.473726
29648,0.473726
29649,0.473726
29650,0.473726
29651,0.473726
29652,0.473726
29653,0.473726
29654,0.473726
29655,0.473726
29656,0.473726
29657,0.473726
29658,0.473726
29659,0.473726
29660,0.473726
29661,0.473726
29662,0.473726
29663,0.473726
29664,0.473726
29665,0.473726
29666,0.473726
29667,0.473726
29668,0.473726
29669,0.473726
29670,0.473726
29671,0.473726
29672,0.473726
29673,0.473726
29674,0.473726
29675,0.473726
29676,0.473726
29677,0.473726
29678,0.473726
29679,0.473726
29680,0.473726
29681,0.473726
29682,0.473726
29683,0.473726
29684,0.473726
29685,0.473726
29686,0.473726
29687,0.473726
29688,0.473726
29689,0.473726
29690,0.473726
29691,0.473726
29692,0.473726
29693,0.473726
29694,0.473726
29695,0.473726
29696,0.473726
29697,0.473726
29698,0.473726
29699,0.473726
29700,0.473726
29701,0.473726
29702,0.473726
29703,0.473726
29704,0.473726
29705,0.473726
29706,0.473726
29707,0.473726
29708,0.473726
29709,0.473726
29710,0.473726
29711,0.473726
29712,0.473726
29713,0.473726
29714,0.473726
29715,0.473726
29716,0.473726
29717,0.473726
29718,0.473726
29719,0.473726
29720,0.473726
29721,0.473726
29722,0.473726
29723,0.473726
29724,0.473726
29725,0.473726
29726,0.473726
29727,0.473726
29728,0.473726
29729,0.473726
29730,0.473726
29731,0.473726
29732,0.473726
29733,0.473726
29734,0.473726
29735,0.473726
29736,0.473726
29737,0.473726
29738,0.473726
29739,0.473726
29740,0.473726
29741,0.473726
29742,0.473726
29743,0.473726
29744,0.473726
29745,0.473726
29746,0.473726
29747,0.473726
29748,0.473726
29749,0.473726
29750,0.473726
29751,0.473726
29752,0.473726
29753,0.473726
29754,0.473726
29755,0.473726
29756,0.473726
29757,0.473726
29758,0.473726
29759,0.473726
29760,0.473726
29761,0.473726
29762,0.473726
29763,0.473726
29764,0.473726
29765,0.473726
29766,0.473726
29767,0.473726
29768,0.473726
29769,0.473726
29770,0.473726
29771,0.473726
29772,0.473726
29773,0.473726
29774,0.473726
29775,0.473726
29776,0.473726
29777,0.473726
29778,0.473726
29779,0.473726
29780,0.473726
29781,0.473726
29782,0.473726
29783,0.473726
29784,0.473726
29785,0.473726
29786,0.473726
29787,0.473726
29788,0.473726
29789,0.473726
29790,0.473726
29791,0.473726
29792,0.473726
29793,0.473726
29794,0.473726
29795,0.473726
29796,0.473726
29797,0.473726
29798,0.473726
29799,0.473726
29800,0.473726
29801,0.473726
29802,0.473726
29803,0.473726
29804,0.473726
29805,0.473726
29806,0.473726
29807,0.473726
29808,0.473726
29809,0.473726
29810,0.473726
29811,0.473726
29812,0.473726
29813,0.473726
29814,0.473726
29815,0.473726
29816,0.473726
29817,0.473726
29818,0.473726
29819,0.473726
29820,0.473726
29821,0.473726
29822,0.473726
29823,0.473726
29824,0.473726
29825,0.473726
29826,0.473726
29827,0.473726
29828,0.473726
29829,0.473726
29830,0.473726
29831,0.473726
29832,0.473726
29833,0.473726
29834,0.473726
29835,0.473726
29836,0.473726
29837,0.473726
29838,0.473726
29839,0.473726
29840,0.473726
29841,0.473726
29842,0.473726
29843,0.473726
29844,0.473726
29845,0.473726
29846,0.473726
29847,0.473726
29848,0.473726
29849,0.473726
29850,0.473726
29851,0.473726
29852,0.473726
29853,0.473726
29854,0.473726
29855,0.473726
29856,0.473726
29857,0.473726
29858,0.473726
29859,0.473726
29860,0.473726
29861,0.473726
29862,0.473726
29863,0.473726
29864,0.473726
29865,0.473726
29866,0.473726
29867,0.473726
29868,0.473726
29869,0.473726
29870,0.473726
29871,0.473726
29872,0.473726
29873,0.473726
29874,0.473726
29875,0.473726
29876,0.473726
29877,0.473726
29878,0.473726
29879,0.473726
29880,0.473726
29881,0.473726
29882,0.473726
29883,0.473726
29884,0.473726
29885,0.473726
29886,0.473726
29887,0.473726
29888,0.473726
29889,0.473726
29890,0.473726
29891,0.473726
29892,0.473726
29893,0.473726
29894,0.473726
29895,0.473726
29896,0.473726
29897,0.473726
29898,0.473726
29899,0.473726
29900,0.473726
29901,0.473726
29902,0.473726
29903,0.473726
29904,0.473726
29905,0.473726
29906,0.473726
29907,0.473726
29908,0.473726
29909,0.473726
29910,0.473726
29911,0.473726
29912,0.473726
29913,0.473726
29914,0.473726
29915,0.473726
29916,0.473726
29917,0.473726
29918,0.473726
29919,0.473726
29920,0.473726
29921,0.473726
29922,0.473726
29923,0.473726
29924,0.473726
29925,0.473726
29926,0.473726
29927,0.473726
29928,0.473726
29929,0.473726
29930,0.473726
29931,0.473726
29932,0.473726
29933,0.473726
29934,0.473726
29935,0.473726
29936,0.473726
29937,0.473726
29938,0.473726
29939,0.473726
29940,0.473726
29941,0.473726
29942,0.473726
29943,0.473726
29944,0.473726
29945,0.473726
29946,0.473726
29947,0.473726
29948,0.473726
29949,0.473726
29950,0.473726
29951,0.473726
29952,0.473726
29953,0.473726
29954,0.473726
29955,0.473726
29956,0.473726
29957,0.473726
29958,0.473726
29959,0.473726
29960,0.473726
29961,0.451353
29962,0.473726
29963,0.473726
29964,0.473726
29965,0.473726
29966,0.473726
29967,0.473726
29968,0.473726
29969,0.473726
29970,0.473726
29971,0.473726
29972,0.473726
29973,0.473726
29974,0.473726
29975,0.473726
29976,0.473726
29977,0.473726
29978,0.473726
29979,0.473726
29980,0.473726
29981,0.473726
29982,0.473726
29983,0.476917
29984,0.476917
29985,0.476917
29986,0.476917
29987,0.476917
29988,0.473726
29989,0.473726
29990,0.473726
29991,0.473726
29992,0.473726
29993,0.473726
29994,0.473726
29995,0.473726
29996,0.473726
29997,0.473726
29998,0.473726
29999,0.473726
30000,0.473726
30001,0.473726
30002,0.473726
30003,0.473726
30004,0.473726
30005,0.473726
30006,0.473726
30007,0.473726
30008,0.473726
30009,0.473726
30010,0.473726
30011,0.473726
30012,0.473726
30013,0.473726
30014,0.473726
30015,0.473726
30016,0.473726
30017,0.473726
30018,0.473726
30019,0.473726
30020,0.473726
30021,0.473726
30022,0.473726
30023,0.473726
30024,0.473726
30025,0.473726
30026,0.473726
30027,0.473726
30028,0.473726
30029,0.473726
30030,0.473726
30031,0.473726
30032,0.473726
30033,0.473726
30034,0.473726
30035,0.473726
30036,0.473726
30037,0.473726
30038,0.473726
30039,0.473726
30040,0.473726
30041,0.473726
30042,0.473726
30043,0.473726
30044,0.473726
30045,0.473726
30046,0.473726
30047,0.473726
30048,0.473726
30049,0.473726
30050,0.473726
30051,0.473726
30052,0.473726
30053,0.473726
30054,0.473726
30055,0.473726
30056,0.473726
30057,0.473726
30058,0.473726
30059,0.473726
30060,0.473726
30061,0.473726
30062,0.473726
30063,0.473726
30064,0.473726
30065,0.473726
30066,0.473726
30067,0.473726
30068,0.473726
30069,0.473726
30070,0.473726
30071,0.473726
30072,0.473726
30073,0.473726
30074,0.473726
30075,0.473726
30076,0.473726
30077,0.473726
30078,0.473726
30079,0.473726
30080,0.473726
30081,0.473726
30082,0.473726
30083,0.473726
30084,0.473726
30085,0.473726
30086,0.473726
30087,0.473726
30088,0.473726
30089,0.473726
30090,0.473726
30091,0.473726
30092,0.473726
30093,0.473726
30094,0.473726
30095,0.473726
30096,0.473726
30097,0.473726
30098,0.473726
30099,0.473726
30100,0.473726
30101,0.473726
30102,0.473726
30103,0.473726
30104,0.473726
30105,0.473726
30106,0.473726
30107,0.473726
30108,0.473726
30109,0.473726
30110,0.473726
30111,0.473726
30112,0.473726
30113,0.473726
30114,0.473726
30115,0.473726
30116,0.473726
30117,0.473726
30118,0.473726
30119,0.473726
30120,0.473726
30121,0.473726
30122,0.473726
30123,0.473726
30124,0.473726
30125,0.473726
30126,0.473726
30127,0.473726
30128,0.473726
30129,0.473726
30130,0.473726
30131,0.473726
30132,0.473726
30133,0.473726
30134,0.473726
30135,0.473726
30136,0.473726
30137,0.473726
30138,0.473726
30139,0.473726
30140,0.473726
30141,0.473726
30142,0.473726
30143,0.473726
30144,0.473726
30145,0.473726
30146,0.473726
30147,0.473726
30148,0.473726
30149,0.473726
30150,0.473726
30151,0.473726
30152,0.473726
30153,0.473726
30154,0.473726
30155,0.473726
30156,0.473726
30157,0.473726
30158,0.473726
30159,0.473726
30160,0.473726
30161,0.473726
30162,0.473726
30163,0.473726
30164,0.473726
30165,0.473726
30166,0.473726
30167,0.473726
30168,0.473726
30169,0.473726
30170,0.473726
30171,0.473726
30172,0.473726
30173,0.473726
30174,0.473726
30175,0.473726
30176,0.473726
30177,0.473726
30178,0.473726
30179,0.473726
30180,0.473726
30181,0.473726
30182,0.473726
30183,0.473726
30184,0.473726
30185,0.473726
30186,0.473726
30187,0.473726
30188,0.473726
30189,0.473726
30190,0.473726
30191,0.473726
30192,0.473726
30193,0.473726
30194,0.473726
30195,0.473726
30196,0.473726
30197,0.473726
30198,0.473726
30199,0.473726
30200,0.473726
30201,0.473726
30202,0.473726
30203,0.473726
30204,0.473726
30205,0.473726
30206,0.473726
30207,0.473726
30208,0.473726
30209,0.473726
30210,0.473726
30211,0.473726
30212,0.473726
30213,0.473726
30214,0.473726
30215,0.473726
30216,0.473726
30217,0.473726
30218,0.473726
30219,0.473726
30220,0.473726
30221,0.473726
30222,0.473726
30223,0.473726
30224,0.473726
30225,0.473726
30226,0.473726
30227,0.473726
30228,0.473726
30229,0.473726
30230,0.473726
30231,0.473726
30232,0.473726
30233,0.473726
30234,0.473726
30235,0.473726
30236,0.473726
30237,0.473726
30238,0.473726
30239,0.473726
30240,0.473726
30241,0.473726
30242,0.473726
30243,0.473726
30244,0.473726
30245,0.473726
30246,0.473726
30247,0.473726
30248,0.473726
30249,0.473726
30250,0.473726
30251,0.473726
30252,0.473726
30253,0.473726
30254,0.473726
30255,0.473726
30256,0.473726
30257,0.473726
30258,0.473726
30259,0.473726
30260,0.473726
30261,0.473726
30262,0.473726
30263,0.473726
30264,0.473726
30265,0.473726
30266,0.473726
30267,0.473726
30268,0.473726
30269,0.473726
30270,0.473726
30271,0.473726
30272,0.473726
30273,0.473726
30274,0.473726
30275,0.473726
30276,0.473726
30277,0.473726
30278,0.473726
30279,0.473726
30280,0.473726
30281,0.473726
30282,0.473726
30283,0.473726
30284,0.473726
30285,0.473726
30286,0.473726
30287,0.473726
30288,0.473726
30289,0.473726
30290,0.473726
30291,0.473726
30292,0.473726
30293,0.473726
30294,0.473726
30295,0.473726
30296,0.473726
30297,0.473726
30298,0.473726
30299,0.473726
30300,0.473726
30301,0.473726
30302,0.473726
30303,0.473726
30304,0.473726
30305,0.473726
30306,0.473726
30307,0.473726
30308,0.473726
30309,0.473726
30310,0.473726
30311,0.473726
30312,0.473726
30313,0.473726
30314,0.473726
30315,0.473726
30316,0.473726
30317,0.473726
30318,0.473726
30319,0.473726
30320,0.473726
30321,0.473726
30322,0.473726
30323,0.473726
30324,0.473726
30325,0.473726
30326,0.473726
30327,0.473726
30328,0.473726
30329,0.473726
30330,0.473726
30331,0.473726
30332,0.473726
30333,0.473726
30334,0.473726
30335,0.473726
30336,0.473726
30337,0.473726
30338,0.473726
30339,0.473726
30340,0.473726
30341,0.473726
30342,0.473726
30343,0.473726
30344,0.473726
30345,0.473726
30346,0.473726
30347,0.473726
30348,0.473726
30349,0.473726
30350,0.473726
30351,0.473726
30352,0.473726
30353,0.473726
30354,0.473726
30355,0.473726
30356,0.473726
30357,0.473726
30358,0.473726
30359,0.473726
30360,0.473726
30361,0.473726
30362,0.473726
30363,0.473726
30364,0.473726
30365,0.473726
30366,0.473726
30367,0.473726
30368,0.473726
30369,0.473726
30370,0.473726
30371,0.473726
30372,0.473726
30373,0.473726
30374,0.473726
30375,0.473726
30376,0.473726
30377,0.473726
30378,0.473726
30379,0.473726
30380,0.473726
30381,0.473726
30382,0.473726
30383,0.473726
30384,0.473726
30385,0.473726
30386,0.473726
30387,0.473726
30388,0.473726
30389,0.473726
30390,0.473726
30391,0.473726
30392,0.473726
30393,0.473726
30394,0.473726
30395,0.473726
30396,0.473726
30397,0.473726
30398,0.473726
30399,0.473726
30400,0.473726
30401,0.473726
30402,0.473726
30403,0.473726
30404,0.473726
30405,0.473726
30406,0.473726
30407,0.473726
30408,0.473726
30409,0.473726
30410,0.473726
30411,0.473726
30412,0.473726
30413,0.473726
30414,0.473726
30415,0.473726
30416,0.473726
30417,0.473726
30418,0.473726
30419,0.473726
30420,0.473726
30421,0.473726
30422,0.473726
30423,0.473726
30424,0.473726
30425,0.473726
30426,0.473726
30427,0.473726
30428,0.473726
30429,0.473726
30430,0.473726
30431,0.473726
30432,0.473726
30433,0.473726
30434,0.473726
30435,0.473726
30436,0.473726
30437,0.473726
30438,0.473726
30439,0.473726
30440,0.473726
30441,0.473726
30442,0.473726
30443,0.473726
30444,0.473726
30445,0.473726
30446,0.473726
30447,0.473726
30448,0.473726
30449,0.473726
30450,0.473726
30451,0.473726
30452,0.473726
30453,0.473726
30454,0.473726
30455,0.473726
30456,0.473726
30457,0.473726
30458,0.473726
30459,0.473726
30460,0.473726
30461,0.473726
30462,0.473726
30463,0.473726
30464,0.473726
30465,0.473726
30466,0.473726
30467,0.473726
30468,0.473726
30469,0.473726
30470,0.473726
30471,0.473726
30472,0.473726
30473,0.473726
30474,0.473726
30475,0.473726
30476,0.473726
30477,0.473726
30478,0.473726
30479,0.473726
30480,0.473726
30481,0.473726
30482,0.473726
30483,0.473726
30484,0.473726
30485,0.473726
30486,0.473726
30487,0.473726
30488,0.473726
30489,0.473726
30490,0.473726
30491,0.473726
30492,0.473726
30493,0.473726
30494,0.473726
30495,0.473726
30496,0.473726
30497,0.473726
30498,0.473726
30499,0.473726
30500,0.473726
30501,0.473726
30502,0.473726
30503,0.473726
30504,0.473726
30505,0.473726
30506,0.473726
30507,0.473726
30508,0.473726
30509,0.473726
30510,0.473726
30511,0.473726
30512,0.473726
30513,0.473726
30514,0.473726
30515,0.473726
30516,0.473726
30517,0.473726
30518,0.473726
30519,0.473726
30520,0.473726
30521,0.473726
30522,0.473726
30523,0.473726
30524,0.473726
30525,0.473726
30526,0.473726
30527,0.473726
30528,0.473726
30529,0.473726
30530,0.473726
30531,0.473726
30532,0.473726
30533,0.473726
30534,0.473726
30535,0.473726
30536,0.473726
30537,0.473726
30538,0.473726
30539,0.473726
30540,0.473726
30541,0.473726
30542,0.473726
30543,0.473726
30544,0.473726
30545,0.473726
30546,0.473726
30547,0.473726
30548,0.473726
30549,0.473726
30550,0.473726
30551,0.473726
30552,0.473726
30553,0.473726
30554,0.473726
30555,0.473726
30556,0.473726
30557,0.473726
30558,0.473726
30559,0.473726
30560,0.473726
30561,0.473726
30562,0.473726
30563,0.473726
30564,0.473726
30565,0.473726
30566,0.473726
30567,0.473726
30568,0.473726
30569,0.473726
30570,0.473726
30571,0.473726
30572,0.473726
30573,0.473726
30574,0.473726
30575,0.473726
30576,0.473726
30577,0.473726
30578,0.473726
30579,0.473726
30580,0.473726
30581,0.473726
30582,0.473726
30583,0.473726
30584,0.473726
30585,0.473726
30586,0.473726
30587,0.473726
30588,0.473726
30589,0.473726
30590,0.473726
30591,0.473726
30592,0.473726
30593,0.473726
30594,0.473726
30595,0.473726
30596,0.473726
30597,0.473726
30598,0.473726
30599,0.473726
30600,0.473726
30601,0.473726
30602,0.473726
30603,0.473726
30604,0.473726
30605,0.473726
30606,0.473726
30607,0.473726
30608,0.473726
30609,0.473726
30610,0.473726
30611,0.473726
30612,0.473726
30613,0.473726
30614,0.473726
30615,0.473726
30616,0.473726
30617,0.473726
30618,0.473726
30619,0.473726
30620,0.473726
30621,0.473726
30622,0.473726
30623,0.473726
30624,0.473726
30625,0.473726
30626,0.473726
30627,0.473726
30628,0.473726
30629,0.473726
30630,0.473726
30631,0.473726
30632,0.473726
30633,0.473726
30634,0.473726
30635,0.473726
30636,0.473726
30637,0.473726
30638,0.473726
30639,0.473726
30640,0.473726
30641,0.473726
30642,0.473726
30643,0.473726
30644,0.473726
30645,0.473726
30646,0.473726
30647,0.473726
30648,0.473726
30649,0.473726
30650,0.473726
30651,0.473726
30652,0.473726
30653,0.473726
30654,0.473726
30655,0.473726
30656,0.473726
30657,0.473726
30658,0.467729
30659,0.467729
30660,0.467729
30661,0.467729
30662,0.467729
30663,0.473726
30664,0.473726
30665,0.473726
30666,0.473726
30667,0.473726
30668,0.473726
30669,0.473726
30670,0.473726
30671,0.473726
30672,0.473726
30673,0.473726
30674,0.473726
30675,0.473726
30676,0.473726
30677,0.473726
30678,0.473726
30679,0.473726
30680,0.473726
30681,0.473726
30682,0.473726
30683,0.473726
30684,0.473726
30685,0.473726
30686,0.473726
30687,0.473726
30688,0.473726
30689,0.473726
30690,0.473726
30691,0.473726
30692,0.473726
30693,0.473726
30694,0.473726
30695,0.473726
30696,0.473726
30697,0.473726
30698,0.473726
30699,0.473726
30700,0.473726
30701,0.473726
30702,0.473726
30703,0.473726
30704,0.473726
30705,0.473726
30706,0.473726
30707,0.473726
30708,0.473726
30709,0.473726
30710,0.473726
30711,0.473726
30712,0.473726
30713,0.473726
30714,0.473726
30715,0.473726
30716,0.473726
30717,0.473726
30718,0.473726
30719,0.473726
30720,0.473726
30721,0.473726
30722,0.473726
30723,0.473726
30724,0.473726
30725,0.473726
30726,0.473726
30727,0.473726
30728,0.473726
30729,0.473726
30730,0.473726
30731,0.473726
30732,0.473726
30733,0.473726
30734,0.473726
30735,0.473726
30736,0.473726
30737,0.473726
30738,0.473726
30739,0.473726
30740,0.473726
30741,0.473726
30742,0.473726
30743,0.473726
30744,0.473726
30745,0.473726
30746,0.473726
30747,0.473726
30748,0.473726
30749,0.473726
30750,0.473726
30751,0.473726
30752,0.473726
30753,0.473726
30754,0.473726
30755,0.473726
30756,0.473726
30757,0.473726
30758,0.473726
30759,0.473726
30760,0.473726
30761,0.473726
30762,0.473726
30763,0.473726
30764,0.473726
30765,0.473726
30766,0.473726
30767,0.473726
30768,0.473726
30769,0.473726
30770,0.473726
30771,0.473726
30772,0.473726
30773,0.473726
30774,0.473726
30775,0.473726
30776,0.473726
30777,0.473726
30778,0.473726
30779,0.473726
30780,0.473726
30781,0.473726
30782,0.473726
30783,0.473726
30784,0.473726
30785,0.473726
30786,0.473726
30787,0.473726
30788,0.473726
30789,0.473726
30790,0.473726
30791,0.473726
30792,0.473726
30793,0.473726
30794,0.473726
30795,0.473726
30796,0.473726
30797,0.473726
30798,0.473726
30799,0.473726
30800,0.473726
30801,0.473726
30802,0.473726
30803,0.473726
30804,0.473726
30805,0.473726
30806,0.473726
30807,0.473726
30808,0.473726
30809,0.473726
30810,0.473726
30811,0.473726
30812,0.473726
30813,0.473726
30814,0.473726
30815,0.473726
30816,0.473726
30817,0.473726
30818,0.473726
30819,0.473726
30820,0.473726
30821,0.473726
30822,0.473726
30823,0.473726
30824,0.473726
30825,0.473726
30826,0.473726
30827,0.473726
30828,0.473726
30829,0.473726
30830,0.473726
30831,0.473726
30832,0.473726
30833,0.473726
30834,0.473726
30835,0.473726
30836,0.473726
30837,0.473726
30838,0.473726
30839,0.473726
30840,0.473726
30841,0.473726
30842,0.473726
30843,0.473726
30844,0.473726
30845,0.473726
30846,0.473726
30847,0.473726
30848,0.473726
30849,0.473726
30850,0.473726
30851,0.473726
30852,0.473726
30853,0.473726
30854,0.473726
30855,0.473726
30856,0.473726
30857,0.473726
30858,0.473726
30859,0.473726
30860,0.473726
30861,0.473726
30862,0.473726
30863,0.473726
30864,0.473726
30865,0.473726
30866,0.473726
30867,0.473726
30868,0.473726
30869,0.473726
30870,0.473726
30871,0.473726
30872,0.473726
30873,0.473726
30874,0.473726
30875,0.473726
30876,0.473726
30877,0.473726
30878,0.473726
30879,0.473726
30880,0.473726
30881,0.473726
30882,0.473726
30883,0.473726
30884,0.473726
30885,0.473726
30886,0.473726
30887,0.473726
30888,0.473726
30889,0.473726
30890,0.473726
30891,0.473726
30892,0.473726
30893,0.473726
30894,0.473726
30895,0.473726
30896,0.473726
30897,0.473726
30898,0.473726
30899,0.473726
30900,0.473726
30901,0.473726
30902,0.473726
30903,0.473726
30904,0.473726
30905,0.473726
30906,0.473726
30907,0.473726
30908,0.473726
30909,0.473726
30910,0.473726
30911,0.473726
30912,0.473726
30913,0.473726
30914,0.473726
30915,0.473726
30916,0.473726
30917,0.473726
30918,0.473726
30919,0.473726
30920,0.473726
30921,0.473726
30922,0.473726
30923,0.473726
30924,0.473726
30925,0.473726
30926,0.473726
30927,0.473726
30928,0.473726
30929,0.473726
30930,0.473726
30931,0.473726
30932,0.473726
30933,0.473726
30934,0.473726
30935,0.473726
30936,0.473726
30937,0.473726
30938,0.473726
30939,0.473726
30940,0.473726
30941,0.473726
30942,0.473726
30943,0.473726
30944,0.473726
30945,0.473726
30946,0.473726
30947,0.473726
30948,0.473726
30949,0.473726
30950,0.473726
30951,0.473726
30952,0.473726
30953,0.473726
30954,0.473726
30955,0.473726
30956,0.473726
30957,0.473726
30958,0.473726
30959,0.473726
30960,0.473726
30961,0.473726
30962,0.473726
30963,0.473726
30964,0.473726
30965,0.473726
30966,0.473726
30967,0.473726
30968,0.473726
30969,0.473726
30970,0.473726
30971,0.473726
30972,0.473726
30973,0.473726
30974,0.473726
30975,0.473726
30976,0.473726
30977,0.473726
30978,0.473726
30979,0.473726
30980,0.473726
30981,0.473726
30982,0.473726
30983,0.473726
30984,0.473726
30985,0.473726
30986,0.473726
30987,0.473726
30988,0.473726
30989,0.473726
30990,0.473726
30991,0.473726
30992,0.473726
30993,0.473726
30994,0.473726
30995,0.473726
30996,0.473726
30997,0.473726
30998,0.473726
30999,0.473726
31000,0.473726
31001,0.473726
31002,0.473726
31003,0.473726
31004,0.473726
31005,0.473726
31006,0.473726
31007,0.473726
31008,0.473726
31009,0.473726
31010,0.473726
31011,0.473726
31012,0.473726
31013,0.473726
31014,0.473726
31015,0.473726
31016,0.473726
31017,0.473726
31018,0.473726
31019,0.473726
31020,0.473726
31021,0.473726
31022,0.473726
31023,0.473726
31024,0.473726
31025,0.473726
31026,0.473726
31027,0.473726
31028,0.473726
31029,0.473726
31030,0.473726
31031,0.473726
31032,0.473726
31033,0.473726
31034,0.473726
31035,0.473726
31036,0.473726
31037,0.473726
31038,0.473726
31039,0.473726
31040,0.473726
31041,0.473726
31042,0.473726
31043,0.473726
31044,0.473726
31045,0.473726
31046,0.473726
31047,0.473726
31048,0.473726
31049,0.473726
31050,0.473726
31051,0.473726
31052,0.473726
31053,0.473726
31054,0.473726
31055,0.473726
31056,0.473726
31057,0.473726
31058,0.473726
31059,0.473726
31060,0.473726
31061,0.473726
31062,0.473726
31063,0.473726
31064,0.473726
31065,0.473726
31066,0.473726
31067,0.473726
31068,0.473726
31069,0.473726
31070,0.473726
31071,0.473726
31072,0.473726
31073,0.473726
31074,0.473726
31075,0.473726
31076,0.473726
31077,0.473726
31078,0.473726
31079,0.473726
31080,0.473726
31081,0.473726
31082,0.473726
31083,0.473726
31084,0.473726
31085,0.473726
31086,0.473726
31087,0.473726
31088,0.473726
31089,0.473726
31090,0.473726
31091,0.473726
31092,0.473726
31093,0.473726
31094,0.473726
31095,0.473726
31096,0.473726
31097,0.473726
31098,0.473726
31099,0.473726
31100,0.473726
31101,0.473726
31102,0.473726
31103,0.473726
31104,0.473726
31105,0.473726
31106,0.473726
31107,0.473726
31108,0.473726
31109,0.473726
31110,0.473726
31111,0.473726
31112,0.473726
31113,0.473726
31114,0.473726
31115,0.473726
31116,0.473726
31117,0.473726
31118,0.473726
31119,0.473726
31120,0.473726
31121,0.473726
31122,0.473726
31123,0.473726
31124,0.473726
31125,0.473726
31126,0.473726
31127,0.473726
31128,0.473726
31129,0.473726
31130,0.473726
31131,0.473726
31132,0.473726
31133,0.473726
31134,0.473726
31135,0.473726
31136,0.473726
31137,0.473726
31138,0.473726
31139,0.473726
31140,0.473726
31141,0.473726
31142,0.473726
31143,0.473726
31144,0.473726
31145,0.473726
31146,0.473726
31147,0.473726
31148,0.473726
31149,0.473726
31150,0.473726
31151,0.473726
31152,0.473726
31153,0.473726
31154,0.473726
31155,0.473726
31156,0.473726
31157,0.473726
31158,0.473726
31159,0.473726
31160,0.473726
31161,0.473726
31162,0.473726
31163,0.473726
31164,0.473726
31165,0.473726
31166,0.473726
31167,0.473726
31168,0.473726
31169,0.473726
31170,0.473726
31171,0.467153
31172,0.473726
31173,0.473726
31174,0.473726
31175,0.473726
31176,0.473726
31177,0.473726
31178,0.473726
31179,0.473726
31180,0.473726
31181,0.473726
31182,0.473726
31183,0.473726
31184,0.473726
31185,0.473726
31186,0.473726
31187,0.473726
31188,0.473726
31189,0.473726
31190,0.473726
31191,0.473726
31192,0.473726
31193,0.473726
31194,0.473726
31195,0.473726
31196,0.473726
31197,0.473726
31198,0.473726
31199,0.473726
31200,0.473726
31201,0.473726
31202,0.473726
31203,0.473726
31204,0.473726
31205,0.473726
31206,0.473726
31207,0.473726
31208,0.473726
31209,0.473726
31210,0.473726
31211,0.473726
31212,0.473726
31213,0.473726
31214,0.473726
31215,0.473726
31216,0.473726
31217,0.473726
31218,0.473726
31219,0.473726
31220,0.473726
31221,0.473726
31222,0.473726
31223,0.473726
31224,0.473726
31225,0.473726
31226,0.473726
31227,0.473726
31228,0.473726
31229,0.473726
31230,0.473726
31231,0.473726
31232,0.473726
31233,0.473726
31234,0.473726
31235,0.473726
31236,0.473726
31237,0.473726
31238,0.473726
31239,0.473726
31240,0.473726
31241,0.473726
31242,0.473726
31243,0.473726
31244,0.473726
31245,0.473726
31246,0.473726
31247,0.473726
31248,0.473726
31249,0.473726
31250,0.473726
31251,0.473726
31252,0.473726
31253,0.473726
31254,0.473726
31255,0.473726
31256,0.473726
31257,0.473726
31258,0.473726
31259,0.473726
31260,0.473726
31261,0.473726
31262,0.473726
31263,0.473726
31264,0.473726
31265,0.473726
31266,0.473726
31267,0.473726
31268,0.473726
31269,0.473726
31270,0.473726
31271,0.473726
31272,0.473726
31273,0.473726
31274,0.473726
31275,0.473726
31276,0.473726
31277,0.473726
31278,0.473726
31279,0.473726
31280,0.473726
31281,0.473726
31282,0.473726
31283,0.473726
31284,0.473726
31285,0.473726
31286,0.473726
31287,0.473726
31288,0.473726
31289,0.473726
31290,0.473726
31291,0.473726
31292,0.473726
31293,0.473726
31294,0.473726
31295,0.473726
31296,0.473726
31297,0.473726
31298,0.473726
31299,0.473726
31300,0.473726
31301,0.473726
31302,0.473726
31303,0.473726
31304,0.473726
31305,0.473726
31306,0.473726
31307,0.473726
31308,0.473726
31309,0.473726
31310,0.473726
31311,0.473726
31312,0.473726
31313,0.473726
31314,0.473726
31315,0.473726
31316,0.473726
31317,0.473726
31318,0.473726
31319,0.473726
31320,0.473726
31321,0.473726
31322,0.473726
31323,0.473726
31324,0.473726
31325,0.473726
31326,0.473726
31327,0.473726
31328,0.473726
31329,0.473726
31330,0.473726
31331,0.473726
31332,0.473726
31333,0.473726
31334,0.473726
31335,0.473726
31336,0.473726
31337,0.473726
31338,0.473726
31339,0.473726
31340,0.473726
31341,0.473726
31342,0.473726
31343,0.473726
31344,0.473726
31345,0.473726
31346,0.473726
31347,0.473726
31348,0.473726
31349,0.473726
31350,0.473726
31351,0.473726
31352,0.473726
31353,0.473726
31354,0.473726
31355,0.473726
31356,0.473726
31357,0.473726
31358,0.473726
31359,0.473726
31360,0.473726
31361,0.473726
31362,0.473726
31363,0.473726
31364,0.473726
31365,0.473726
31366,0.473726
31367,0.473726
31368,0.473726
31369,0.473726
31370,0.473726
31371,0.473726
31372,0.473726
31373,0.473726
31374,0.473726
31375,0.473726
31376,0.473726
31377,0.473726
31378,0.473726
31379,0.473726
31380,0.473726
31381,0.473726
31382,0.473726
31383,0.473726
31384,0.473726
31385,0.473726
31386,0.473726
31387,0.473726
31388,0.473726
31389,0.473726
31390,0.473726
31391,0.473726
31392,0.473726
31393,0.473726
31394,0.473726
31395,0.473726
31396,0.473726
31397,0.473726
31398,0.473726
31399,0.473726
31400,0.473726
31401,0.473726
31402,0.473726
31403,0.473726
31404,0.473726
31405,0.473726
31406,0.473726
31407,0.473726
31408,0.473726
31409,0.473726
31410,0.473726
31411,0.473726
31412,0.473726
31413,0.473726
31414,0.473726
31415,0.473726
31416,0.473726
31417,0.473726
31418,0.473726
31419,0.473726
31420,0.473726
31421,0.473726
31422,0.473726
31423,0.473726
31424,0.473726
31425,0.473726
31426,0.473726
31427,0.473726
31428,0.473726
31429,0.473726
31430,0.473726
31431,0.473726
31432,0.473726
31433,0.473726
31434,0.473726
31435,0.473726
31436,0.473726
31437,0.473726
31438,0.473726
31439,0.473726
31440,0.473726
31441,0.473726
31442,0.473726
31443,0.473726
31444,0.473726
31445,0.473726
31446,0.473726
31447,0.473726
31448,0.473726
31449,0.473726
31450,0.473726
31451,0.473726
31452,0.473726
31453,0.473726
31454,0.473726
31455,0.473726
31456,0.473726
31457,0.473726
31458,0.473726
31459,0.473726
31460,0.473726
31461,0.473726
31462,0.473726
31463,0.473726
31464,0.473726
31465,0.473726
31466,0.473726
31467,0.473726
31468,0.473726
31469,0.473726
31470,0.473726
31471,0.473726
31472,0.473726
31473,0.473726
31474,0.473726
31475,0.473726
31476,0.473726
31477,0.473726
31478,0.473726
31479,0.473726
31480,0.473726
31481,0.473726
31482,0.473726
31483,0.473726
31484,0.473726
31485,0.473726
31486,0.473726
31487,0.473726
31488,0.473726
31489,0.473726
31490,0.473726
31491,0.473726
31492,0.473726
31493,0.473726
31494,0.473726
31495,0.473726
31496,0.473726
31497,0.473726
31498,0.473726
31499,0.473726
31500,0.473726
31501,0.473726
31502,0.473726
31503,0.473726
31504,0.473726
31505,0.473726
31506,0.473726
31507,0.473726
31508,0.473726
31509,0.473726
31510,0.473726
31511,0.473726
31512,0.473726
31513,0.473726
31514,0.473726
31515,0.473726
31516,0.473726
31517,0.473726
31518,0.473726
31519,0.473726
31520,0.473726
31521,0.473726
31522,0.473726
31523,0.473726
31524,0.473726
31525,0.473726
31526,0.473726
31527,0.473726
31528,0.473726
31529,0.473726
31530,0.473726
31531,0.473726
31532,0.473726
31533,0.473726
31534,0.473726
31535,0.473726
31536,0.473726
31537,0.473726
31538,0.473726
31539,0.473726
31540,0.473726
31541,0.473726
31542,0.473726
31543,0.473726
31544,0.473726
31545,0.473726
31546,0.473726
31547,0.473726
31548,0.473726
31549,0.473726
31550,0.473726
31551,0.473726
31552,0.473726
31553,0.473726
31554,0.473726
31555,0.473726
31556,0.473726
31557,0.473726
31558,0.473726
31559,0.473726
31560,0.473726
31561,0.473726
31562,0.473726
31563,0.473726
31564,0.473726
31565,0.473726
31566,0.473726
31567,0.473726
31568,0.473726
31569,0.473726
31570,0.473726
31571,0.473726
31572,0.473726
31573,0.473726
31574,0.473726
31575,0.473726
31576,0.473726
31577,0.473726
31578,0.473726
31579,0.473726
31580,0.473726
31581,0.473726
31582,0.473726
31583,0.473726
31584,0.473726
31585,0.473726
31586,0.473726
31587,0.473726
31588,0.473726
31589,0.473726
31590,0.473726
31591,0.473726
31592,0.473726
31593,0.473726
31594,0.473726
31595,0.473726
31596,0.473726
31597,0.473726
31598,0.473726
31599,0.473726
31600,0.473726
31601,0.473726
31602,0.473726
31603,0.473726
31604,0.473726
31605,0.473726
31606,0.473726
31607,0.473726
31608,0.473726
31609,0.473726
31610,0.473726
31611,0.473726
31612,0.473726
31613,0.473726
31614,0.473726
31615,0.473726
31616,0.473726
31617,0.473726
31618,0.473726
31619,0.473726
31620,0.473726
31621,0.473726
31622,0.473726
31623,0.473726
31624,0.473726
31625,0.473726
31626,0.473726
31627,0.473726
31628,0.473726
31629,0.473726
31630,0.473726
31631,0.473726
31632,0.473726
31633,0.473726
31634,0.473726
31635,0.473726
31636,0.473726
31637,0.473726
31638,0.473726
31639,0.473726
31640,0.473726
31641,0.473726
31642,0.473726
31643,0.473726
31644,0.473726
31645,0.473726
31646,0.473726
31647,0.473726
31648,0.473726
31649,0.473726
31650,0.473726
31651,0.473726
31652,0.473726
31653,0.473726
31654,0.473726
31655,0.473726
31656,0.473726
31657,0.473726
31658,0.473726
31659,0.473726
31660,0.473726
31661,0.473726
31662,0.473726
31663,0.473726
31664,0.473726
31665,0.473726
31666,0.473726
31667,0.473726
31668,0.473726
31669,0.473726
31670,0.473726
31671,0.473726
31672,0.473726
31673,0.473726
31674,0.473726
31675,0.473726
31676,0.473726
31677,0.473726
31678,0.473726
31679,0.473726
31680,0.473726
31681,0.473726
31682,0.473726
31683,0.473726
31684,0.473726
31685,0.473726
31686,0.473726
31687,0.473726
31688,0.473726
31689,0.473726
31690,0.473726
31691,0.473726
31692,0.473726
31693,0.473726
31694,0.473726
31695,0.473726
31696,0.473726
31697,0.473726
31698,0.473726
31699,0.473726
31700,0.473726
31701,0.473726
31702,0.473726
31703,0.473726
31704,0.473726
31705,0.473726
31706,0.473726
31707,0.473726
31708,0.473726
31709,0.473726
31710,0.473726
31711,0.473726
31712,0.473726
31713,0.473726
31714,0.473726
31715,0.473726
31716,0.473726
31717,0.473726
31718,0.473726
31719,0.473726
31720,0.473726
31721,0.473726
31722,0.473726
31723,0.473726
31724,0.473726
31725,0.473726
31726,0.473726
31727,0.473726
31728,0.473726
31729,0.473726
31730,0.473726
31731,0.473726
31732,0.473726
31733,0.473726
31734,0.473726
31735,0.473726
31736,0.473726
31737,0.473726
31738,0.473726
31739,0.473726
31740,0.473726
31741,0.473726
31742,0.473726
31743,0.473726
31744,0.473726
31745,0.473726
31746,0.473726
31747,0.473726
31748,0.473726
31749,0.473726
31750,0.473726
31751,0.473726
31752,0.473726
31753,0.473726
31754,0.473726
31755,0.473726
31756,0.473726
31757,0.473726
31758,0.473726
31759,0.473726
31760,0.473726
31761,0.473726
31762,0.473726
31763,0.473726
31764,0.473726
31765,0.473726
31766,0.473726
31767,0.473726
31768,0.473726
31769,0.473726
31770,0.473726
31771,0.473726
31772,0.473726
31773,0.473726
31774,0.473726
31775,0.473726
31776,0.473726
31777,0.473726
31778,0.473726
31779,0.473726
31780,0.473726
31781,0.473726
31782,0.473726
31783,0.473726
31784,0.473726
31785,0.473726
31786,0.473726
31787,0.473726
31788,0.473726
31789,0.473726
31790,0.473726
31791,0.473726
31792,0.473726
31793,0.473726
31794,0.473726
31795,0.473726
31796,0.473726
31797,0.473726
31798,0.473726
31799,0.473726
31800,0.473726
31801,0.473726
31802,0.473726
31803,0.473726
31804,0.473726
31805,0.473726
31806,0.473726
31807,0.473726
31808,0.473726
31809,0.473726
31810,0.473726
31811,0.473726
31812,0.473726
31813,0.473726
31814,0.473726
31815,0.473726
31816,0.473726
31817,0.473726
31818,0.473726
31819,0.473726
31820,0.473726
31821,0.473726
31822,0.473726
31823,0.473726
31824,0.473726
31825,0.473726
31826,0.473726
31827,0.473726
31828,0.473726
31829,0.473726
31830,0.473726
31831,0.473726
31832,0.473726
31833,0.473726
31834,0.473726
31835,0.473726
31836,0.473726
31837,0.473726
31838,0.473726
31839,0.473726
31840,0.473726
31841,0.473726
31842,0.473726
31843,0.473726
31844,0.473726
31845,0.473726
31846,0.473726
31847,0.473726
31848,0.473726
31849,0.473726
31850,0.473726
31851,0.473726
31852,0.473726
31853,0.473726
31854,0.473726
31855,0.473726
31856,0.473726
31857,0.473726
31858,0.473726
31859,0.473726
31860,0.473726
31861,0.473726
31862,0.473726
31863,0.473726
31864,0.473726
31865,0.473726
31866,0.473726
31867,0.473726
31868,0.473726
31869,0.473726
31870,0.473726
31871,0.473726
31872,0.473726
31873,0.473726
31874,0.473726
31875,0.473726
31876,0.473726
31877,0.473726
31878,0.473726
31879,0.473726
31880,0.473726
31881,0.473726
31882,0.473726
31883,0.473726
31884,0.473726
31885,0.473726
31886,0.473726
31887,0.473726
31888,0.473726
31889,0.473726
31890,0.473726
31891,0.473726
31892,0.473726
31893,0.473726
31894,0.473726
31895,0.473726
31896,0.473726
31897,0.473726
31898,0.473726
31899,0.473726
31900,0.473726
31901,0.473726
31902,0.473726
31903,0.473726
31904,0.473726
31905,0.473726
31906,0.473726
31907,0.473726
31908,0.473726
31909,0.473726
31910,0.473726
31911,0.473726
31912,0.473726
31913,0.473726
31914,0.473726
31915,0.473726
31916,0.473726
31917,0.473726
31918,0.473726
31919,0.473726
31920,0.473726
31921,0.473726
31922,0.473726
31923,0.473726
31924,0.473726
31925,0.473726
31926,0.473726
31927,0.473726
31928,0.473726
31929,0.473726
31930,0.473726
31931,0.473726
31932,0.473726
31933,0.473726
31934,0.473726
31935,0.473726
31936,0.473726
31937,0.473726
31938,0.473726
31939,0.473726
31940,0.473726
31941,0.473726
31942,0.473726
31943,0.473726
31944,0.473726
31945,0.473726
31946,0.473726
31947,0.473726
31948,0.473726
31949,0.473726
31950,0.473726
31951,0.473726
31952,0.473726
31953,0.473726
31954,0.473726
31955,0.473726
31956,0.473726
31957,0.473726
31958,0.473726
31959,0.473726
31960,0.473726
31961,0.473726
31962,0.473726
31963,0.473726
31964,0.473726
31965,0.473726
31966,0.473726
31967,0.473726
31968,0.473726
31969,0.473726
31970,0.473726
31971,0.473726
31972,0.473726
31973,0.473726
31974,0.473726
31975,0.473726
31976,0.473726
31977,0.473726
31978,0.473726
31979,0.473726
31980,0.473726
31981,0.473726
31982,0.473726
31983,0.473726
31984,0.473726
31985,0.473726
31986,0.473726
31987,0.473726
31988,0.473726
31989,0.473726
31990,0.473726
31991,0.473726
31992,0.473726
31993,0.473726
31994,0.473726
31995,0.473726
31996,0.473726
31997,0.473726
31998,0.473726
31999,0.473726
32000,0.473726
32001,0.473726
32002,0.473726
32003,0.473726
32004,0.473726
32005,0.473726
32006,0.473726
32007,0.473726
32008,0.473726
32009,0.473726
32010,0.473726
32011,0.473726
32012,0.473726
32013,0.473726
32014,0.473726
32015,0.473726
32016,0.473726
32017,0.473726
32018,0.473726
32019,0.473726
32020,0.473726
32021,0.473726
32022,0.473726
32023,0.473726
32024,0.473726
32025,0.473726
32026,0.473726
32027,0.473726
32028,0.473726
32029,0.473726
32030,0.473726
32031,0.473726
32032,0.473726
32033,0.473726
32034,0.473726
32035,0.473726
32036,0.473726
32037,0.473726
32038,0.473726
32039,0.473726
32040,0.473726
32041,0.473726
32042,0.473726
32043,0.473726
32044,0.473726
32045,0.473726
32046,0.473726
32047,0.473726
32048,0.473726
32049,0.473726
32050,0.473726
32051,0.473726
32052,0.473726
32053,0.473726
32054,0.473726
32055,0.473726
32056,0.473726
32057,0.473726
32058,0.473726
32059,0.473726
32060,0.473726
32061,0.473726
32062,0.473726
32063,0.473726
32064,0.473726
32065,0.473726
32066,0.473726
32067,0.473726
32068,0.473726
32069,0.473726
32070,0.473726
32071,0.473726
32072,0.473726
32073,0.473726
32074,0.473726
32075,0.473726
32076,0.473726
32077,0.473726
32078,0.473726
32079,0.473726
32080,0.473726
32081,0.473726
32082,0.473726
32083,0.473726
32084,0.473726
32085,0.473726
32086,0.473726
32087,0.473726
32088,0.473726
32089,0.473726
32090,0.473726
32091,0.473726
32092,0.473726
32093,0.473726
32094,0.473726
32095,0.473726
32096,0.473726
32097,0.473726
32098,0.473726
32099,0.473726
32100,0.473726
32101,0.473726
32102,0.473726
32103,0.473726
32104,0.473726
32105,0.473726
32106,0.473726
32107,0.473726
32108,0.473726
32109,0.473726
32110,0.473726
32111,0.473726
32112,0.473726
32113,0.473726
32114,0.473726
32115,0.473726
32116,0.473726
32117,0.473726
32118,0.473726
32119,0.473726
32120,0.473726
32121,0.473726
32122,0.473726
32123,0.473726
32124,0.473726
32125,0.473726
32126,0.473726
32127,0.473726
32128,0.473726
32129,0.473726
32130,0.473726
32131,0.473726
32132,0.469587
32133,0.469587
32134,0.469587
32135,0.469587
32136,0.473726
32137,0.473726
32138,0.473726
32139,0.473726
32140,0.473726
32141,0.473726
32142,0.473726
32143,0.473726
32144,0.473726
32145,0.473726
32146,0.473726
32147,0.473726
32148,0.473726
32149,0.473726
32150,0.473726
32151,0.473726
32152,0.473726
32153,0.473726
32154,0.473726
32155,0.473726
32156,0.473726
32157,0.473726
32158,0.473726
32159,0.473726
32160,0.473726
32161,0.473726
32162,0.473726
32163,0.473726
32164,0.473726
32165,0.473726
32166,0.473726
32167,0.473726
32168,0.473726
32169,0.473726
32170,0.473726
32171,0.473726
32172,0.473726
32173,0.473726
32174,0.473726
32175,0.473726
32176,0.473726
32177,0.470204
32178,0.470204
32179,0.473726
32180,0.473726
32181,0.473726
32182,0.473726
32183,0.473726
32184,0.473726
32185,0.473726
32186,0.473726
32187,0.473726
32188,0.473726
32189,0.473726
32190,0.473726
32191,0.473726
32192,0.473726
32193,0.473726
32194,0.473726
32195,0.473726
32196,0.473726
32197,0.473726
32198,0.473726
32199,0.473726
32200,0.473726
32201,0.473726
32202,0.473726
32203,0.473726
32204,0.473726
32205,0.473726
32206,0.473726
32207,0.473726
32208,0.473726
32209,0.473726
32210,0.473726
32211,0.473726
32212,0.473726
32213,0.473726
32214,0.473726
32215,0.473726
32216,0.473726
32217,0.473726
32218,0.473726
32219,0.473726
32220,0.473726
32221,0.473726
32222,0.473726
32223,0.473726
32224,0.473726
32225,0.473726
32226,0.473726
32227,0.473726
32228,0.473726
32229,0.473726
32230,0.473726
32231,0.473726
32232,0.473726
32233,0.473726
32234,0.473726
32235,0.473726
32236,0.473726
32237,0.473726
32238,0.473726
32239,0.473726
32240,0.473726
32241,0.473726
32242,0.473726
32243,0.473726
32244,0.473726
32245,0.473726
32246,0.473726
32247,0.473726
32248,0.473726
32249,0.473726
32250,0.473726
32251,0.473726
32252,0.473726
32253,0.473726
32254,0.473726
32255,0.473726
32256,0.473726
32257,0.473726
32258,0.473726
32259,0.473726
32260,0.473726
32261,0.473726
32262,0.473726
32263,0.473726
32264,0.473726
32265,0.473726
32266,0.473726
32267,0.473726
32268,0.473726
32269,0.473726
32270,0.473726
32271,0.473726
32272,0.473726
32273,0.473726
32274,0.473726
32275,0.473726
32276,0.473726
32277,0.473726
32278,0.473726
32279,0.473726
32280,0.473726
32281,0.473726
32282,0.473726
32283,0.473726
32284,0.473726
32285,0.473726
32286,0.473726
32287,0.473726
32288,0.473726
32289,0.473726
32290,0.473726
32291,0.473726
32292,0.473726
32293,0.473726
32294,0.473726
32295,0.473726
32296,0.473726
32297,0.473726
32298,0.473726
32299,0.473726
32300,0.473726
32301,0.473726
32302,0.473726
32303,0.473726
32304,0.473726
32305,0.473726
32306,0.473726
32307,0.473726
32308,0.473726
32309,0.473726
32310,0.473726
32311,0.473726
32312,0.473726
32313,0.473726
32314,0.473726
32315,0.473726
32316,0.473726
32317,0.473726
32318,0.473726
32319,0.473726
32320,0.473726
32321,0.473726
32322,0.473726
32323,0.473726
32324,0.473726
32325,0.473726
32326,0.473726
32327,0.473726
32328,0.473726
32329,0.473726
32330,0.473726
32331,0.473726
32332,0.473726
32333,0.473726
32334,0.473726
32335,0.473726
32336,0.473726
32337,0.473726
32338,0.473726
32339,0.473726
32340,0.473726
32341,0.473726
32342,0.473726
32343,0.473726
32344,0.473726
32345,0.473726
32346,0.473726
32347,0.473726
32348,0.473726
32349,0.473726
32350,0.473726
32351,0.473726
32352,0.473726
32353,0.473726
32354,0.473726
32355,0.473726
32356,0.473726
32357,0.473726
32358,0.473726
32359,0.473726
32360,0.473726
32361,0.473726
32362,0.473726
32363,0.473726
32364,0.473726
32365,0.473726
32366,0.473726
32367,0.473726
32368,0.473726
32369,0.473726
32370,0.473726
32371,0.473726
32372,0.473726
32373,0.473726
32374,0.473726
32375,0.473726
32376,0.473726
32377,0.473726
32378,0.473726
32379,0.473726
32380,0.473726
32381,0.473726
32382,0.473726
32383,0.473726
32384,0.473726
32385,0.473726
32386,0.473726
32387,0.473726
32388,0.473726
32389,0.473726
32390,0.473726
32391,0.473726
32392,0.473726
32393,0.473726
32394,0.473726
32395,0.473726
32396,0.473726
32397,0.473726
32398,0.473726
32399,0.473726
32400,0.473726
32401,0.473726
32402,0.473726
32403,0.473726
32404,0.473726
32405,0.473726
32406,0.473726
32407,0.473726
32408,0.473726
32409,0.473726
32410,0.473726
32411,0.473726
32412,0.473726
32413,0.473726
32414,0.473726
32415,0.473726
32416,0.473726
32417,0.473726
32418,0.473726
32419,0.473726
32420,0.473726
32421,0.473726
32422,0.473726
32423,0.473726
32424,0.473726
32425,0.473726
32426,0.473726
32427,0.473726
32428,0.473726
32429,0.473726
32430,0.473726
32431,0.473726
32432,0.473726
32433,0.473726
32434,0.473726
32435,0.473726
32436,0.473726
32437,0.473726
32438,0.473726
32439,0.473726
32440,0.473726
32441,0.473726
32442,0.473726
32443,0.473726
32444,0.473726
32445,0.473726
32446,0.473726
32447,0.473726
32448,0.473726
32449,0.473726
32450,0.473726
32451,0.473726
32452,0.473726
32453,0.473726
32454,0.473726
32455,0.473726
32456,0.473726
32457,0.473726
32458,0.473726
32459,0.473726
32460,0.473726
32461,0.473726
32462,0.473726
32463,0.473726
32464,0.473726
32465,0.473726
32466,0.473726
32467,0.473726
32468,0.473726
32469,0.473726
32470,0.473726
32471,0.473726
32472,0.473726
32473,0.473726
32474,0.473726
32475,0.473726
32476,0.473726
32477,0.473726
32478,0.473726
32479,0.473726
32480,0.473726
32481,0.473726
32482,0.473726
32483,0.473726
32484,0.473726
32485,0.473726
32486,0.473726
32487,0.473726
32488,0.473726
32489,0.473726
32490,0.473726
32491,0.473726
32492,0.473726
32493,0.473726
32494,0.473726
32495,0.473726
32496,0.473726
32497,0.473726
32498,0.473726
32499,0.473726
32500,0.473726
32501,0.473726
32502,0.473726
32503,0.473726
32504,0.473726
32505,0.473726
32506,0.473726
32507,0.473726
32508,0.473726
32509,0.473726
32510,0.473726
32511,0.473726
32512,0.473726
32513,0.473726
32514,0.473726
32515,0.473726
32516,0.473726
32517,0.473726
32518,0.473726
32519,0.473726
32520,0.473726
32521,0.473726
32522,0.473726
32523,0.473726
32524,0.473726
32525,0.473726
32526,0.473726
32527,0.473726
32528,0.473726
32529,0.473726
32530,0.473726
32531,0.473726
32532,0.473726
32533,0.473726
32534,0.473726
32535,0.473726
32536,0.473726
32537,0.473726
32538,0.473726
32539,0.473726
32540,0.473726
32541,0.473726
32542,0.473726
32543,0.473726
32544,0.473726
32545,0.473726
32546,0.473726
32547,0.473726
32548,0.473726
32549,0.473726
32550,0.473726
32551,0.473726
32552,0.473726
32553,0.473726
32554,0.473726
32555,0.473726
32556,0.473726
32557,0.473726
32558,0.473726
32559,0.473726
32560,0.473726
32561,0.473726
32562,0.473726
32563,0.473726
32564,0.473726
32565,0.473726
32566,0.473726
32567,0.473726
32568,0.473726
32569,0.473726
32570,0.473726
32571,0.473726
32572,0.473726
32573,0.473726
32574,0.473726
32575,0.473726
32576,0.473726
32577,0.473726
32578,0.473726
32579,0.473726
32580,0.473726
32581,0.473726
32582,0.473726
32583,0.473726
32584,0.473726
32585,0.473726
32586,0.473726
32587,0.473726
32588,0.473726
32589,0.473726
32590,0.473726
32591,0.473726
32592,0.473726
32593,0.473726
32594,0.473726
32595,0.473726
32596,0.473726
32597,0.473726
32598,0.473726
32599,0.473726
32600,0.473726
32601,0.473726
32602,0.473726
32603,0.473726
32604,0.473726
32605,0.473726
32606,0.473726
32607,0.473726
32608,0.473726
32609,0.473726
32610,0.473726
32611,0.473726
32612,0.473726
32613,0.473726
32614,0.473726
32615,0.473726
32616,0.473726
32617,0.473726
32618,0.473726
32619,0.473726
32620,0.473726
32621,0.473726
32622,0.473726
32623,0.473726
32624,0.473726
32625,0.473726
32626,0.473726
32627,0.473726
32628,0.473726
32629,0.473726
32630,0.473726
32631,0.473726
32632,0.473726
32633,0.473726
32634,0.473726
32635,0.473726
32636,0.473726
32637,0.473726
32638,0.473726
32639,0.473726
32640,0.473726
32641,0.473726
32642,0.473726
32643,0.473726
32644,0.473726
32645,0.473726
32646,0.473726
32647,0.473726
32648,0.473726
32649,0.473726
32650,0.473726
32651,0.473726
32652,0.473726
32653,0.473726
32654,0.473726
32655,0.473726
32656,0.473726
32657,0.473726
32658,0.473726
32659,0.473726
32660,0.473726
32661,0.473726
32662,0.473726
32663,0.473726
32664,0.473726
32665,0.473726
32666,0.473726
32667,0.473726
32668,0.473726
32669,0.473726
32670,0.473726
32671,0.473726
32672,0.473726
32673,0.473726
32674,0.473726
32675,0.473726
32676,0.473726
32677,0.473726
32678,0.473726
32679,0.473726
32680,0.473726
32681,0.473726
32682,0.473726
32683,0.473726
32684,0.475367
32685,0.473726
32686,0.473726
32687,0.473726
32688,0.473726
32689,0.473726
32690,0.473726
32691,0.473726
32692,0.473726
32693,0.473726
32694,0.473726
32695,0.473726
32696,0.473726
32697,0.473726
32698,0.473726
32699,0.473726
32700,0.473726
32701,0.473726
32702,0.473726
32703,0.473726
32704,0.473726
32705,0.473726
32706,0.473726
32707,0.473726
32708,0.473726
32709,0.473726
32710,0.473726
32711,0.473726
32712,0.473726
32713,0.473726
32714,0.473726
32715,0.473726
32716,0.473726
32717,0.473726
32718,0.473726
32719,0.473726
32720,0.473726
32721,0.473726
32722,0.473726
32723,0.473726
32724,0.473726
32725,0.473726
32726,0.473726
32727,0.473726
32728,0.473726
32729,0.473726
32730,0.473726
32731,0.473726
32732,0.473726
32733,0.473726
32734,0.473726
32735,0.473726
32736,0.473726
32737,0.473726
32738,0.473726
32739,0.473726
32740,0.473726
32741,0.473726
32742,0.473726
32743,0.473726
32744,0.473726
32745,0.473726
32746,0.473726
32747,0.473726
32748,0.473726
32749,0.473726
32750,0.473726
32751,0.473726
32752,0.473726
32753,0.473726
32754,0.473726
32755,0.473726
32756,0.473726
32757,0.473726
32758,0.473726
32759,0.473726
32760,0.473726
32761,0.473726
32762,0.473726
32763,0.473726
32764,0.473726
32765,0.473726
32766,0.473726
32767,0.473726
32768,0.473726
32769,0.473726
32770,0.473726
32771,0.473726
32772,0.473726
32773,0.473726
32774,0.473726
32775,0.473726
32776,0.473726
32777,0.473726
32778,0.473726
32779,0.473726
32780,0.473726
32781,0.473726
32782,0.473726
32783,0.473726
32784,0.473726
32785,0.473726
32786,0.473726
32787,0.473726
32788,0.473726
32789,0.466479
32790,0.455696
32791,0.455696
32792,0.473726
32793,0.473726
32794,0.473726
32795,0.473726
32796,0.473726
32797,0.473726
32798,0.473726
32799,0.473726
32800,0.473726
32801,0.473726
32802,0.473726
32803,0.473726
32804,0.473726
32805,0.473726
32806,0.473726
32807,0.473726
32808,0.473726
32809,0.473726
32810,0.473726
32811,0.473726
32812,0.473726
32813,0.473726
32814,0.473726
32815,0.473726
32816,0.473726
32817,0.473726
32818,0.473726
32819,0.473726
32820,0.473726
32821,0.473726
32822,0.473726
32823,0.473726
32824,0.473726
32825,0.473726
32826,0.473726
32827,0.473726
32828,0.473726
32829,0.466479
32830,0.466479
32831,0.466479
32832,0.466479
32833,0.473726
32834,0.473726
32835,0.473726
32836,0.473726
32837,0.473726
32838,0.473726
32839,0.473726
32840,0.473726
32841,0.473726
32842,0.473726
32843,0.473726
32844,0.473726
32845,0.473726
32846,0.473726
32847,0.473726
32848,0.473726
32849,0.473726
32850,0.473726
32851,0.473726
32852,0.473726
32853,0.473726
32854,0.473726
32855,0.473726
32856,0.473726
32857,0.473726
32858,0.473726
32859,0.473726
32860,0.473726
32861,0.473726
32862,0.473726
32863,0.473726
32864,0.473726
32865,0.473726
32866,0.473726
32867,0.473726
32868,0.473726
32869,0.473726
32870,0.473726
32871,0.473726
32872,0.473726
32873,0.473726
32874,0.473726
32875,0.473726
32876,0.473726
32877,0.473726
32878,0.473726
32879,0.473726
32880,0.473726
32881,0.473726
32882,0.473726
32883,0.473726
32884,0.473726
32885,0.473726
32886,0.473726
32887,0.473726
32888,0.473726
32889,0.473726
32890,0.473726
32891,0.473726
32892,0.473726
32893,0.473726
32894,0.473726
32895,0.473726
32896,0.473726
32897,0.473726
32898,0.473726
32899,0.473726
32900,0.473726
32901,0.473726
32902,0.473726
32903,0.473726
32904,0.473726
32905,0.473726
32906,0.473726
32907,0.473726
32908,0.473726
32909,0.473726
32910,0.473726
32911,0.473726
32912,0.473726
32913,0.473726
32914,0.473726
32915,0.473726
32916,0.473726
32917,0.473726
32918,0.473726
32919,0.473726
32920,0.473726
32921,0.473726
32922,0.473726
32923,0.473726
32924,0.473726
32925,0.473726
32926,0.473726
32927,0.473726
32928,0.473726
32929,0.473726
32930,0.473726
32931,0.473726
32932,0.473726
32933,0.473726
32934,0.473726
32935,0.473726
32936,0.473726
32937,0.473726
32938,0.473726
32939,0.473726
32940,0.473726
32941,0.473726
32942,0.473726
32943,0.473726
32944,0.473726
32945,0.473726
32946,0.473726
32947,0.473726
32948,0.473726
32949,0.473726
32950,0.473726
32951,0.473726
32952,0.473726
32953,0.473726
32954,0.473726
32955,0.473726
32956,0.473726
32957,0.473726
32958,0.473726
32959,0.473726
32960,0.473726
32961,0.473726
32962,0.473726
32963,0.473726
32964,0.473726
32965,0.473726
32966,0.473726
32967,0.473726
32968,0.473726
32969,0.473726
32970,0.473726
32971,0.473726
32972,0.473726
32973,0.473726
32974,0.473726
32975,0.473726
32976,0.473726
32977,0.473726
32978,0.473726
32979,0.473726
32980,0.473726
32981,0.473726
32982,0.473726
32983,0.473726
32984,0.473726
32985,0.473726
32986,0.473726
32987,0.473726
32988,0.473726
32989,0.473726
32990,0.473726
32991,0.473726
32992,0.473726
32993,0.473726
32994,0.473726
32995,0.473726
32996,0.473726
32997,0.473726
32998,0.473726
32999,0.473726
33000,0.473726
33001,0.473726
33002,0.473726
33003,0.473726
33004,0.473726
33005,0.473726
33006,0.473726
33007,0.473726
33008,0.473726
33009,0.473726
33010,0.473726
33011,0.473726
33012,0.473726
33013,0.473726
33014,0.473726
33015,0.473726
33016,0.473726
33017,0.473726
33018,0.473726
33019,0.473726
33020,0.473726
33021,0.473726
33022,0.473726
33023,0.473726
33024,0.473726
33025,0.473726
33026,0.473726
33027,0.473726
33028,0.473726
33029,0.473726
33030,0.473726
33031,0.473726
33032,0.473726
33033,0.473726
33034,0.473726
33035,0.473726
33036,0.473726
33037,0.473726
33038,0.473726
33039,0.473726
33040,0.473726
33041,0.473726
33042,0.473726
33043,0.473726
33044,0.473726
33045,0.473726
33046,0.473726
33047,0.473726
33048,0.473726
33049,0.473726
33050,0.473726
33051,0.473726
33052,0.473726
33053,0.473726
33054,0.473726
33055,0.473726
33056,0.473726
33057,0.473726
33058,0.473726
33059,0.473726
33060,0.473726
33061,0.473726
33062,0.473726
33063,0.473726
33064,0.473726
33065,0.473726
33066,0.473726
33067,0.473726
33068,0.473726
33069,0.473726
33070,0.473726
33071,0.473726
33072,0.473726
33073,0.473726
33074,0.473726
33075,0.473726
33076,0.473726
33077,0.473726
33078,0.473726
33079,0.473726
33080,0.473726
33081,0.473726
33082,0.473726
33083,0.473726
33084,0.473726
33085,0.473726
33086,0.473726
33087,0.473726
33088,0.473726
33089,0.473726
33090,0.473726
33091,0.473726
33092,0.473726
33093,0.473726
33094,0.473726
33095,0.473726
33096,0.473726
33097,0.473726
33098,0.473726
33099,0.473726
33100,0.473726
33101,0.473726
33102,0.473726
33103,0.473726
33104,0.473726
33105,0.473726
33106,0.473726
33107,0.473726
33108,0.473726
33109,0.473726
33110,0.473726
33111,0.473726
33112,0.473726
33113,0.473726
33114,0.473726
33115,0.473726
33116,0.473726
33117,0.473726
33118,0.473726
33119,0.473726
33120,0.473726
33121,0.473726
33122,0.473726
33123,0.473726
33124,0.473726
33125,0.473726
33126,0.473726
33127,0.473726
33128,0.473726
33129,0.473726
33130,0.473726
33131,0.473726
33132,0.473726
33133,0.473726
33134,0.473726
33135,0.473726
33136,0.473726
33137,0.473726
33138,0.473726
33139,0.473726
33140,0.473726
33141,0.473726
33142,0.473726
33143,0.473726
33144,0.473726
33145,0.473726
33146,0.473726
33147,0.473726
33148,0.473726
33149,0.473726
33150,0.473726
33151,0.473726
33152,0.473726
33153,0.473726
33154,0.473726
33155,0.473726
33156,0.473726
33157,0.473726
33158,0.473726
33159,0.473726
33160,0.473726
33161,0.473726
33162,0.473726
33163,0.473726
33164,0.473726
33165,0.473726
33166,0.473726
33167,0.473726
33168,0.473726
33169,0.473726
33170,0.473726
33171,0.473726
33172,0.473726
33173,0.473726
33174,0.473726
33175,0.473726
33176,0.473726
33177,0.473726
33178,0.473726
33179,0.473726
33180,0.473726
33181,0.473726
33182,0.473726
33183,0.473726
33184,0.473726
33185,0.473726
33186,0.473726
33187,0.473726
33188,0.473726
33189,0.473726
33190,0.473726
33191,0.473726
33192,0.473726
33193,0.473726
33194,0.473726
33195,0.473726
33196,0.473726
33197,0.473726
33198,0.473726
33199,0.473726
33200,0.473726
33201,0.473726
33202,0.473726
33203,0.473726
33204,0.473726
33205,0.473726
33206,0.473726
33207,0.473726
33208,0.473726
33209,0.473726
33210,0.473726
33211,0.473726
33212,0.473726
33213,0.473726
33214,0.473726
33215,0.473726
33216,0.473726
33217,0.473726
33218,0.473726
33219,0.473726
33220,0.473726
33221,0.473726
33222,0.473726
33223,0.473726
33224,0.473726
33225,0.473726
33226,0.473726
33227,0.473726
33228,0.473726
33229,0.473726
33230,0.473726
33231,0.473726
33232,0.473726
33233,0.473726
33234,0.473726
33235,0.473726
33236,0.473726
33237,0.473726
33238,0.473726
33239,0.473726
33240,0.473726
33241,0.473726
33242,0.473726
33243,0.473726
33244,0.473726
33245,0.473726
33246,0.473726
33247,0.473726
33248,0.473726
33249,0.473726
33250,0.473726
33251,0.473726
33252,0.473726
33253,0.473726
33254,0.473726
33255,0.473726
33256,0.473726
33257,0.473726
33258,0.473726
33259,0.473726
33260,0.473726
33261,0.473726
33262,0.473726
33263,0.473726
33264,0.473726
33265,0.473726
33266,0.473726
33267,0.473726
33268,0.473726
33269,0.473726
33270,0.473726
33271,0.473726
33272,0.473726
33273,0.473726
33274,0.473726
33275,0.473726
33276,0.473726
33277,0.473726
33278,0.473726
33279,0.473726
33280,0.473726
33281,0.473726
33282,0.473726
33283,0.473726
33284,0.473726
33285,0.473726
33286,0.473726
33287,0.473726
33288,0.473726
33289,0.473726
33290,0.473726
33291,0.473726
33292,0.473726
33293,0.473726
33294,0.473726
33295,0.473726
33296,0.473726
33297,0.473726
33298,0.473726
33299,0.473726
33300,0.473726
33301,0.473726
33302,0.473726
33303,0.473726
33304,0.473726
33305,0.473726
33306,0.473726
33307,0.473726
33308,0.473726
33309,0.473726
33310,0.473726
33311,0.473726
33312,0.473726
33313,0.473726
33314,0.473726
33315,0.473726
33316,0.473726
33317,0.473726
33318,0.473726
33319,0.473726
33320,0.473726
33321,0.473726
33322,0.473726
33323,0.473726
33324,0.473726
33325,0.473726
33326,0.473726
33327,0.473726
33328,0.473726
33329,0.473726
33330,0.473726
33331,0.473726
33332,0.473726
33333,0.473726
33334,0.473726
33335,0.473726
33336,0.473726
33337,0.473726
33338,0.473726
33339,0.473726
33340,0.473726
33341,0.473726
33342,0.473726
33343,0.473726
33344,0.473726
33345,0.473726
33346,0.473726
33347,0.473726
33348,0.473726
33349,0.473726
33350,0.473726
33351,0.473726
33352,0.473726
33353,0.473726
33354,0.473726
33355,0.473726
33356,0.473726
33357,0.473726
33358,0.473726
33359,0.473726
33360,0.473726
33361,0.473726
33362,0.473726
33363,0.473726
33364,0.473726
33365,0.473726
33366,0.473726
33367,0.473726
33368,0.473726
33369,0.473726
33370,0.473726
33371,0.473726
33372,0.473726
33373,0.473726
33374,0.473726
33375,0.473726
33376,0.473726
33377,0.473726
33378,0.473726
33379,0.473726
33380,0.473726
33381,0.473726
33382,0.473726
33383,0.473726
33384,0.473726
33385,0.473726
33386,0.473726
33387,0.473726
33388,0.473726
33389,0.473726
33390,0.473726
33391,0.473726
33392,0.473726
33393,0.473726
33394,0.473726
33395,0.473726
33396,0.473726
33397,0.473726
33398,0.473726
33399,0.473726
33400,0.473726
33401,0.473726
33402,0.473726
33403,0.473726
33404,0.473726
33405,0.473726
33406,0.473726
33407,0.473726
33408,0.473726
33409,0.473726
33410,0.473726
33411,0.473726
33412,0.473726
33413,0.473726
33414,0.473726
33415,0.473726
33416,0.473726
33417,0.473726
33418,0.473726
33419,0.473726
33420,0.473726
33421,0.473726
33422,0.473726
33423,0.473726
33424,0.473726
33425,0.473726
33426,0.473726
33427,0.473726
33428,0.473726
33429,0.473726
33430,0.473726
33431,0.473726
33432,0.473726
33433,0.473726
33434,0.473726
33435,0.473726
33436,0.473726
33437,0.473726
33438,0.473726
33439,0.473726
33440,0.473726
33441,0.473726
33442,0.473726
33443,0.473726
33444,0.473726
33445,0.473726
33446,0.471790
33447,0.473726
33448,0.473726
33449,0.473726
33450,0.473726
33451,0.473726
33452,0.473726
33453,0.473726
33454,0.473726
33455,0.473726
33456,0.473726
33457,0.473726
33458,0.473726
33459,0.473726
33460,0.473726
33461,0.473726
33462,0.473726
33463,0.473726
33464,0.473726
33465,0.473726
33466,0.473726
33467,0.473726
33468,0.473726
33469,0.473726
33470,0.473726
33471,0.473726
33472,0.473726
33473,0.473726
33474,0.473726
33475,0.473726
33476,0.473726
33477,0.473726
33478,0.473726
33479,0.473726
33480,0.473726
33481,0.473726
33482,0.473726
33483,0.473726
33484,0.473726
33485,0.473726
33486,0.473726
33487,0.473726
33488,0.473726
33489,0.473726
33490,0.473726
33491,0.473726
33492,0.473726
33493,0.473726
33494,0.473726
33495,0.473726
33496,0.473726
33497,0.473726
33498,0.473726
33499,0.473726
33500,0.473726
33501,0.473726
33502,0.473726
33503,0.473726
33504,0.473726
33505,0.473726
33506,0.473726
33507,0.473726
33508,0.473726
33509,0.473726
33510,0.473726
33511,0.473726
33512,0.473726
33513,0.473726
33514,0.473726
33515,0.473726
33516,0.473726
33517,0.473726
33518,0.473726
33519,0.473726
33520,0.473726
33521,0.473726
33522,0.473726
33523,0.473726
33524,0.473726
33525,0.473726
33526,0.473726
33527,0.473726
33528,0.473726
33529,0.473726
33530,0.473726
33531,0.473726
33532,0.473726
33533,0.473726
33534,0.473726
33535,0.473726
33536,0.473726
33537,0.473726
33538,0.473726
33539,0.473726
33540,0.473726
33541,0.473726
33542,0.473726
33543,0.473726
33544,0.473726
33545,0.473726
33546,0.473726
33547,0.473726
33548,0.473726
33549,0.473726
33550,0.473726
33551,0.473726
33552,0.473726
33553,0.473726
33554,0.473726
33555,0.473726
33556,0.473726
33557,0.473726
33558,0.473726
33559,0.473726
33560,0.473726
33561,0.473726
33562,0.473726
33563,0.473726
33564,0.473726
33565,0.473726
33566,0.473726
33567,0.473726
33568,0.473726
33569,0.473726
33570,0.473726
33571,0.473726
33572,0.473726
33573,0.473726
33574,0.473726
33575,0.473726
33576,0.473726
33577,0.473726
33578,0.473726
33579,0.473726
33580,0.473726
33581,0.473726
33582,0.473726
33583,0.473726
33584,0.473726
33585,0.473726
33586,0.473726
33587,0.473726
33588,0.473726
33589,0.473726
33590,0.473726
33591,0.473726
33592,0.473726
33593,0.473726
33594,0.473726
33595,0.473726
33596,0.473726
33597,0.473726
33598,0.473726
33599,0.473726
33600,0.473726
33601,0.473726
33602,0.473726
33603,0.473726
33604,0.473726
33605,0.473726
33606,0.473726
33607,0.473726
33608,0.473726
33609,0.473726
33610,0.473726
33611,0.473726
33612,0.473726
33613,0.473726
33614,0.473726
33615,0.473726
33616,0.473726
33617,0.473726
33618,0.473726
33619,0.473726
33620,0.473726
33621,0.473726
33622,0.473726
33623,0.473726
33624,0.473726
33625,0.473726
33626,0.473726
33627,0.473726
33628,0.473726
33629,0.473726
33630,0.473726
33631,0.473726
33632,0.473726
33633,0.473726
33634,0.473726
33635,0.473726
33636,0.473726
33637,0.473726
33638,0.473726
33639,0.473726
33640,0.473726
33641,0.473726
33642,0.473726
33643,0.473726
33644,0.473726
33645,0.473726
33646,0.473726
33647,0.473726
33648,0.473726
33649,0.473726
33650,0.473726
33651,0.473726
33652,0.473726
33653,0.473726
33654,0.473726
33655,0.473726
33656,0.473726
33657,0.473726
33658,0.473726
33659,0.473726
33660,0.473726
33661,0.473726
33662,0.473726
33663,0.473726
33664,0.473726
33665,0.473726
33666,0.473726
33667,0.473726
33668,0.473726
33669,0.473726
33670,0.473726
33671,0.473726
33672,0.473726
33673,0.473726
33674,0.473726
33675,0.473726
33676,0.473726
33677,0.473726
33678,0.473726
33679,0.473726
33680,0.473726
33681,0.473726
33682,0.473726
33683,0.473726
33684,0.473726
33685,0.473726
33686,0.473726
33687,0.473726
33688,0.473726
33689,0.473726
33690,0.473726
33691,0.473726
33692,0.473726
33693,0.473726
33694,0.473726
33695,0.473726
33696,0.473726
33697,0.473726
33698,0.473726
33699,0.473726
33700,0.473726
33701,0.473726
33702,0.473726
33703,0.473726
33704,0.473726
33705,0.473726
33706,0.473726
33707,0.473726
33708,0.473726
33709,0.473726
33710,0.473726
33711,0.473726
33712,0.473726
33713,0.473726
33714,0.473726
33715,0.473726
33716,0.473726
33717,0.473726
33718,0.473726
33719,0.473726
33720,0.473726
33721,0.473726
33722,0.473726
33723,0.473726
33724,0.473726
33725,0.473726
33726,0.473726
33727,0.473726
33728,0.473726
33729,0.473726
33730,0.473726
33731,0.473726
33732,0.473726
33733,0.473726
33734,0.473726
33735,0.473726
33736,0.473726
33737,0.473726
33738,0.473726
33739,0.473726
33740,0.473726
33741,0.473726
33742,0.473726
33743,0.473726
33744,0.473726
33745,0.473726
33746,0.473726
33747,0.473726
33748,0.473726
33749,0.473726
33750,0.473726
33751,0.473726
33752,0.473726
33753,0.473726
33754,0.473726
33755,0.473726
33756,0.473726
33757,0.473726
33758,0.473726
33759,0.473726
33760,0.473726
33761,0.473726
33762,0.473726
33763,0.473726
33764,0.473726
33765,0.473726
33766,0.473726
33767,0.473726
33768,0.473726
33769,0.473726
33770,0.473726
33771,0.473726
33772,0.473726
33773,0.473726
33774,0.473726
33775,0.473726
33776,0.473726
33777,0.473726
33778,0.473726
33779,0.473726
33780,0.473726
33781,0.473726
33782,0.473726
33783,0.473726
33784,0.473726
33785,0.473726
33786,0.473726
33787,0.473726
33788,0.473726
33789,0.473726
33790,0.473726
33791,0.473726
33792,0.473726
33793,0.473726
33794,0.473726
33795,0.473726
33796,0.473726
33797,0.473726
33798,0.473726
33799,0.473726
33800,0.473726
33801,0.473726
33802,0.473726
33803,0.473726
33804,0.473726
33805,0.473726
33806,0.473726
33807,0.473726
33808,0.473726
33809,0.473726
33810,0.473726
33811,0.473726
33812,0.473726
33813,0.473726
33814,0.473726
33815,0.473726
33816,0.473726
33817,0.473726
33818,0.473726
33819,0.473726
33820,0.473726
33821,0.473726
33822,0.473726
33823,0.473726
33824,0.473726
33825,0.473726
33826,0.473726
33827,0.473726
33828,0.473726
33829,0.473726
33830,0.473726
33831,0.473726
33832,0.473726
33833,0.473726
33834,0.473726
33835,0.473726
33836,0.473726
33837,0.473726
33838,0.473726
33839,0.473726
33840,0.473726
33841,0.473726
33842,0.473726
33843,0.473726
33844,0.473726
33845,0.473726
33846,0.473726
33847,0.473726
33848,0.473726
33849,0.473726
33850,0.473726
33851,0.473726
33852,0.473726
33853,0.473726
33854,0.473726
33855,0.473726
33856,0.473726
33857,0.473726
33858,0.473726
33859,0.473726
33860,0.473726
33861,0.473726
33862,0.473726
33863,0.473726
33864,0.473726
33865,0.473726
33866,0.473726
33867,0.473726
33868,0.473726
33869,0.473726
33870,0.473726
33871,0.473726
33872,0.473726
33873,0.473726
33874,0.473726
33875,0.473726
33876,0.473726
33877,0.473726
33878,0.473726
33879,0.473726
33880,0.473726
33881,0.473726
33882,0.473726
33883,0.473726
33884,0.473726
33885,0.473726
33886,0.473726
33887,0.473726
33888,0.473726
33889,0.473726
33890,0.473726
33891,0.473726
33892,0.473726
33893,0.473726
33894,0.473726
33895,0.473726
33896,0.473726
33897,0.473726
33898,0.473726
33899,0.473726
33900,0.473726
33901,0.473726
33902,0.473726
33903,0.473726
33904,0.473726
33905,0.473726
33906,0.473726
33907,0.473726
33908,0.473726
33909,0.473726
33910,0.473726
33911,0.473726
33912,0.473726
33913,0.473726
33914,0.473726
33915,0.473726
33916,0.473726
33917,0.473726
33918,0.473726
33919,0.473726
33920,0.473726
33921,0.473726
33922,0.473726
33923,0.473726
33924,0.473726
33925,0.473726
33926,0.473726
33927,0.473726
33928,0.473726
33929,0.473726
33930,0.473726
33931,0.473726
33932,0.473726
33933,0.473726
33934,0.473726
33935,0.473726
33936,0.473726
33937,0.473726
33938,0.473726
33939,0.473726
33940,0.473726
33941,0.473726
33942,0.473726
33943,0.473726
33944,0.473726
33945,0.473726
33946,0.473726
33947,0.473726
33948,0.473726
33949,0.473726
33950,0.473726
33951,0.473726
33952,0.473726
33953,0.473726
33954,0.473726
33955,0.473726
33956,0.473726
33957,0.473726
33958,0.473726
33959,0.473726
33960,0.473726
33961,0.473726
33962,0.473726
33963,0.473726
33964,0.473726
33965,0.473726
33966,0.473726
33967,0.473726
33968,0.473726
33969,0.473726
33970,0.473726
33971,0.473726
33972,0.473726
33973,0.473726
33974,0.473726
33975,0.473726
33976,0.473726
33977,0.473726
33978,0.473726
33979,0.473726
33980,0.473726
33981,0.473726
33982,0.473726
33983,0.473726
33984,0.473726
33985,0.473726
33986,0.473726
33987,0.473726
33988,0.473726
33989,0.473726
33990,0.473726
33991,0.473726
33992,0.473726
33993,0.473726
33994,0.473726
33995,0.473726
33996,0.473726
33997,0.473726
33998,0.473726
33999,0.473726
34000,0.473726
34001,0.473726
34002,0.473726
34003,0.473726
34004,0.473726
34005,0.473726
34006,0.473726
34007,0.473726
34008,0.473726
34009,0.473726
34010,0.473726
34011,0.473726
34012,0.473726
34013,0.473726
34014,0.473726
34015,0.473726
34016,0.473726
34017,0.473726
34018,0.473726
34019,0.473726
34020,0.473726
34021,0.473726
34022,0.473726
34023,0.473726
34024,0.473726
34025,0.473726
34026,0.473726
34027,0.473726
34028,0.473726
34029,0.473726
34030,0.473726
34031,0.473726
34032,0.473726
34033,0.473726
34034,0.473726
34035,0.473726
34036,0.473726
34037,0.473726
34038,0.473726
34039,0.473726
34040,0.473726
34041,0.473726
34042,0.473726
34043,0.473726
34044,0.473726
34045,0.473726
34046,0.473726
34047,0.473726
34048,0.473726
34049,0.473726
34050,0.473726
34051,0.473726
34052,0.473726
34053,0.473726
34054,0.473726
34055,0.473726
34056,0.473726
34057,0.473726
34058,0.473726
34059,0.473726
34060,0.473726
34061,0.473726
34062,0.473726
34063,0.473726
34064,0.473726
34065,0.473726
34066,0.473726
34067,0.473726
34068,0.473726
34069,0.473726
34070,0.473726
34071,0.473726
34072,0.473726
34073,0.473726
34074,0.473726
34075,0.473726
34076,0.473726
34077,0.473726
34078,0.473726
34079,0.473726
34080,0.473726
34081,0.473726
34082,0.473726
34083,0.473726
34084,0.473726
34085,0.473726
34086,0.473726
34087,0.473726
34088,0.473726
34089,0.473726
34090,0.473726
34091,0.473726
34092,0.473726
34093,0.473726
34094,0.473726
34095,0.473726
34096,0.473726
34097,0.473726
34098,0.473726
34099,0.473726
34100,0.473726
34101,0.473726
34102,0.473726
34103,0.473726
34104,0.473726
34105,0.473726
34106,0.473726
34107,0.473726
34108,0.473726
34109,0.473726
34110,0.473726
34111,0.473726
34112,0.473726
34113,0.473726
34114,0.473726
34115,0.473726
34116,0.473726
34117,0.473726
34118,0.473726
34119,0.473726
34120,0.473726
34121,0.473726
34122,0.473726
34123,0.473726
34124,0.473726
34125,0.473726
34126,0.473726
34127,0.473726
34128,0.473726
34129,0.473726
34130,0.473726
34131,0.473726
34132,0.473726
34133,0.473726
34134,0.473726
34135,0.473726
34136,0.473726
34137,0.473726
34138,0.473726
34139,0.473726
34140,0.473726
34141,0.473726
34142,0.473726
34143,0.473726
34144,0.473726
34145,0.473726
34146,0.473726
34147,0.473726
34148,0.473726
34149,0.473726
34150,0.473726
34151,0.473726
34152,0.473726
34153,0.473726
34154,0.473726
34155,0.473726
34156,0.473726
34157,0.473726
34158,0.473726
34159,0.473726
34160,0.473726
34161,0.473726
34162,0.473726
34163,0.473726
34164,0.473726
34165,0.473726
34166,0.473726
34167,0.473726
34168,0.473726
34169,0.473726
34170,0.473726
34171,0.473726
34172,0.473726
34173,0.473726
34174,0.473726
34175,0.473726
34176,0.473726
34177,0.473726
34178,0.473726
34179,0.473726
34180,0.473726
34181,0.473726
34182,0.473726
34183,0.473726
34184,0.473726
34185,0.473726
34186,0.473726
34187,0.473726
34188,0.473726
34189,0.473726
34190,0.473726
34191,0.473726
34192,0.473726
34193,0.473726
34194,0.473726
34195,0.473726
34196,0.473726
34197,0.473726
34198,0.473726
34199,0.473726
34200,0.473726
34201,0.473726
34202,0.473726
34203,0.473726
34204,0.473726
34205,0.473726
34206,0.473726
34207,0.473726
34208,0.473726
34209,0.473726
34210,0.473726
34211,0.473726
34212,0.473726
34213,0.473726
34214,0.473726
34215,0.473726
34216,0.473726
34217,0.473726
34218,0.473726
34219,0.473726
34220,0.473726
34221,0.473726
34222,0.473726
34223,0.473726
34224,0.473726
34225,0.473726
34226,0.473726
34227,0.473726
34228,0.473726
34229,0.473726
34230,0.473726
34231,0.473726
34232,0.473726
34233,0.473726
34234,0.473726
34235,0.473726
34236,0.473726
34237,0.473726
34238,0.473726
34239,0.473726
34240,0.473726
34241,0.473726
34242,0.473726
34243,0.473726
34244,0.473726
34245,0.473726
34246,0.473726
34247,0.473726
34248,0.473726
34249,0.473726
34250,0.473726
34251,0.473726
34252,0.473726
34253,0.473726
34254,0.473726
34255,0.473726
34256,0.473726
34257,0.473726
34258,0.473726
34259,0.473726
34260,0.473726
34261,0.473726
34262,0.473726
34263,0.473726
34264,0.473726
34265,0.473726
34266,0.473726
34267,0.473726
34268,0.473726
34269,0.473726
34270,0.473726
34271,0.473726
34272,0.473726
34273,0.473726
34274,0.473726
34275,0.473726
34276,0.473726
34277,0.473726
34278,0.473726
34279,0.473726
34280,0.473726
34281,0.473726
34282,0.473726
34283,0.473726
34284,0.473726
34285,0.473726
34286,0.473726
34287,0.473726
34288,0.473726
34289,0.473726
34290,0.473726
34291,0.473726
34292,0.473726
34293,0.473726
34294,0.473726
34295,0.473726
34296,0.473726
34297,0.473726
34298,0.473726
34299,0.473726
34300,0.473726
34301,0.473726
34302,0.473726
34303,0.473726
34304,0.473726
34305,0.473726
34306,0.473726
34307,0.473726
34308,0.473726
34309,0.473726
34310,0.473726
34311,0.473726
34312,0.473726
34313,0.473726
34314,0.473726
34315,0.473726
34316,0.473726
34317,0.473726
34318,0.473726
34319,0.473726
34320,0.473726
34321,0.473726
34322,0.473726
34323,0.473726
34324,0.473726
34325,0.473726
34326,0.473726
34327,0.473726
34328,0.473726
34329,0.473726
34330,0.473726
34331,0.473726
34332,0.473726
34333,0.473726
34334,0.473726
34335,0.473726
34336,0.473726
34337,0.473726
34338,0.473726
34339,0.473726
34340,0.473726
34341,0.473726
34342,0.473726
34343,0.473726
34344,0.473726
34345,0.473726
34346,0.473726
34347,0.473726
34348,0.473726
34349,0.473726
34350,0.473726
34351,0.473726
34352,0.473726
34353,0.473726
34354,0.473726
34355,0.473726
34356,0.473726
34357,0.473726
34358,0.473726
34359,0.473726
34360,0.473726
34361,0.473726
34362,0.473726
34363,0.473726
34364,0.473726
34365,0.473726
34366,0.473726
34367,0.473726
34368,0.473726
34369,0.473726
34370,0.473726
34371,0.473726
34372,0.473726
34373,0.473726
34374,0.473726
34375,0.473726
34376,0.473726
34377,0.473726
34378,0.473726
34379,0.473726
34380,0.473726
34381,0.473726
34382,0.473726
34383,0.473726
34384,0.473726
34385,0.473726
34386,0.473726
34387,0.473726
34388,0.473726
34389,0.473726
34390,0.473726
34391,0.473726
34392,0.473726
34393,0.473726
34394,0.473726
34395,0.473726
34396,0.473726
34397,0.473726
34398,0.473726
34399,0.473726
34400,0.473726
34401,0.473726
34402,0.473726
34403,0.473726
34404,0.473726
34405,0.473726
34406,0.473726
34407,0.473726
34408,0.473726
34409,0.473726
34410,0.473726
34411,0.473726
34412,0.473726
34413,0.473726
34414,0.473726
34415,0.473726
34416,0.473726
34417,0.473726
34418,0.473726
34419,0.473726
34420,0.473726
34421,0.473726
34422,0.473726
34423,0.473726
34424,0.473726
34425,0.473726
34426,0.473726
34427,0.473726
34428,0.473726
34429,0.473726
34430,0.473726
34431,0.473726
34432,0.473726
34433,0.473726
34434,0.473726
34435,0.473726
34436,0.473726
34437,0.473726
34438,0.473726
34439,0.473726
34440,0.473726
34441,0.473726
34442,0.473726
34443,0.473726
34444,0.473726
34445,0.473726
34446,0.473726
34447,0.473726
34448,0.473726
34449,0.473726
34450,0.473726
34451,0.473726
34452,0.473726
34453,0.473726
34454,0.473726
34455,0.473726
34456,0.473726
34457,0.473726
34458,0.473726
34459,0.473726
34460,0.473726
34461,0.473726
34462,0.473726
34463,0.473726
34464,0.473726
34465,0.473726
34466,0.473726
34467,0.473726
34468,0.473726
34469,0.473726
34470,0.473726
34471,0.473726
34472,0.473726
34473,0.473726
34474,0.473726
34475,0.473726
34476,0.473726
34477,0.473726
34478,0.473726
34479,0.473726
34480,0.473726
34481,0.473726
34482,0.473726
34483,0.473726
34484,0.473726
34485,0.473726
34486,0.473726
34487,0.473726
34488,0.473726
34489,0.473726
34490,0.473726
34491,0.473726
34492,0.473726
34493,0.473726
34494,0.473726
34495,0.473726
34496,0.473726
34497,0.473726
34498,0.473726
34499,0.473726
34500,0.473726
34501,0.473726
34502,0.473726
34503,0.473726
34504,0.473726
34505,0.473726
34506,0.473726
34507,0.473726
34508,0.473726
34509,0.473726
34510,0.473726
34511,0.473726
34512,0.473726
34513,0.473726
34514,0.473726
34515,0.473726
34516,0.473726
34517,0.473726
34518,0.473726
34519,0.473726
34520,0.473726
34521,0.473726
34522,0.473726
34523,0.473726
34524,0.473726
34525,0.473726
34526,0.473726
34527,0.473726
34528,0.473726
34529,0.473726
34530,0.473726
34531,0.473726
34532,0.473726
34533,0.473726
34534,0.473726
34535,0.473726
34536,0.473726
34537,0.473726
34538,0.473726
34539,0.473726
34540,0.473726
34541,0.473726
34542,0.473726
34543,0.473726
34544,0.473726
34545,0.473726
34546,0.473726
34547,0.473726
34548,0.473726
34549,0.473726
34550,0.473726
34551,0.473726
34552,0.473726
34553,0.473726
34554,0.473726
34555,0.472470
34556,0.473726
34557,0.473726
34558,0.473726
34559,0.473726
34560,0.473726
34561,0.473726
34562,0.473726
34563,0.473726
34564,0.473726
34565,0.473726
34566,0.473726
34567,0.473726
34568,0.473726
34569,0.473726
34570,0.473726
34571,0.473726
34572,0.473726
34573,0.473726
34574,0.473726
34575,0.473726
34576,0.473726
34577,0.473726
34578,0.473726
34579,0.473726
34580,0.473726
34581,0.473726
34582,0.473726
34583,0.473726
34584,0.473726
34585,0.473726
34586,0.473726
34587,0.473726
34588,0.473726
34589,0.473726
34590,0.473726
34591,0.473726
34592,0.473726
34593,0.473726
34594,0.473726
34595,0.473726
34596,0.477108
34597,0.477108
34598,0.473726
34599,0.473726
34600,0.473726
34601,0.473726
34602,0.473726
34603,0.473726
34604,0.473726
34605,0.473726
34606,0.473726
34607,0.473726
34608,0.473726
34609,0.473726
34610,0.473726
34611,0.473726
34612,0.473726
34613,0.473726
34614,0.473726
34615,0.473726
34616,0.473726
34617,0.473726
34618,0.473726
34619,0.473726
34620,0.473726
34621,0.473726
34622,0.473726
34623,0.473726
34624,0.473726
34625,0.473726
34626,0.473726
34627,0.473726
34628,0.473726
34629,0.473726
34630,0.473726
34631,0.473726
34632,0.473726
34633,0.473726
34634,0.473726
34635,0.473726
34636,0.473726
34637,0.473726
34638,0.473726
34639,0.473726
34640,0.473726
34641,0.473726
34642,0.473726
34643,0.473726
34644,0.473726
34645,0.473726
34646,0.473726
34647,0.473726
34648,0.473726
34649,0.473726
34650,0.473726
34651,0.473726
34652,0.473726
34653,0.473726
34654,0.473726
34655,0.473726
34656,0.473726
34657,0.473726
34658,0.473726
34659,0.473726
34660,0.473726
34661,0.473726
34662,0.473726
34663,0.473726
34664,0.473726
34665,0.473726
34666,0.473726
34667,0.473726
34668,0.473726
34669,0.473726
34670,0.473726
34671,0.473726
34672,0.473726
34673,0.473726
34674,0.473726
34675,0.473726
34676,0.473726
34677,0.473726
34678,0.473726
34679,0.473726
34680,0.473726
34681,0.473726
34682,0.473726
34683,0.473726
34684,0.473726
34685,0.473726
34686,0.473726
34687,0.473726
34688,0.473726
34689,0.473726
34690,0.473726
34691,0.473726
34692,0.473726
34693,0.473726
34694,0.473726
34695,0.473726
34696,0.473726
34697,0.473726
34698,0.473726
34699,0.473726
34700,0.473726
34701,0.473726
34702,0.473726
34703,0.473726
34704,0.473726
34705,0.473726
34706,0.473726
34707,0.473726
34708,0.473726
34709,0.473726
34710,0.473726
34711,0.473726
34712,0.473726
34713,0.473726
34714,0.473726
34715,0.473726
34716,0.473726
34717,0.473726
34718,0.473726
34719,0.473726
34720,0.473726
34721,0.473726
34722,0.473726
34723,0.473726
34724,0.473726
34725,0.473726
34726,0.473726
34727,0.473726
34728,0.473726
34729,0.473726
34730,0.473726
34731,0.473726
34732,0.473726
34733,0.473726
34734,0.473726
34735,0.473726
34736,0.473726
34737,0.473726
34738,0.473726
34739,0.473726
34740,0.473726
34741,0.473726
34742,0.473726
34743,0.473726
34744,0.473726
34745,0.473726
34746,0.473726
34747,0.473726
34748,0.473726
34749,0.473726
34750,0.473726
34751,0.473726
34752,0.473726
34753,0.473726
34754,0.473726
34755,0.473726
34756,0.473726
34757,0.473726
34758,0.473726
34759,0.473726
34760,0.473726
34761,0.473726
34762,0.473726
34763,0.473726
34764,0.473726
34765,0.473726
34766,0.473726
34767,0.473726
34768,0.473726
34769,0.473726
34770,0.473726
34771,0.473726
34772,0.473726
34773,0.473726
34774,0.473726
34775,0.473726
34776,0.473726
34777,0.473726
34778,0.473726
34779,0.473726
34780,0.473726
34781,0.473726
34782,0.473726
34783,0.473726
34784,0.473726
34785,0.473726
34786,0.473726
34787,0.473726
34788,0.473726
34789,0.473726
34790,0.473726
34791,0.473726
34792,0.473726
34793,0.473726
34794,0.473726
34795,0.473726
34796,0.473726
34797,0.473726
34798,0.473726
34799,0.473726
34800,0.473726
34801,0.473726
34802,0.473726
34803,0.473726
34804,0.473726
34805,0.473726
34806,0.473726
34807,0.473726
34808,0.473726
34809,0.473726
34810,0.473726
34811,0.473726
34812,0.473726
34813,0.473726
34814,0.473726
34815,0.473726
34816,0.473726
34817,0.473726
34818,0.473726
34819,0.473726
34820,0.473726
34821,0.473726
34822,0.473726
34823,0.473726
34824,0.473726
34825,0.473726
34826,0.473726
34827,0.473726
34828,0.473726
34829,0.473726
34830,0.473726
34831,0.473726
34832,0.473726
34833,0.473726
34834,0.473726
34835,0.473726
34836,0.473726
34837,0.473726
34838,0.473726
34839,0.473726
34840,0.473726
34841,0.473726
34842,0.473726
34843,0.473726
34844,0.473726
34845,0.473726
34846,0.473726
34847,0.473726
34848,0.473726
34849,0.473726
34850,0.473726
34851,0.473726
34852,0.473726
34853,0.473726
34854,0.473726
34855,0.473726
34856,0.473726
34857,0.473726
34858,0.473726
34859,0.473726
34860,0.473726
34861,0.473726
34862,0.473726
34863,0.473726
34864,0.473726
34865,0.473726
34866,0.473726
34867,0.473726
34868,0.473726
34869,0.473726
34870,0.473726
34871,0.473726
34872,0.473726
34873,0.473726
34874,0.473726
34875,0.473726
34876,0.473726
34877,0.473726
34878,0.473726
34879,0.473726
34880,0.473726
34881,0.473726
34882,0.473726
34883,0.473726
34884,0.473726
34885,0.473726
34886,0.473726
34887,0.473726
34888,0.473726
34889,0.473726
34890,0.473726
34891,0.473726
34892,0.473726
34893,0.473726
34894,0.473726
34895,0.473726
34896,0.473726
34897,0.473726
34898,0.473726
34899,0.473726
34900,0.473726
34901,0.473726
34902,0.473726
34903,0.473726
34904,0.473726
34905,0.473726
34906,0.473726
34907,0.473726
34908,0.473726
34909,0.473726
34910,0.473726
34911,0.473726
34912,0.473726
34913,0.473726
34914,0.473726
34915,0.473726
34916,0.473726
34917,0.473726
34918,0.473726
34919,0.473726
34920,0.473726
34921,0.473726
34922,0.473726
34923,0.473726
34924,0.473726
34925,0.473726
34926,0.473726
34927,0.473726
34928,0.473726
34929,0.473726
34930,0.473726
34931,0.473726
34932,0.473726
34933,0.473726
34934,0.433504
34935,0.433504
34936,0.433504
34937,0.433504
34938,0.433504
34939,0.473726
34940,0.473726
34941,0.473726
34942,0.473726
34943,0.473726
34944,0.473726
34945,0.473726
34946,0.473726
34947,0.473726
34948,0.473726
34949,0.473726
34950,0.473726
34951,0.473726
34952,0.473726
34953,0.473726
34954,0.473726
34955,0.473726
34956,0.473726
34957,0.473726
34958,0.473726
34959,0.473726
34960,0.473726
34961,0.473726
34962,0.473726
34963,0.473726
34964,0.473726
34965,0.473726
34966,0.473726
34967,0.473726
34968,0.473726
34969,0.473726
34970,0.473726
34971,0.473726
34972,0.473726
34973,0.473726
34974,0.473726
34975,0.473726
34976,0.473726
34977,0.473726
34978,0.473726
34979,0.473726
34980,0.473726
34981,0.473726
34982,0.473726
34983,0.473726
34984,0.473726
34985,0.473726
34986,0.473726
34987,0.473726
34988,0.473726
34989,0.473726
34990,0.473726
34991,0.473726
34992,0.473726
34993,0.473726
34994,0.473726
34995,0.473726
34996,0.473726
34997,0.473726
34998,0.473726
34999,0.473726
35000,0.473726
35001,0.473726
35002,0.473726
35003,0.473726
35004,0.473726
35005,0.473726
35006,0.473726
35007,0.473726
35008,0.473726
35009,0.473726
35010,0.473726
35011,0.473726
35012,0.473726
35013,0.473726
35014,0.473726
35015,0.473726
35016,0.473726
35017,0.473726
35018,0.473726
35019,0.473726
35020,0.473726
35021,0.473726
35022,0.473726
35023,0.473726
35024,0.473726
35025,0.473726
35026,0.473726
35027,0.473726
35028,0.473726
35029,0.473726
35030,0.473726
35031,0.473726
35032,0.473726
35033,0.473726
35034,0.473726
35035,0.473726
35036,0.473726
35037,0.473726
35038,0.473726
35039,0.473726
35040,0.473726
35041,0.473726
35042,0.473726
35043,0.473726
35044,0.473726
35045,0.473726
35046,0.473726
35047,0.473726
35048,0.471558
35049,0.471558
35050,0.471558
35051,0.473726
35052,0.473726
35053,0.447874
35054,0.447874
35055,0.447874
35056,0.473726
35057,0.473726
35058,0.473726
35059,0.473726
35060,0.473726
35061,0.473726
35062,0.473726
35063,0.473726
35064,0.473726
35065,0.473726
35066,0.473726
35067,0.473726
35068,0.473726
35069,0.473726
35070,0.473726
35071,0.473726
35072,0.473726
35073,0.473726
35074,0.473726
35075,0.473726
35076,0.473726
35077,0.473726
35078,0.473726
35079,0.473726
35080,0.473726
35081,0.473726
35082,0.473726
35083,0.473726
35084,0.445946
35085,0.473726
35086,0.473726
35087,0.477108
35088,0.473726
35089,0.473726
35090,0.473726
35091,0.473726
35092,0.473726
35093,0.473726
35094,0.473726
35095,0.473726
35096,0.473726
35097,0.473726
35098,0.473726
35099,0.473726
35100,0.473726
35101,0.473726
35102,0.473726
35103,0.473726
35104,0.473726
35105,0.473726
35106,0.473726
35107,0.473726
35108,0.473726
35109,0.473726
35110,0.473726
35111,0.473726
35112,0.473726
35113,0.473726
35114,0.473726
35115,0.473726
35116,0.473726
35117,0.473726
35118,0.473726
35119,0.473726
35120,0.473726
35121,0.473726
35122,0.473726
35123,0.473726
35124,0.473726
35125,0.473726
35126,0.471558
35127,0.471558
35128,0.471558
35129,0.473726
35130,0.473726
35131,0.473726
35132,0.436386
35133,0.473726
35134,0.473726
35135,0.473726
35136,0.473726
35137,0.471558
35138,0.471558
35139,0.471558
35140,0.471558
35141,0.470137
35142,0.476190
35143,0.476190
35144,0.476917
35145,0.476917
35146,0.476917
35147,0.476917
35148,0.439227
35149,0.439227
35150,0.439227
35151,0.476190
35152,0.473726
35153,0.473726
35154,0.473726
35155,0.451721
35156,0.451721
35157,0.451721
35158,0.473726
35159,0.473726
35160,0.473726
35161,0.473726
35162,0.473726
35163,0.473726
35164,0.473726
35165,0.473726
35166,0.473726
35167,0.476190
35168,0.476190
35169,0.476190
35170,0.476190
35171,0.476190
35172,0.476190
35173,0.476190
35174,0.473726
35175,0.473726
35176,0.473726
35177,0.473726
35178,0.473726
35179,0.473726
35180,0.473726
35181,0.473726
35182,0.473726
35183,0.473726
35184,0.473726
35185,0.473726
35186,0.473726
35187,0.458639
35188,0.458639
35189,0.458639
35190,0.458639
35191,0.458639
35192,0.460345
35193,0.458639
35194,0.458550
35195,0.473726
35196,0.473726
35197,0.473726
35198,0.473726
35199,0.473726
35200,0.473726
35201,0.473726
35202,0.471558
35203,0.471558
35204,0.471558
35205,0.471558
35206,0.473726
35207,0.473726
35208,0.473726
35209,0.473726
35210,0.473726
35211,0.473726
35212,0.473726
35213,0.473726
35214,0.473726
35215,0.473726
35216,0.471558
35217,0.471558
35218,0.473726
35219,0.475138
35220,0.475138
35221,0.453009
35222,0.453009
35223,0.453009
35224,0.458639
35225,0.458639
35226,0.458639
35227,0.475138
35228,0.475138
35229,0.473726
35230,0.475138
35231,0.458865
35232,0.453009
35233,0.473726
35234,0.473726
35235,0.473726
35236,0.473726
35237,0.471558
35238,0.471558
35239,0.471558
35240,0.471558
35241,0.471558
35242,0.471558
35243,0.471558
35244,0.471558
35245,0.475138
35246,0.458639
35247,0.462639
35248,0.462639
35249,0.462639
35250,0.460071
35251,0.475138
35252,0.475138
35253,0.475138
35254,0.475138
35255,0.475138
35256,0.475138
35257,0.475138
35258,0.475138
35259,0.475138
35260,0.475138
35261,0.475138
35262,0.475138
35263,0.475138
35264,0.475138
35265,0.475138
35266,0.475138
35267,0.475138
35268,0.475138
35269,0.473726
35270,0.471558
35271,0.475138
35272,0.475138
35273,0.475138
35274,0.475138
35275,0.472785
35276,0.472785
35277,0.472785
35278,0.472785
35279,0.472785
35280,0.472785
35281,0.472785
35282,0.472785
35283,0.472785
35284,0.472785
35285,0.472785
35286,0.472785
35287,0.472785
35288,0.464047
35289,0.464047
35290,0.463683
35291,0.475138
35292,0.475138
35293,0.475138
35294,0.475138
35295,0.475138
35296,0.475138
35297,0.475138
35298,0.475138
35299,0.475138
35300,0.475138
35301,0.475138
35302,0.475138
35303,0.475138
35304,0.475138
35305,0.475138
35306,0.475138
35307,0.475138
35308,0.475138
35309,0.475138
35310,0.475138
35311,0.472785
35312,0.472785
35313,0.472785
35314,0.472785
35315,0.472785
35316,0.472785
35317,0.472785
35318,0.460372
35319,0.460372
35320,0.472785
35321,0.472785
35322,0.475138
35323,0.475138
35324,0.475138
35325,0.475475
35326,0.459920
35327,0.459920
35328,0.459920
35329,0.474080
35330,0.475475
35331,0.475851
35332,0.475138
35333,0.475138
35334,0.475138
35335,0.475138
35336,0.475138
35337,0.464737
35338,0.464737
35339,0.464737
35340,0.475138
35341,0.475138
35342,0.475138
35343,0.472785
35344,0.472785
35345,0.472785
35346,0.472785
35347,0.472785
35348,0.472245
35349,0.462762
35350,0.462762
35351,0.462762
35352,0.466516
35353,0.466516
35354,0.466516
35355,0.465414
35356,0.465414
35357,0.465414
35358,0.465774
35359,0.465774
35360,0.465774
35361,0.465774
35362,0.463683
35363,0.475138
35364,0.475138
35365,0.475138
35366,0.475138
35367,0.475138
35368,0.475138
35369,0.455405
35370,0.455405
35371,0.456971
35372,0.455405
35373,0.460448
35374,0.460448
35375,0.475138
35376,0.475138
35377,0.475138
35378,0.475138
35379,0.475138
35380,0.475138
35381,0.475138
35382,0.475138
35383,0.475138
35384,0.475138
35385,0.475138
35386,0.472785
35387,0.460372
35388,0.460372
35389,0.460372
35390,0.460372
35391,0.460372
35392,0.454172
35393,0.465834
35394,0.475138
35395,0.475138
35396,0.475138
35397,0.455405
35398,0.456971
35399,0.456971
35400,0.455405
35401,0.475851
35402,0.475851
35403,0.475851
35404,0.475851
35405,0.475851
35406,0.475851
35407,0.475138
35408,0.475138
35409,0.475138
35410,0.475138
35411,0.475138
35412,0.475138
35413,0.475138
35414,0.475138
35415,0.475138
35416,0.475138
35417,0.475138
35418,0.475138
35419,0.475138
35420,0.475138
35421,0.475138
35422,0.475138
35423,0.475138
35424,0.472785
35425,0.472785
35426,0.472245
35427,0.472785
35428,0.472785
35429,0.472785
35430,0.474970
35431,0.474970
35432,0.474970
35433,0.458860
35434,0.458860
35435,0.458860
35436,0.444374
35437,0.458860
35438,0.458860
35439,0.474970
35440,0.475138
35441,0.475138
35442,0.475138
35443,0.475138
35444,0.475138
35445,0.475138
35446,0.475138
35447,0.475138
35448,0.475138
35449,0.475138
35450,0.475138
35451,0.475138
35452,0.475138
35453,0.475138
35454,0.475138
35455,0.475138
35456,0.475138
35457,0.475138
35458,0.475138
35459,0.475138
35460,0.475138
35461,0.475138
35462,0.475138
35463,0.475138
35464,0.475138
35465,0.475138
35466,0.475138
35467,0.475138
35468,0.475138
35469,0.475138
35470,0.458860
35471,0.458860
35472,0.458860
35473,0.458860
35474,0.458860
35475,0.455405
35476,0.456971
35477,0.456971
35478,0.475138
35479,0.475138
35480,0.475138
35481,0.475138
35482,0.475138
35483,0.475138
35484,0.475138
35485,0.475138
35486,0.475138
35487,0.475138
35488,0.475138
35489,0.475138
35490,0.475138
35491,0.475138
35492,0.475138
35493,0.475138
35494,0.475138
35495,0.475138
35496,0.475138
35497,0.475138
35498,0.475138
35499,0.475138
35500,0.475138
35501,0.475138
35502,0.475138
35503,0.475138
35504,0.475138
35505,0.475138
35506,0.475138
35507,0.475138
35508,0.475138
35509,0.475138
35510,0.475138
35511,0.475138
35512,0.475138
35513,0.475138
35514,0.475138
35515,0.475138
35516,0.475138
35517,0.475138
35518,0.475138
35519,0.474970
35520,0.474970
35521,0.475138
35522,0.475138
35523,0.475138
35524,0.475138
35525,0.475138
35526,0.475138
35527,0.475138
35528,0.475138
35529,0.475138
35530,0.475138
35531,0.475138
35532,0.475138
35533,0.475138
35534,0.475138
35535,0.475138
35536,0.475138
35537,0.475138
35538,0.475138
35539,0.475138
35540,0.475138
35541,0.475138
35542,0.475138
35543,0.475138
35544,0.474970
35545,0.467052
35546,0.467052
35547,0.467052
35548,0.467052
35549,0.467052
35550,0.467052
35551,0.474970
35552,0.474970
35553,0.474970
35554,0.474970
35555,0.474970
35556,0.474970
35557,0.474970
35558,0.475138
35559,0.475138
35560,0.475138
35561,0.475138
35562,0.475138
35563,0.474970
35564,0.474970
35565,0.474970
35566,0.475138
35567,0.475138
35568,0.475138
35569,0.475138
35570,0.475138
35571,0.475138
35572,0.475138
35573,0.475138
35574,0.475138
35575,0.475138
35576,0.475138
35577,0.475138
35578,0.475138
35579,0.475138
35580,0.475138
35581,0.475138
35582,0.475138
35583,0.475138
35584,0.475138
35585,0.475138
35586,0.475138
35587,0.475138
35588,0.475138
35589,0.475138
35590,0.475138
35591,0.475138
35592,0.474970
35593,0.474970
35594,0.474970
35595,0.474970
35596,0.474970
35597,0.475138
35598,0.475138
35599,0.475138
35600,0.475138
35601,0.475138
35602,0.475138
35603,0.475138
35604,0.475138
35605,0.475138
35606,0.475138
35607,0.471884
35608,0.475138
35609,0.475138
35610,0.475138
35611,0.475138
35612,0.475138
35613,0.475138
35614,0.475138
35615,0.475138
35616,0.475138
35617,0.475138
35618,0.475138
35619,0.475138
35620,0.475138
35621,0.475138
35622,0.475138
35623,0.475138
35624,0.475138
35625,0.475138
35626,0.475138
35627,0.475138
35628,0.475138
35629,0.475138
35630,0.475138
35631,0.475138
35632,0.475138
35633,0.475138
35634,0.475138
35635,0.475138
35636,0.474970
35637,0.475138
35638,0.475138
35639,0.475138
35640,0.475138
35641,0.475138
35642,0.475138
35643,0.475138
35644,0.475138
35645,0.475138
35646,0.474970
35647,0.474970
35648,0.475138
35649,0.475138
35650,0.475138
35651,0.475138
35652,0.475138
35653,0.475138
35654,0.475138
35655,0.475138
35656,0.475138
35657,0.475138
35658,0.475138
35659,0.475138
35660,0.475138
35661,0.475138
35662,0.475138
35663,0.475138
35664,0.475138
35665,0.475138
35666,0.475138
35667,0.475138
35668,0.475138
35669,0.475138
35670,0.475138
35671,0.475138
35672,0.475138
35673,0.475138
35674,0.475138
35675,0.475138
35676,0.475138
35677,0.475138
35678,0.475138
35679,0.475138
35680,0.475138
35681,0.475138
35682,0.475138
35683,0.475138
35684,0.475138
35685,0.475138
35686,0.475138
35687,0.475138
35688,0.475138
35689,0.475138
35690,0.475138
35691,0.475138
35692,0.475138
35693,0.475138
35694,0.475138
35695,0.475138
35696,0.475138
35697,0.475138
35698,0.475138
35699,0.475138
35700,0.475138
35701,0.475138
35702,0.475138
35703,0.475138
35704,0.475138
35705,0.475138
35706,0.475138
35707,0.475138
35708,0.475138
35709,0.475138
35710,0.475138
35711,0.475138
35712,0.475138
35713,0.475138
35714,0.475138
35715,0.475138
35716,0.475138
35717,0.475138
35718,0.475138
35719,0.475138
35720,0.475138
35721,0.475138
35722,0.475138
35723,0.475138
35724,0.475138
35725,0.475138
35726,0.475138
35727,0.475138
35728,0.475138
35729,0.475138
35730,0.475138
35731,0.475138
35732,0.475138
35733,0.475138
35734,0.475138
35735,0.475138
35736,0.475138
35737,0.475138
35738,0.475138
35739,0.475138
35740,0.475138
35741,0.475138
35742,0.475138
35743,0.475138
35744,0.475138
35745,0.475138
35746,0.475138
35747,0.475138
35748,0.475138
35749,0.475138
35750,0.475138
35751,0.475138
35752,0.475138
35753,0.475138
35754,0.475138
35755,0.475138
35756,0.475138
35757,0.475138
35758,0.475138
35759,0.475138
35760,0.475138
35761,0.475138
35762,0.475138
35763,0.475138
35764,0.475138
35765,0.475138
35766,0.475138
35767,0.475138
35768,0.475138
35769,0.475138
35770,0.475138
35771,0.475138
35772,0.475138
35773,0.475138
35774,0.475138
35775,0.475138
35776,0.475138
35777,0.475138
35778,0.475138
35779,0.475138
35780,0.475138
35781,0.475138
35782,0.475138
35783,0.475138
35784,0.475138
35785,0.475138
35786,0.475138
35787,0.475138
35788,0.475138
35789,0.475138
35790,0.475138
35791,0.475138
35792,0.475138
35793,0.475138
35794,0.475138
35795,0.475138
35796,0.475138
35797,0.475138
35798,0.475138
35799,0.475138
35800,0.475138
35801,0.475138
35802,0.475138
35803,0.475138
35804,0.475138
35805,0.475138
35806,0.475138
35807,0.475138
35808,0.475138
35809,0.475138
35810,0.475138
35811,0.475138
35812,0.475138
35813,0.475138
35814,0.475138
35815,0.475138
35816,0.475138
35817,0.475138
35818,0.475138
35819,0.475138
35820,0.475138
35821,0.475138
35822,0.475138
35823,0.475138
35824,0.475138
35825,0.475138
35826,0.475138
35827,0.475138
35828,0.475138
35829,0.475138
35830,0.475138
35831,0.475138
35832,0.475138
35833,0.475138
35834,0.475138
35835,0.475138
35836,0.475138
35837,0.475138
35838,0.475138
35839,0.475138
35840,0.475138
35841,0.475138
35842,0.475138
35843,0.475138
35844,0.475138
35845,0.475138
35846,0.475138
35847,0.475138
35848,0.475138
35849,0.475138
35850,0.475138
35851,0.475138
35852,0.475138
35853,0.474970
35854,0.475138
35855,0.475138
35856,0.475138
35857,0.475138
35858,0.475138
35859,0.475138
35860,0.475138
35861,0.475138
35862,0.475138
35863,0.475138
35864,0.475138
35865,0.475138
35866,0.475138
35867,0.475138
35868,0.475138
35869,0.475138
35870,0.475138
35871,0.475138
35872,0.475138
35873,0.475138
35874,0.475138
35875,0.475138
35876,0.475138
35877,0.475138
35878,0.475138
35879,0.475138
35880,0.475138
35881,0.475138
35882,0.475138
35883,0.475138
35884,0.475138
35885,0.475138
35886,0.475138
35887,0.475138
35888,0.475138
35889,0.475138
35890,0.475138
35891,0.475138
35892,0.475138
35893,0.475138
35894,0.475138
35895,0.475138
35896,0.475138
35897,0.475138
35898,0.475138
35899,0.475138
35900,0.475138
35901,0.475138
35902,0.475138
35903,0.475138
35904,0.475138
35905,0.475138
35906,0.475138
35907,0.475138
35908,0.475138
35909,0.475138
35910,0.475138
35911,0.475138
35912,0.475138
35913,0.475138
35914,0.475138
35915,0.475138
35916,0.475138
35917,0.475138
35918,0.475138
35919,0.475138
35920,0.475138
35921,0.475138
35922,0.475138
35923,0.475138
35924,0.475138
35925,0.475138
35926,0.475138
35927,0.475138
35928,0.475138
35929,0.475138
35930,0.475138
35931,0.475138
35932,0.475138
35933,0.475138
35934,0.475138
35935,0.475138
35936,0.475138
35937,0.475138
35938,0.475138
35939,0.475138
35940,0.475138
35941,0.475138
35942,0.474970
35943,0.471884
35944,0.471884
35945,0.474970
35946,0.475138
35947,0.475138
35948,0.475138
35949,0.475138
35950,0.475138
35951,0.475138
35952,0.475138
35953,0.474970
35954,0.474970
35955,0.474970
35956,0.460816
35957,0.474970
35958,0.474970
35959,0.475138
35960,0.475138
35961,0.475138
35962,0.475138
35963,0.475138
35964,0.475138
35965,0.475138
35966,0.475138
35967,0.475138
35968,0.475138
35969,0.475138
35970,0.474970
35971,0.474970
35972,0.474970
35973,0.474970
35974,0.474970
35975,0.475138
35976,0.475138
35977,0.475138
35978,0.475138
35979,0.475138
35980,0.475138
35981,0.474970
35982,0.471884
35983,0.471884
35984,0.474970
35985,0.474970
35986,0.475138
35987,0.475138
35988,0.475138
35989,0.475138
35990,0.475138
35991,0.475138
35992,0.474970
35993,0.471884
35994,0.471884
35995,0.471884
35996,0.474970
35997,0.474970
35998,0.474970
35999,0.475138
36000,0.475138
36001,0.475138
36002,0.475138
36003,0.475138
36004,0.475138
36005,0.475138
36006,0.475138
36007,0.474970
36008,0.474970
36009,0.474970
36010,0.474970
36011,0.475138
36012,0.475138
36013,0.475138
36014,0.475138
36015,0.475138
36016,0.475138
36017,0.475138
36018,0.475138
36019,0.475138
36020,0.475138
36021,0.474970
36022,0.474970
36023,0.474970
36024,0.474970
36025,0.475138
36026,0.475138
36027,0.475138
36028,0.475138
36029,0.475138
36030,0.474970
36031,0.474970
36032,0.474970
36033,0.474970
36034,0.474970
36035,0.474970
36036,0.474970
36037,0.474970
36038,0.474970
36039,0.474970
36040,0.474970
36041,0.475138
36042,0.474970
36043,0.474970
36044,0.471884
36045,0.468558
36046,0.448187
36047,0.470268
36048,0.469551
36049,0.469551
36050,0.475138
36051,0.475138
36052,0.475138
36053,0.475138
36054,0.475138
36055,0.475138
36056,0.475138
36057,0.475138
36058,0.475138
36059,0.475138
36060,0.475138
36061,0.475138
36062,0.475138
36063,0.475138
36064,0.475138
36065,0.475138
36066,0.475138
36067,0.475138
36068,0.475138
36069,0.475138
36070,0.475138
36071,0.475138
36072,0.475138
36073,0.475138
36074,0.475138
36075,0.475138
36076,0.475138
36077,0.475138
36078,0.475138
36079,0.475138
36080,0.475138
36081,0.475138
36082,0.475138
36083,0.475138
36084,0.474970
36085,0.474970
36086,0.474970
36087,0.474970
36088,0.474970
36089,0.474970
36090,0.474970
36091,0.474970
36092,0.474970
36093,0.474970
36094,0.474970
36095,0.474970
36096,0.474970
36097,0.474970
36098,0.474970
36099,0.474970
36100,0.474970
36101,0.474970
36102,0.475138
36103,0.475138
36104,0.475138
36105,0.475138
36106,0.475138
36107,0.475138
36108,0.475138
36109,0.475138
36110,0.475138
36111,0.475138
36112,0.475138
36113,0.475138
36114,0.475138
36115,0.475138
36116,0.475138
36117,0.475138
36118,0.475138
36119,0.475138
36120,0.475138
36121,0.475138
36122,0.475138
36123,0.475138
36124,0.475138
36125,0.475138
36126,0.475138
36127,0.475138
36128,0.475138
36129,0.475138
36130,0.475138
36131,0.475138
36132,0.475138
36133,0.475138
36134,0.475138
36135,0.475138
36136,0.475138
36137,0.475138
36138,0.475138
36139,0.475138
36140,0.475138
36141,0.475138
36142,0.475138
36143,0.475138
36144,0.475138
36145,0.475138
36146,0.475138
36147,0.475138
36148,0.475138
36149,0.475138
36150,0.475138
36151,0.475138
36152,0.475138
36153,0.475138
36154,0.475138
36155,0.475138
36156,0.475138
36157,0.475138
36158,0.475138
36159,0.475138
36160,0.475138
36161,0.475138
36162,0.475138
36163,0.475138
36164,0.475138
36165,0.475138
36166,0.475138
36167,0.475138
36168,0.475138
36169,0.475138
36170,0.475138
36171,0.475138
36172,0.475138
36173,0.475138
36174,0.475138
36175,0.475138
36176,0.475138
36177,0.475138
36178,0.475138
36179,0.475138
36180,0.475138
36181,0.475138
36182,0.475138
36183,0.467263
36184,0.475138
36185,0.475138
36186,0.475138
36187,0.475138
36188,0.475138
36189,0.475138
36190,0.475138
36191,0.475138
36192,0.475138
36193,0.475138
36194,0.475138
36195,0.475138
36196,0.475138
36197,0.475138
36198,0.475138
36199,0.475138
36200,0.475138
36201,0.475138
36202,0.475138
36203,0.475138
36204,0.475138
36205,0.475138
36206,0.475138
36207,0.475138
36208,0.475138
36209,0.475138
36210,0.475138
36211,0.475138
36212,0.475138
36213,0.475138
36214,0.475138
36215,0.475138
36216,0.475138
36217,0.475138
36218,0.475138
36219,0.475138
36220,0.475138
36221,0.475138
36222,0.475138
36223,0.475138
36224,0.475138
36225,0.475138
36226,0.475138
36227,0.475138
36228,0.475138
36229,0.475138
36230,0.475138
36231,0.475138
36232,0.475138
36233,0.475138
36234,0.475138
36235,0.475138
36236,0.475138
36237,0.475138
36238,0.475138
36239,0.475138
36240,0.475138
36241,0.475138
36242,0.475138
36243,0.475138
36244,0.475138
36245,0.475138
36246,0.475138
36247,0.475138
36248,0.475138
36249,0.475138
36250,0.475138
36251,0.475138
36252,0.475138
36253,0.475138
36254,0.475138
36255,0.475138
36256,0.475138
36257,0.475138
36258,0.475138
36259,0.475138
36260,0.475138
36261,0.475138
36262,0.475138
36263,0.475138
36264,0.475138
36265,0.475138
36266,0.475138
36267,0.475138
36268,0.475138
36269,0.475138
36270,0.475138
36271,0.475138
36272,0.475138
36273,0.475138
36274,0.475138
36275,0.475138
36276,0.475138
36277,0.475138
36278,0.475138
36279,0.475138
36280,0.475138
36281,0.475138
36282,0.475138
36283,0.475138
36284,0.475138
36285,0.475138
36286,0.475138
36287,0.475138
36288,0.475138
36289,0.475138
36290,0.475138
36291,0.475138
36292,0.475138
36293,0.475138
36294,0.475138
36295,0.475138
36296,0.475138
36297,0.475138
36298,0.475138
36299,0.475138
36300,0.475138
36301,0.475138
36302,0.475138
36303,0.475138
36304,0.475138
36305,0.475138
36306,0.475138
36307,0.475138
36308,0.475138
36309,0.475138
36310,0.475138
36311,0.475138
36312,0.475138
36313,0.475138
36314,0.475138
36315,0.475138
36316,0.475138
36317,0.475138
36318,0.475138
36319,0.475138
36320,0.475138
36321,0.475138
36322,0.475138
36323,0.475138
36324,0.475138
36325,0.475138
36326,0.475138
36327,0.475138
36328,0.475138
36329,0.475138
36330,0.475138
36331,0.475138
36332,0.475138
36333,0.475138
36334,0.475138
36335,0.475138
36336,0.475138
36337,0.475138
36338,0.475138
36339,0.475138
36340,0.475138
36341,0.475138
36342,0.475138
36343,0.475138
36344,0.475138
36345,0.475138
36346,0.475138
36347,0.475138
36348,0.475138
36349,0.475138
36350,0.475138
36351,0.475138
36352,0.475138
36353,0.475138
36354,0.475138
36355,0.475138
36356,0.475138
36357,0.475138
36358,0.475138
36359,0.475138
36360,0.475138
36361,0.475138
36362,0.475138
36363,0.475138
36364,0.475138
36365,0.475138
36366,0.475138
36367,0.475138
36368,0.475138
36369,0.475138
36370,0.475138
36371,0.475138
36372,0.475138
36373,0.475138
36374,0.475138
36375,0.475138
36376,0.475138
36377,0.475138
36378,0.475138
36379,0.475138
36380,0.475138
36381,0.475138
36382,0.475138
36383,0.475138
36384,0.475138
36385,0.475138
36386,0.475138
36387,0.475138
36388,0.475138
36389,0.475138
36390,0.475138
36391,0.475138
36392,0.475138
36393,0.475138
36394,0.475138
36395,0.475138
36396,0.475138
36397,0.475138
36398,0.475138
36399,0.475138
36400,0.475138
36401,0.475138
36402,0.475138
36403,0.475138
36404,0.475138
36405,0.475138
36406,0.475138
36407,0.475138
36408,0.475138
36409,0.475138
36410,0.475138
36411,0.475138
36412,0.475138
36413,0.475138
36414,0.475138
36415,0.475138
36416,0.475138
36417,0.475138
36418,0.475138
36419,0.475138
36420,0.475138
36421,0.475138
36422,0.475138
36423,0.475138
36424,0.475138
36425,0.475138
36426,0.475138
36427,0.475138
36428,0.475138
36429,0.475138
36430,0.475138
36431,0.475138
36432,0.475138
36433,0.475138
36434,0.475138
36435,0.475138
36436,0.475138
36437,0.475138
36438,0.475138
36439,0.475138
36440,0.475138
36441,0.475138
36442,0.475138
36443,0.475138
36444,0.475138
36445,0.475138
36446,0.475138
36447,0.475138
36448,0.475138
36449,0.475138
36450,0.475138
36451,0.475138
36452,0.475138
36453,0.475138
36454,0.475138
36455,0.475138
36456,0.475138
36457,0.475138
36458,0.475138
36459,0.475138
36460,0.475138
36461,0.475138
36462,0.475138
36463,0.475138
36464,0.475138
36465,0.475138
36466,0.475138
36467,0.475138
36468,0.475138
36469,0.475138
36470,0.475138
36471,0.475138
36472,0.475138
36473,0.475138
36474,0.475138
36475,0.475138
36476,0.475138
36477,0.475138
36478,0.475138
36479,0.475138
36480,0.475138
36481,0.475138
36482,0.475138
36483,0.475138
36484,0.475138
36485,0.475138
36486,0.475138
36487,0.475138
36488,0.475138
36489,0.475138
36490,0.475138
36491,0.475138
36492,0.475138
36493,0.475138
36494,0.475138
36495,0.475138
36496,0.475138
36497,0.475138
36498,0.475138
36499,0.475138
36500,0.475138
36501,0.475138
36502,0.475138
36503,0.475138
36504,0.475138
36505,0.475138
36506,0.475138
36507,0.475138
36508,0.475138
36509,0.475138
36510,0.475138
36511,0.475138
36512,0.475138
36513,0.475138
36514,0.475138
36515,0.475138
36516,0.475138
36517,0.475138
36518,0.475138
36519,0.475138
36520,0.475138
36521,0.475138
36522,0.475138
36523,0.475138
36524,0.475138
36525,0.475138
36526,0.475138
36527,0.475138
36528,0.475138
36529,0.475138
36530,0.475138
36531,0.475138
36532,0.475138
36533,0.475138
36534,0.475138
36535,0.475138
36536,0.475138
36537,0.475138
36538,0.475138
36539,0.475138
36540,0.475138
36541,0.475138
36542,0.475138
36543,0.475138
36544,0.475138
36545,0.475138
36546,0.475138
36547,0.475138
36548,0.475138
36549,0.475138
36550,0.475138
36551,0.475138
36552,0.475138
36553,0.475138
36554,0.475138
36555,0.475138
36556,0.475138
36557,0.475138
36558,0.475138
36559,0.475138
36560,0.475138
36561,0.475138
36562,0.475138
36563,0.475138
36564,0.475138
36565,0.475138
36566,0.475138
36567,0.475138
36568,0.475138
36569,0.475138
36570,0.475138
36571,0.475138
36572,0.475138
36573,0.475138
36574,0.475138
36575,0.475138
36576,0.475138
36577,0.475138
36578,0.475138
36579,0.475138
36580,0.475138
36581,0.475138
36582,0.475138
36583,0.475138
36584,0.475138
36585,0.475138
36586,0.475138
36587,0.475138
36588,0.475138
36589,0.475138
36590,0.475138
36591,0.475138
36592,0.475138
36593,0.475138
36594,0.475138
36595,0.475138
36596,0.475138
36597,0.475138
36598,0.475138
36599,0.475138
36600,0.475138
36601,0.475138
36602,0.475138
36603,0.475138
36604,0.475138
36605,0.475138
36606,0.475138
36607,0.475138
36608,0.475138
36609,0.475138
36610,0.475138
36611,0.475138
36612,0.475138
36613,0.475138
36614,0.475138
36615,0.475138
36616,0.475138
36617,0.475138
36618,0.475138
36619,0.475138
36620,0.475138
36621,0.475138
36622,0.475138
36623,0.475138
36624,0.475138
36625,0.475138
36626,0.475138
36627,0.475138
36628,0.475138
36629,0.475138
36630,0.475138
36631,0.475138
36632,0.475138
36633,0.475138
36634,0.475138
36635,0.475138
36636,0.475138
36637,0.475138
36638,0.475138
36639,0.475138
36640,0.475138
36641,0.475138
36642,0.475138
36643,0.475138
36644,0.475138
36645,0.475138
36646,0.475138
36647,0.475138
36648,0.475138
36649,0.475138
36650,0.475138
36651,0.475138
36652,0.475138
36653,0.475138
36654,0.475138
36655,0.475138
36656,0.475138
36657,0.475138
36658,0.475138
36659,0.475138
36660,0.475138
36661,0.475138
36662,0.475138
36663,0.475138
36664,0.475138
36665,0.475138
36666,0.475138
36667,0.475138
36668,0.475138
36669,0.475138
36670,0.475138
36671,0.475138
36672,0.475138
36673,0.475138
36674,0.475138
36675,0.475138
36676,0.475138
36677,0.475138
36678,0.475138
36679,0.475138
36680,0.475138
36681,0.475138
36682,0.475138
36683,0.475138
36684,0.475138
36685,0.475138
36686,0.475138
36687,0.475138
36688,0.475138
36689,0.475138
36690,0.475138
36691,0.475138
36692,0.475138
36693,0.475138
36694,0.475138
36695,0.475138
36696,0.475138
36697,0.475138
36698,0.475138
36699,0.475138
36700,0.475138
36701,0.475138
36702,0.475138
36703,0.475138
36704,0.475138
36705,0.475138
36706,0.475138
36707,0.475138
36708,0.475138
36709,0.475138
36710,0.475138
36711,0.475138
36712,0.475138
36713,0.475138
36714,0.475138
36715,0.475138
36716,0.475138
36717,0.475138
36718,0.475138
36719,0.475138
36720,0.475138
36721,0.475138
36722,0.475138
36723,0.475138
36724,0.475138
36725,0.475138
36726,0.475138
36727,0.475138
36728,0.475138
36729,0.475138
36730,0.475138
36731,0.475138
36732,0.475138
36733,0.475138
36734,0.475138
36735,0.475138
36736,0.475138
36737,0.475138
36738,0.475138
36739,0.475138
36740,0.475138
36741,0.475138
36742,0.475138
36743,0.475138
36744,0.475138
36745,0.475138
36746,0.475138
36747,0.475138
36748,0.475138
36749,0.475138
36750,0.475138
36751,0.475138
36752,0.475138
36753,0.475138
36754,0.475138
36755,0.475138
36756,0.475138
36757,0.475138
36758,0.475138
36759,0.475138
36760,0.475138
36761,0.475138
36762,0.475138
36763,0.475138
36764,0.475138
36765,0.475138
36766,0.475138
36767,0.475138
36768,0.475138
36769,0.475138
36770,0.475138
36771,0.475138
36772,0.475138
36773,0.475138
36774,0.475138
36775,0.475138
36776,0.475138
36777,0.475138
36778,0.475138
36779,0.475138
36780,0.475138
36781,0.475138
36782,0.475138
36783,0.475138
36784,0.475138
36785,0.475138
36786,0.475138
36787,0.475138
36788,0.475138
36789,0.475138
36790,0.475138
36791,0.475138
36792,0.475138
36793,0.475138
36794,0.475138
36795,0.475138
36796,0.475138
36797,0.475138
36798,0.475138
36799,0.475138
36800,0.475138
36801,0.475138
36802,0.475138
36803,0.475138
36804,0.475138
36805,0.475138
36806,0.475138
36807,0.475138
36808,0.475138
36809,0.475138
36810,0.475138
36811,0.475138
36812,0.475138
36813,0.475138
36814,0.475138
36815,0.475138
36816,0.475138
36817,0.475138
36818,0.475138
36819,0.475138
36820,0.475138
36821,0.475138
36822,0.475138
36823,0.475138
36824,0.475138
36825,0.475138
36826,0.475138
36827,0.475138
36828,0.475138
36829,0.475138
36830,0.475138
36831,0.475138
36832,0.475138
36833,0.475138
36834,0.475138
36835,0.475138
36836,0.475138
36837,0.475138
36838,0.475138
36839,0.475138
36840,0.475138
36841,0.475138
36842,0.475138
36843,0.475138
36844,0.475138
36845,0.475138
36846,0.475138
36847,0.475138
36848,0.475138
36849,0.475138
36850,0.475138
36851,0.475138
36852,0.475138
36853,0.475138
36854,0.475138
36855,0.475138
36856,0.475138
36857,0.475138
36858,0.475138
36859,0.475138
36860,0.475138
36861,0.475138
36862,0.475138
36863,0.475138
36864,0.475138
36865,0.475138
36866,0.475138
36867,0.473726
36868,0.473726
36869,0.473726
36870,0.473726
36871,0.473726
36872,0.475138
36873,0.475138
36874,0.475138
36875,0.475138
36876,0.475138
36877,0.475138
36878,0.475138
36879,0.475138
36880,0.475138
36881,0.475138
36882,0.475138
36883,0.475138
36884,0.475138
36885,0.475138
36886,0.475138
36887,0.475138
36888,0.475138
36889,0.475138
36890,0.475138
36891,0.475138
36892,0.475138
36893,0.475138
36894,0.475138
36895,0.475138
36896,0.475138
36897,0.475138
36898,0.475138
36899,0.475138
36900,0.475138
36901,0.475138
36902,0.475138
36903,0.475138
36904,0.475138
36905,0.475138
36906,0.475138
36907,0.475138
36908,0.475138
36909,0.475138
36910,0.475138
36911,0.475138
36912,0.475138
36913,0.475138
36914,0.475138
36915,0.475138
36916,0.475138
36917,0.475138
36918,0.475138
36919,0.475138
36920,0.475138
36921,0.475138
36922,0.475138
36923,0.475138
36924,0.475138
36925,0.475138
36926,0.475138
36927,0.475138
36928,0.475138
36929,0.475138
36930,0.475138
36931,0.475138
36932,0.475138
36933,0.475138
36934,0.475138
36935,0.475138
36936,0.475138
36937,0.475138
36938,0.475138
36939,0.475138
36940,0.475138
36941,0.475138
36942,0.475138
36943,0.475138
36944,0.475138
36945,0.475138
36946,0.475138
36947,0.475138
36948,0.475138
36949,0.475138
36950,0.475138
36951,0.475138
36952,0.475138
36953,0.475138
36954,0.475138
36955,0.475138
36956,0.475138
36957,0.475138
36958,0.475138
36959,0.475138
36960,0.475138
36961,0.475138
36962,0.475138
36963,0.475138
36964,0.475138
36965,0.475138
36966,0.475138
36967,0.475138
36968,0.475138
36969,0.475138
36970,0.475138
36971,0.475138
36972,0.475138
36973,0.475138
36974,0.475138
36975,0.475138
36976,0.475138
36977,0.475138
36978,0.475138
36979,0.475138
36980,0.475138
36981,0.475138
36982,0.475138
36983,0.475138
36984,0.475138
36985,0.475138
36986,0.475138
36987,0.475138
36988,0.475138
36989,0.475138
36990,0.475138
36991,0.475138
36992,0.475138
36993,0.475138
36994,0.475138
36995,0.475138
36996,0.475138
36997,0.475138
36998,0.475138
36999,0.475138
37000,0.475138
37001,0.475138
37002,0.475138
37003,0.475138
37004,0.475138
37005,0.475138
37006,0.475138
37007,0.475138
37008,0.475138
37009,0.475138
37010,0.475138
37011,0.475138
37012,0.475138
37013,0.475138
37014,0.475138
37015,0.475138
37016,0.475138
37017,0.475138
37018,0.475138
37019,0.475138
37020,0.475138
37021,0.475138
37022,0.475138
37023,0.475138
37024,0.475138
37025,0.475138
37026,0.475138
37027,0.475138
37028,0.475138
37029,0.475138
37030,0.475138
37031,0.475138
37032,0.475138
37033,0.475138
37034,0.475138
37035,0.475138
37036,0.475138
37037,0.475138
37038,0.475138
37039,0.475138
37040,0.475138
37041,0.475138
37042,0.475138
37043,0.475138
37044,0.475138
37045,0.475138
37046,0.475138
37047,0.475138
37048,0.475138
37049,0.475138
37050,0.475138
37051,0.475138
37052,0.475138
37053,0.475138
37054,0.475138
37055,0.475138
37056,0.475138
37057,0.475138
37058,0.475138
37059,0.475138
37060,0.475138
37061,0.475138
37062,0.475138
37063,0.475138
37064,0.475138
37065,0.475138
37066,0.475138
37067,0.475138
37068,0.475138
37069,0.475138
37070,0.475138
37071,0.475138
37072,0.475138
37073,0.475138
37074,0.475138
37075,0.475138
37076,0.475138
37077,0.475138
37078,0.475138
37079,0.475138
37080,0.475138
37081,0.475138
37082,0.475138
37083,0.475138
37084,0.475138
37085,0.475138
37086,0.475138
37087,0.475138
37088,0.475138
37089,0.475138
37090,0.475138
37091,0.475138
37092,0.475138
37093,0.475138
37094,0.475138
37095,0.475138
37096,0.475138
37097,0.475138
37098,0.475138
37099,0.475138
37100,0.475138
37101,0.475138
37102,0.475138
37103,0.475138
37104,0.475138
37105,0.475138
37106,0.475138
37107,0.475138
37108,0.475138
37109,0.475138
37110,0.475138
37111,0.475138
37112,0.475138
37113,0.475138
37114,0.475138
37115,0.475138
37116,0.475138
37117,0.475138
37118,0.475138
37119,0.475138
37120,0.475138
37121,0.475138
37122,0.475138
37123,0.475138
37124,0.475138
37125,0.475138
37126,0.475138
37127,0.475138
37128,0.475138
37129,0.475138
37130,0.475138
37131,0.475138
37132,0.475138
37133,0.475138
37134,0.475138
37135,0.475138
37136,0.475138
37137,0.475138
37138,0.475138
37139,0.475138
37140,0.475138
37141,0.475138
37142,0.475138
37143,0.475138
37144,0.475138
37145,0.475138
37146,0.475138
37147,0.475138
37148,0.475138
37149,0.475138
37150,0.475138
37151,0.475138
37152,0.475138
37153,0.475138
37154,0.475138
37155,0.475138
37156,0.475138
37157,0.475138
37158,0.475138
37159,0.475138
37160,0.475138
37161,0.475138
37162,0.475138
37163,0.475138
37164,0.475138
37165,0.475138
37166,0.475138
37167,0.475138
37168,0.475138
37169,0.475138
37170,0.475138
37171,0.475138
37172,0.475138
37173,0.475138
37174,0.475138
37175,0.475138
37176,0.475138
37177,0.475138
37178,0.475138
37179,0.475138
37180,0.475138
37181,0.475138
37182,0.475138
37183,0.475138
37184,0.475138
37185,0.475138
37186,0.475138
37187,0.475138
37188,0.475138
37189,0.475138
37190,0.475138
37191,0.475138
37192,0.475138
37193,0.475138
37194,0.475138
37195,0.475138
37196,0.475138
37197,0.475138
37198,0.475138
37199,0.475138
37200,0.475138
37201,0.475138
37202,0.475138
37203,0.475138
37204,0.475138
37205,0.475138
37206,0.475138
37207,0.475138
37208,0.475138
37209,0.475138
37210,0.475138
37211,0.475138
37212,0.475138
37213,0.475138
37214,0.475138
37215,0.475138
37216,0.475138
37217,0.475138
37218,0.475138
37219,0.475138
37220,0.475138
37221,0.475138
37222,0.475138
37223,0.475138
37224,0.475138
37225,0.475138
37226,0.475138
37227,0.475138
37228,0.475138
37229,0.475138
37230,0.475138
37231,0.475138
37232,0.475138
37233,0.475138
37234,0.475138
37235,0.475138
37236,0.475138
37237,0.475138
37238,0.475138
37239,0.475138
37240,0.475138
37241,0.475138
37242,0.475138
37243,0.475138
37244,0.475138
37245,0.475138
37246,0.475138
37247,0.475138
37248,0.475138
37249,0.475138
37250,0.475138
37251,0.475138
37252,0.475138
37253,0.475138
37254,0.475138
37255,0.475138
37256,0.475138
37257,0.475138
37258,0.475138
37259,0.475138
37260,0.475138
37261,0.475138
37262,0.475138
37263,0.475138
37264,0.475138
37265,0.475138
37266,0.475138
37267,0.475138
37268,0.475138
37269,0.475138
37270,0.475138
37271,0.475138
37272,0.475138
37273,0.475138
37274,0.475138
37275,0.475138
37276,0.475138
37277,0.475138
37278,0.475138
37279,0.475138
37280,0.475138
37281,0.475138
37282,0.475138
37283,0.475138
37284,0.475138
37285,0.475138
37286,0.475138
37287,0.475138
37288,0.475138
37289,0.475138
37290,0.475138
37291,0.475138
37292,0.475138
37293,0.475138
37294,0.475138
37295,0.475138
37296,0.475138
37297,0.475138
37298,0.475138
37299,0.475138
37300,0.475138
37301,0.475138
37302,0.475138
37303,0.475138
37304,0.475138
37305,0.475138
37306,0.475138
37307,0.475138
37308,0.475138
37309,0.475138
37310,0.475138
37311,0.475138
37312,0.475138
37313,0.475138
37314,0.475138
37315,0.475138
37316,0.475138
37317,0.475138
37318,0.475138
37319,0.475138
37320,0.475138
37321,0.475138
37322,0.475138
37323,0.475138
37324,0.475138
37325,0.475138
37326,0.475138
37327,0.475138
37328,0.475138
37329,0.475138
37330,0.475138
37331,0.475138
37332,0.475138
37333,0.475138
37334,0.475138
37335,0.475138
37336,0.475138
37337,0.475138
37338,0.475138
37339,0.475138
37340,0.475138
37341,0.475138
37342,0.475138
37343,0.475138
37344,0.475138
37345,0.475138
37346,0.475138
37347,0.475138
37348,0.475138
37349,0.475138
37350,0.475138
37351,0.475138
37352,0.475138
37353,0.475138
37354,0.475138
37355,0.475138
37356,0.475138
37357,0.475138
37358,0.475138
37359,0.475138
37360,0.475138
37361,0.475138
37362,0.475138
37363,0.475138
37364,0.475138
37365,0.475138
37366,0.475138
37367,0.475138
37368,0.475138
37369,0.475138
37370,0.475138
37371,0.475138
37372,0.475138
37373,0.475138
37374,0.475138
37375,0.475138
37376,0.475138
37377,0.475138
37378,0.475138
37379,0.475138
37380,0.475138
37381,0.475138
37382,0.475138
37383,0.475138
37384,0.475138
37385,0.475138
37386,0.475138
37387,0.475138
37388,0.475138
37389,0.475138
37390,0.475138
37391,0.475138
37392,0.475138
37393,0.475138
37394,0.475138
37395,0.475138
37396,0.475138
37397,0.475138
37398,0.475138
37399,0.475138
37400,0.475138
37401,0.475138
37402,0.475138
37403,0.475138
37404,0.475138
37405,0.475138
37406,0.475138
37407,0.475138
37408,0.475138
37409,0.475138
37410,0.475138
37411,0.475138
37412,0.475138
37413,0.475138
37414,0.475138
37415,0.475138
37416,0.475138
37417,0.475138
37418,0.475138
37419,0.475138
37420,0.475138
37421,0.475138
37422,0.475138
37423,0.475138
37424,0.475138
37425,0.475138
37426,0.475138
37427,0.475138
37428,0.475138
37429,0.475138
37430,0.475138
37431,0.475138
37432,0.475138
37433,0.475138
37434,0.475138
37435,0.475138
37436,0.475138
37437,0.475138
37438,0.475138
37439,0.475138
37440,0.475138
37441,0.475138
37442,0.475138
37443,0.475138
37444,0.475138
37445,0.475138
37446,0.475138
37447,0.475138
37448,0.475138
37449,0.475138
37450,0.475138
37451,0.475138
37452,0.475138
37453,0.475138
37454,0.475138
37455,0.475138
37456,0.475138
37457,0.475138
37458,0.475138
37459,0.475138
37460,0.475138
37461,0.475138
37462,0.475138
37463,0.475138
37464,0.475138
37465,0.475138
37466,0.475138
37467,0.475138
37468,0.475138
37469,0.475138
37470,0.475138
37471,0.475138
37472,0.475138
37473,0.475138
37474,0.475138
37475,0.475138
37476,0.475138
37477,0.475138
37478,0.475138
37479,0.475138
37480,0.475138
37481,0.475138
37482,0.475138
37483,0.475138
37484,0.475138
37485,0.475138
37486,0.475138
37487,0.475138
37488,0.475138
37489,0.475138
37490,0.475138
37491,0.475138
37492,0.475138
37493,0.475138
37494,0.475138
37495,0.475138
37496,0.475138
37497,0.475138
37498,0.475138
37499,0.475138
37500,0.475138
37501,0.475138
37502,0.475138
37503,0.475138
37504,0.475138
37505,0.475138
37506,0.475138
37507,0.475138
37508,0.475138
37509,0.475138
37510,0.475138
37511,0.475138
37512,0.475138
37513,0.475138
37514,0.475138
37515,0.475138
37516,0.475138
37517,0.475138
37518,0.475138
37519,0.475138
37520,0.475138
37521,0.475138
37522,0.475138
37523,0.475138
37524,0.475138
37525,0.475138
37526,0.475138
37527,0.475138
37528,0.475138
37529,0.475138
37530,0.475138
37531,0.475138
37532,0.475138
37533,0.475138
37534,0.475138
37535,0.475138
37536,0.475138
37537,0.475138
37538,0.475138
37539,0.475138
37540,0.475138
37541,0.475138
37542,0.475138
37543,0.475138
37544,0.475138
37545,0.475138
37546,0.475138
37547,0.475138
37548,0.475138
37549,0.475138
37550,0.475138
37551,0.475138
37552,0.475138
37553,0.475138
37554,0.475138
37555,0.475138
37556,0.475138
37557,0.475138
37558,0.475138
37559,0.475138
37560,0.475138
37561,0.475138
37562,0.475138
37563,0.475138
37564,0.475138
37565,0.475138
37566,0.475138
37567,0.475138
37568,0.475138
37569,0.475138
37570,0.475138
37571,0.475138
37572,0.475138
37573,0.475138
37574,0.475138
37575,0.475138
37576,0.475138
37577,0.475138
37578,0.475138
37579,0.475138
37580,0.475138
37581,0.475138
37582,0.475138
37583,0.475138
37584,0.475138
37585,0.475138
37586,0.475138
37587,0.475138
37588,0.475138
37589,0.475138
37590,0.475138
37591,0.475138
37592,0.475138
37593,0.475138
37594,0.475138
37595,0.475138
37596,0.475138
37597,0.475138
37598,0.475138
37599,0.475138
37600,0.475138
37601,0.475138
37602,0.475138
37603,0.475138
37604,0.475138
37605,0.475138
37606,0.475138
37607,0.475138
37608,0.475138
37609,0.475138
37610,0.475138
37611,0.475138
37612,0.475138
37613,0.475138
37614,0.475138
37615,0.475138
37616,0.475138
37617,0.475138
37618,0.475138
37619,0.475138
37620,0.475138
37621,0.475138
37622,0.475138
37623,0.475138
37624,0.475138
37625,0.475138
37626,0.475138
37627,0.475138
37628,0.475138
37629,0.475138
37630,0.475138
37631,0.475138
37632,0.475138
37633,0.475138
37634,0.475138
37635,0.475138
37636,0.475138
37637,0.475138
37638,0.475138
37639,0.475138
37640,0.475138
37641,0.475138
37642,0.475138
37643,0.475138
37644,0.475138
37645,0.475138
37646,0.471229
37647,0.475138
37648,0.475138
37649,0.475138
37650,0.475138
37651,0.475138
37652,0.475138
37653,0.475138
37654,0.475138
37655,0.475138
37656,0.475138
37657,0.475138
37658,0.475138
37659,0.475138
37660,0.475138
37661,0.475138
37662,0.475138
37663,0.475138
37664,0.475138
37665,0.475138
37666,0.475138
37667,0.475138
37668,0.475138
37669,0.475138
37670,0.475138
37671,0.475138
37672,0.475138
37673,0.475138
37674,0.475138
37675,0.475138
37676,0.475138
37677,0.475138
37678,0.475138
37679,0.475138
37680,0.475138
37681,0.475138
37682,0.475138
37683,0.475138
37684,0.475138
37685,0.475138
37686,0.475138
37687,0.475138
37688,0.475138
37689,0.475138
37690,0.475138
37691,0.475138
37692,0.475138
37693,0.475138
37694,0.475138
37695,0.475138
37696,0.475138
37697,0.475138
37698,0.475138
37699,0.475138
37700,0.475138
37701,0.475138
37702,0.475138
37703,0.475138
37704,0.475138
37705,0.475138
37706,0.475138
37707,0.475138
37708,0.475138
37709,0.475138
37710,0.475138
37711,0.475138
37712,0.475138
37713,0.475138
37714,0.475138
37715,0.475138
37716,0.475138
37717,0.475138
37718,0.475138
37719,0.475138
37720,0.475138
37721,0.475138
37722,0.475138
37723,0.475138
37724,0.475138
37725,0.475138
37726,0.475138
37727,0.475138
37728,0.475138
37729,0.475138
37730,0.475138
37731,0.475138
37732,0.475138
37733,0.475138
37734,0.475138
37735,0.475138
37736,0.475138
37737,0.475138
37738,0.475138
37739,0.475138
37740,0.475138
37741,0.475138
37742,0.475138
37743,0.475138
37744,0.475138
37745,0.475138
37746,0.475138
37747,0.475138
37748,0.475138
37749,0.475138
37750,0.475138
37751,0.475138
37752,0.475138
37753,0.475138
37754,0.475138
37755,0.475138
37756,0.475138
37757,0.475138
37758,0.475138
37759,0.475138
37760,0.475138
37761,0.475138
37762,0.475138
37763,0.475138
37764,0.475138
37765,0.475138
37766,0.475138
37767,0.475138
37768,0.475138
37769,0.475138
37770,0.475138
37771,0.475138
37772,0.475138
37773,0.475138
37774,0.475138
37775,0.475138
37776,0.475138
37777,0.475138
37778,0.475138
37779,0.475138
37780,0.475138
37781,0.475138
37782,0.475138
37783,0.475138
37784,0.475138
37785,0.475138
37786,0.475138
37787,0.475138
37788,0.475138
37789,0.475138
37790,0.475138
37791,0.475138
37792,0.475138
37793,0.475138
37794,0.475138
37795,0.475138
37796,0.475138
37797,0.475138
37798,0.475138
37799,0.475138
37800,0.475138
37801,0.475138
37802,0.475138
37803,0.475138
37804,0.475138
37805,0.475138
37806,0.475138
37807,0.475138
37808,0.475138
37809,0.475138
37810,0.475138
37811,0.475138
37812,0.475138
37813,0.475138
37814,0.475138
37815,0.475138
37816,0.475138
37817,0.475138
37818,0.475138
37819,0.475138
37820,0.475138
37821,0.475138
37822,0.475138
37823,0.475138
37824,0.475138
37825,0.475138
37826,0.475138
37827,0.475138
37828,0.475138
37829,0.475138
37830,0.475138
37831,0.475138
37832,0.475138
37833,0.475138
37834,0.475138
37835,0.475138
37836,0.475138
37837,0.475138
37838,0.475138
37839,0.475138
37840,0.475138
37841,0.475138
37842,0.475138
37843,0.475138
37844,0.475138
37845,0.475138
37846,0.475138
37847,0.475138
37848,0.475138
37849,0.475138
37850,0.475138
37851,0.475138
37852,0.475138
37853,0.475138
37854,0.475138
37855,0.475138
37856,0.475138
37857,0.475138
37858,0.475138
37859,0.475138
37860,0.475138
37861,0.475138
37862,0.475138
37863,0.475138
37864,0.475138
37865,0.475138
37866,0.475138
37867,0.475138
37868,0.475138
37869,0.475138
37870,0.475138
37871,0.475138
37872,0.475138
37873,0.475138
37874,0.475138
37875,0.475138
37876,0.475138
37877,0.475138
37878,0.475138
37879,0.475138
37880,0.475138
37881,0.475138
37882,0.475138
37883,0.475138
37884,0.475138
37885,0.475138
37886,0.475138
37887,0.475138
37888,0.475138
37889,0.475138
37890,0.475138
37891,0.475138
37892,0.475138
37893,0.475138
37894,0.475138
37895,0.475138
37896,0.475138
37897,0.475138
37898,0.475138
37899,0.475138
37900,0.475138
37901,0.475138
37902,0.475138
37903,0.475138
37904,0.475138
37905,0.475138
37906,0.475138
37907,0.475138
37908,0.475138
37909,0.475138
37910,0.475138
37911,0.475138
37912,0.475138
37913,0.475138
37914,0.475138
37915,0.475138
37916,0.475138
37917,0.475138
37918,0.475138
37919,0.475138
37920,0.475138
37921,0.475138
37922,0.475138
37923,0.475138
37924,0.475138
37925,0.475138
37926,0.475138
37927,0.475138
37928,0.475138
37929,0.475138
37930,0.475138
37931,0.475138
37932,0.475138
37933,0.475138
37934,0.475138
37935,0.475138
37936,0.475138
37937,0.475138
37938,0.475138
37939,0.475138
37940,0.475138
37941,0.475138
37942,0.475138
37943,0.475138
37944,0.475138
37945,0.475138
37946,0.475138
37947,0.475138
37948,0.475138
37949,0.475138
37950,0.475138
37951,0.475138
37952,0.475138
37953,0.475138
37954,0.475138
37955,0.475138
37956,0.475138
37957,0.475138
37958,0.475138
37959,0.475138
37960,0.475138
37961,0.475138
37962,0.475138
37963,0.475138
37964,0.475138
37965,0.475138
37966,0.475138
37967,0.475138
37968,0.475138
37969,0.475138
37970,0.475138
37971,0.475138
37972,0.475138
37973,0.475138
37974,0.475138
37975,0.475138
37976,0.475138
37977,0.475138
37978,0.475138
37979,0.475138
37980,0.475138
37981,0.475138
37982,0.475138
37983,0.475138
37984,0.475138
37985,0.475138
37986,0.475138
37987,0.475138
37988,0.475138
37989,0.475138
37990,0.475138
37991,0.475138
37992,0.475138
37993,0.475138
37994,0.475138
37995,0.475138
37996,0.475138
37997,0.475138
37998,0.475138
37999,0.475138
38000,0.475138
38001,0.475138
38002,0.475138
38003,0.475138
38004,0.475138
38005,0.475138
38006,0.475138
38007,0.475138
38008,0.475138
38009,0.475138
38010,0.475138
38011,0.475138
38012,0.475138
38013,0.475138
38014,0.475138
38015,0.475138
38016,0.475138
38017,0.475138
38018,0.475138
38019,0.475138
38020,0.475138
38021,0.475138
38022,0.475138
38023,0.475138
38024,0.475138
38025,0.475138
38026,0.475138
38027,0.475138
38028,0.475138
38029,0.475138
38030,0.475138
38031,0.475138
38032,0.475138
38033,0.475138
38034,0.475138
38035,0.475138
38036,0.475138
38037,0.475138
38038,0.475138
38039,0.475138
38040,0.475138
38041,0.475138
38042,0.475138
38043,0.475138
38044,0.475138
38045,0.475138
38046,0.475138
38047,0.475138
38048,0.475138
38049,0.475138
38050,0.475138
38051,0.475138
38052,0.475138
38053,0.475138
38054,0.475138
38055,0.475138
38056,0.475138
38057,0.475138
38058,0.475138
38059,0.475138
38060,0.475138
38061,0.475138
38062,0.475138
38063,0.475138
38064,0.475138
38065,0.475138
38066,0.475138
38067,0.475138
38068,0.475138
38069,0.475138
38070,0.475138
38071,0.475138
38072,0.475138
38073,0.475138
38074,0.475138
38075,0.475138
38076,0.475138
38077,0.475138
38078,0.475138
38079,0.475138
38080,0.475138
38081,0.475138
38082,0.475138
38083,0.475138
38084,0.475138
38085,0.475138
38086,0.475138
38087,0.475138
38088,0.475138
38089,0.475138
38090,0.475138
38091,0.475138
38092,0.475138
38093,0.475138
38094,0.475138
38095,0.475138
38096,0.475138
38097,0.475138
38098,0.475138
38099,0.475138
38100,0.475138
38101,0.475138
38102,0.475138
38103,0.475138
38104,0.475138
38105,0.475138
38106,0.475138
38107,0.475138
38108,0.475138
38109,0.475138
38110,0.475138
38111,0.475138
38112,0.475138
38113,0.475138
38114,0.475138
38115,0.475138
38116,0.475138
38117,0.475138
38118,0.475138
38119,0.475138
38120,0.475138
38121,0.475138
38122,0.475138
38123,0.475138
38124,0.475138
38125,0.475138
38126,0.475138
38127,0.475138
38128,0.475138
38129,0.475138
38130,0.475138
38131,0.475138
38132,0.475138
38133,0.475138
38134,0.475138
38135,0.475138
38136,0.475138
38137,0.475138
38138,0.475138
38139,0.475138
38140,0.475138
38141,0.475138
38142,0.475138
38143,0.475138
38144,0.475138
38145,0.475138
38146,0.475138
38147,0.475138
38148,0.475138
38149,0.475138
38150,0.475138
38151,0.475138
38152,0.475138
38153,0.475138
38154,0.475138
38155,0.475138
38156,0.475138
38157,0.475138
38158,0.475138
38159,0.475138
38160,0.475138
38161,0.475138
38162,0.475138
38163,0.475138
38164,0.475138
38165,0.475138
38166,0.475138
38167,0.475138
38168,0.475138
38169,0.475138
38170,0.475138
38171,0.475138
38172,0.475138
38173,0.475138
38174,0.475138
38175,0.475138
38176,0.475138
38177,0.475138
38178,0.475138
38179,0.475138
38180,0.475138
38181,0.475138
38182,0.429114
38183,0.429114
38184,0.470862
38185,0.470862
38186,0.470862
38187,0.470862
38188,0.470862
38189,0.470862
38190,0.470862
38191,0.470862
38192,0.470862
38193,0.470862
38194,0.468892
38195,0.470862
38196,0.470862
38197,0.470862
38198,0.470862
38199,0.470862
38200,0.470862
38201,0.470862
38202,0.475138
38203,0.475138
38204,0.475138
38205,0.475138
38206,0.475138
38207,0.475138
38208,0.475138
38209,0.475138
38210,0.475138
38211,0.475138
38212,0.475138
38213,0.475138
38214,0.475138
38215,0.475138
38216,0.475138
38217,0.475138
38218,0.475138
38219,0.475138
38220,0.475138
38221,0.475138
38222,0.475138
38223,0.470862
38224,0.470862
38225,0.470862
38226,0.470862
38227,0.470862
38228,0.470862
38229,0.470862
38230,0.470862
38231,0.470862
38232,0.470862
38233,0.470862
38234,0.470862
38235,0.470862
38236,0.470862
38237,0.470862
38238,0.470862
38239,0.470862
38240,0.470862
38241,0.470862
38242,0.475138
38243,0.475138
38244,0.475138
38245,0.475138
38246,0.475138
38247,0.475138
38248,0.475138
38249,0.475138
38250,0.470862
38251,0.470862
38252,0.470862
38253,0.470862
38254,0.470862
38255,0.470862
38256,0.470862
38257,0.470862
38258,0.470862
38259,0.470862
38260,0.470862
38261,0.470862
38262,0.470862
38263,0.464773
38264,0.475138
38265,0.475138
38266,0.475138
38267,0.475138
38268,0.475138
38269,0.475138
38270,0.475138
38271,0.475138
38272,0.475138
38273,0.475138
38274,0.475138
38275,0.475138
38276,0.475138
38277,0.475138
38278,0.475138
38279,0.475138
38280,0.475138
38281,0.475138
38282,0.475138
38283,0.475138
38284,0.475138
38285,0.475138
38286,0.475138
38287,0.475138
38288,0.475138
38289,0.475138
38290,0.475138
38291,0.475138
38292,0.475138
38293,0.475138
38294,0.475138
38295,0.475138
38296,0.475138
38297,0.475138
38298,0.475138
38299,0.475138
38300,0.475138
38301,0.475138
38302,0.475138
38303,0.475138
38304,0.475138
38305,0.475138
38306,0.475138
38307,0.475138
38308,0.475138
38309,0.475138
38310,0.475138
38311,0.475138
38312,0.475138
38313,0.475138
38314,0.475138
38315,0.475138
38316,0.471884
38317,0.475138
38318,0.475138
38319,0.475138
38320,0.475138
38321,0.475138
38322,0.475138
38323,0.475138
38324,0.475138
38325,0.475138
38326,0.475138
38327,0.475138
38328,0.475138
38329,0.475138
38330,0.475138
38331,0.475138
38332,0.475138
38333,0.475138
38334,0.475138
38335,0.475138
38336,0.475138
38337,0.475138
38338,0.475138
38339,0.475138
38340,0.475138
38341,0.475138
38342,0.475138
38343,0.475138
38344,0.475138
38345,0.475138
38346,0.475138
38347,0.475138
38348,0.475138
38349,0.475138
38350,0.475138
38351,0.476880
38352,0.476880
38353,0.476880
38354,0.476880
38355,0.475138
38356,0.475138
38357,0.475138
38358,0.475138
38359,0.464072
38360,0.464072
38361,0.464072
38362,0.464072
38363,0.464072
38364,0.454170
38365,0.454170
38366,0.456621
38367,0.456621
38368,0.456621
38369,0.456621
38370,0.456621
38371,0.456621
38372,0.475138
38373,0.475138
38374,0.475138
38375,0.475138
38376,0.475138
38377,0.475138
38378,0.475138
38379,0.475138
38380,0.475138
38381,0.475138
38382,0.475138
38383,0.475138
38384,0.475138
38385,0.475138
38386,0.475138
38387,0.475138
38388,0.475138
38389,0.474970
38390,0.474970
38391,0.474970
38392,0.474970
38393,0.471884
38394,0.471884
38395,0.471884
38396,0.471884
38397,0.471884
38398,0.474970
38399,0.474970
38400,0.464773
38401,0.464773
38402,0.461596
38403,0.464072
38404,0.464072
38405,0.464072
38406,0.453644
38407,0.453644
38408,0.453644
38409,0.448242
38410,0.448242
38411,0.475138
38412,0.475138
38413,0.475138
38414,0.475138
38415,0.475138
38416,0.475138
38417,0.475138
38418,0.475138
38419,0.475138
38420,0.475138
38421,0.475138
38422,0.475138
38423,0.475138
38424,0.475138
38425,0.472915
38426,0.472915
38427,0.472915
38428,0.472915
38429,0.472915
38430,0.476880
38431,0.476880
38432,0.476880
38433,0.475138
38434,0.475138
38435,0.475138
38436,0.475138
38437,0.475138
38438,0.475138
38439,0.475138
38440,0.475138
38441,0.475138
38442,0.475138
38443,0.475138
38444,0.475138
38445,0.475138
38446,0.475138
38447,0.475138
38448,0.475138
38449,0.475138
38450,0.475138
38451,0.475138
38452,0.475138
38453,0.475138
38454,0.475138
38455,0.475138
38456,0.475138
38457,0.475138
38458,0.475138
38459,0.475138
38460,0.475138
38461,0.475138
38462,0.475138
38463,0.475138
38464,0.475138
38465,0.475138
38466,0.475138
38467,0.475138
38468,0.475138
38469,0.475138
38470,0.475138
38471,0.475138
38472,0.475138
38473,0.475138
38474,0.475138
38475,0.475138
38476,0.474970
38477,0.474970
38478,0.474970
38479,0.474970
38480,0.474970
38481,0.474970
38482,0.474970
38483,0.474970
38484,0.474970
38485,0.474970
38486,0.474970
38487,0.474970
38488,0.474970
38489,0.474970
38490,0.474970
38491,0.476880
38492,0.476880
38493,0.475138
38494,0.475138
38495,0.470862
38496,0.470862
38497,0.470862
38498,0.470862
38499,0.470862
38500,0.470862
38501,0.470862
38502,0.470862
38503,0.470862
38504,0.470862
38505,0.470862
38506,0.470862
38507,0.475138
38508,0.475138
38509,0.475138
38510,0.475138
38511,0.475138
38512,0.475138
38513,0.475138
38514,0.475138
38515,0.475138
38516,0.475138
38517,0.475138
38518,0.475138
38519,0.475138
38520,0.475138
38521,0.475138
38522,0.475138
38523,0.475138
38524,0.475138
38525,0.475138
38526,0.475138
38527,0.475138
38528,0.475138
38529,0.475138
38530,0.475138
38531,0.476880
38532,0.473276
38533,0.473276
38534,0.473276
38535,0.473276
38536,0.473276
38537,0.473276
38538,0.476880
38539,0.476880
38540,0.476880
38541,0.476880
38542,0.472915
38543,0.472915
38544,0.475138
38545,0.475138
38546,0.475138
38547,0.475138
38548,0.475138
38549,0.475138
38550,0.475138
38551,0.475138
38552,0.475138
38553,0.475138
38554,0.475138
38555,0.475138
38556,0.475138
38557,0.475138
38558,0.475138
38559,0.475138
38560,0.475138
38561,0.475138
38562,0.475138
38563,0.475138
38564,0.475138
38565,0.475138
38566,0.475138
38567,0.475138
38568,0.475138
38569,0.475138
38570,0.475138
38571,0.475138
38572,0.475138
38573,0.475138
38574,0.475138
38575,0.475138
38576,0.475138
38577,0.475138
38578,0.472915
38579,0.472915
38580,0.472915
38581,0.472915
38582,0.472915
38583,0.472915
38584,0.472915
38585,0.475138
38586,0.475138
38587,0.475138
38588,0.475138
38589,0.475138
38590,0.475138
38591,0.475138
38592,0.475138
38593,0.475138
38594,0.475138
38595,0.475138
38596,0.475138
38597,0.475138
38598,0.475138
38599,0.475138
38600,0.475138
38601,0.475138
38602,0.475138
38603,0.475138
38604,0.475138
38605,0.475138
38606,0.475138
38607,0.475138
38608,0.475138
38609,0.475138
38610,0.475138
38611,0.475138
38612,0.475138
38613,0.475138
38614,0.475138
38615,0.475138
38616,0.475138
38617,0.475138
38618,0.475138
38619,0.475138
38620,0.475138
38621,0.475138
38622,0.475138
38623,0.475138
38624,0.475138
38625,0.475138
38626,0.475138
38627,0.475138
38628,0.475138
38629,0.475138
38630,0.475138
38631,0.475138
38632,0.475138
38633,0.475138
38634,0.475138
38635,0.475138
38636,0.475138
38637,0.475138
38638,0.475138
38639,0.475138
38640,0.475138
38641,0.475138
38642,0.475138
38643,0.475138
38644,0.475138
38645,0.475138
38646,0.475138
38647,0.475138
38648,0.475138
38649,0.475138
38650,0.475138
38651,0.475138
38652,0.475138
38653,0.475138
38654,0.475138
38655,0.475138
38656,0.475138
38657,0.475138
38658,0.475138
38659,0.475138
38660,0.475138
38661,0.475138
38662,0.475138
38663,0.475138
38664,0.475138
38665,0.475138
38666,0.475138
38667,0.475138
38668,0.475138
38669,0.475138
38670,0.475138
38671,0.475138
38672,0.475138
38673,0.475138
38674,0.475138
38675,0.475138
38676,0.475138
38677,0.475138
38678,0.475138
38679,0.475138
38680,0.475138
38681,0.475138
38682,0.475138
38683,0.475138
38684,0.475138
38685,0.475138
38686,0.475138
38687,0.475138
38688,0.475138
38689,0.475138
38690,0.475138
38691,0.475138
38692,0.475138
38693,0.475138
38694,0.475138
38695,0.475138
38696,0.475138
38697,0.475138
38698,0.475138
38699,0.475138
38700,0.475138
38701,0.475138
38702,0.475138
38703,0.475138
38704,0.475138
38705,0.475138
38706,0.475138
38707,0.475138
38708,0.475138
38709,0.475138
38710,0.475138
38711,0.475138
38712,0.475138
38713,0.475138
38714,0.475138
38715,0.475138
38716,0.475138
38717,0.475138
38718,0.475138
38719,0.475138
38720,0.475138
38721,0.475138
38722,0.475138
38723,0.475138
38724,0.475138
38725,0.475138
38726,0.475138
38727,0.475138
38728,0.475138
38729,0.475138
38730,0.475138
38731,0.475138
38732,0.475138
38733,0.475138
38734,0.475138
38735,0.475138
38736,0.475138
38737,0.475138
38738,0.475138
38739,0.475138
38740,0.475138
38741,0.475138
38742,0.475138
38743,0.475138
38744,0.475138
38745,0.475138
38746,0.475138
38747,0.475138
38748,0.475138
38749,0.475138
38750,0.475138
38751,0.475138
38752,0.475138
38753,0.475138
38754,0.475138
38755,0.475138
38756,0.475138
38757,0.475138
38758,0.475138
38759,0.475138
38760,0.475138
38761,0.475138
38762,0.475138
38763,0.475138
38764,0.475138
38765,0.475138
38766,0.475138
38767,0.475138
38768,0.475138
38769,0.475138
38770,0.475138
38771,0.475138
38772,0.475138
38773,0.475138
38774,0.475138
38775,0.475138
38776,0.475138
38777,0.475138
38778,0.475138
38779,0.475138
38780,0.475138
38781,0.475138
38782,0.475138
38783,0.475138
38784,0.475138
38785,0.475138
38786,0.475138
38787,0.475138
38788,0.475138
38789,0.475138
38790,0.475138
38791,0.475138
38792,0.475138
38793,0.475138
38794,0.475138
38795,0.475138
38796,0.475138
38797,0.475138
38798,0.475138
38799,0.475138
38800,0.475138
38801,0.475138
38802,0.475138
38803,0.475138
38804,0.475138
38805,0.475138
38806,0.475138
38807,0.475138
38808,0.475138
38809,0.475138
38810,0.475138
38811,0.475138
38812,0.475138
38813,0.475138
38814,0.475138
38815,0.475138
38816,0.475138
38817,0.475138
38818,0.475138
38819,0.475138
38820,0.475138
38821,0.475138
38822,0.475138
38823,0.475138
38824,0.475138
38825,0.475138
38826,0.475138
38827,0.475138
38828,0.475138
38829,0.475138
38830,0.475138
38831,0.475138
38832,0.475138
38833,0.475138
38834,0.475138
38835,0.475138
38836,0.475138
38837,0.475138
38838,0.475138
38839,0.475138
38840,0.475138
38841,0.475138
38842,0.475138
38843,0.475138
38844,0.475138
38845,0.475138
38846,0.475138
38847,0.475138
38848,0.475138
38849,0.475138
38850,0.475138
38851,0.475138
38852,0.475138
38853,0.475138
38854,0.475138
38855,0.475138
38856,0.475138
38857,0.475138
38858,0.475138
38859,0.475138
38860,0.475138
38861,0.475138
38862,0.475138
38863,0.475138
38864,0.475138
38865,0.475138
38866,0.475138
38867,0.475138
38868,0.475138
38869,0.475138
38870,0.475138
38871,0.475138
38872,0.475138
38873,0.475138
38874,0.475138
38875,0.475138
38876,0.475138
38877,0.475138
38878,0.475138
38879,0.475138
38880,0.475138
38881,0.475138
38882,0.475138
38883,0.475138
38884,0.475138
38885,0.475138
38886,0.475138
38887,0.475138
38888,0.475138
38889,0.475138
38890,0.475138
38891,0.475138
38892,0.475138
38893,0.475138
38894,0.475138
38895,0.475138
38896,0.475138
38897,0.475138
38898,0.475138
38899,0.475138
38900,0.475138
38901,0.475138
38902,0.475138
38903,0.475138
38904,0.475138
38905,0.475138
38906,0.475138
38907,0.475138
38908,0.475138
38909,0.475138
38910,0.475138
38911,0.475138
38912,0.475138
38913,0.475138
38914,0.475138
38915,0.475138
38916,0.475138
38917,0.475138
38918,0.475138
38919,0.475138
38920,0.475138
38921,0.475138
38922,0.475138
38923,0.475138
38924,0.475138
38925,0.475138
38926,0.475138
38927,0.475138
38928,0.475138
38929,0.475138
38930,0.475138
38931,0.475138
38932,0.475138
38933,0.475138
38934,0.476880
38935,0.476880
38936,0.475138
38937,0.475138
38938,0.475138
38939,0.475138
38940,0.475138
38941,0.475138
38942,0.475138
38943,0.475138
38944,0.475138
38945,0.475138
38946,0.475138
38947,0.475138
38948,0.475138
38949,0.475138
38950,0.475138
38951,0.475138
38952,0.475138
38953,0.475138
38954,0.475138
38955,0.475138
38956,0.475138
38957,0.475138
38958,0.475138
38959,0.475138
38960,0.475138
38961,0.475138
38962,0.475138
38963,0.475138
38964,0.475138
38965,0.475138
38966,0.475138
38967,0.475138
38968,0.475138
38969,0.475138
38970,0.475138
38971,0.475138
38972,0.476880
38973,0.476880
38974,0.476880
38975,0.476880
38976,0.476880
38977,0.476880
38978,0.476880
38979,0.476880
38980,0.476880
38981,0.475138
38982,0.475138
38983,0.475138
38984,0.475138
38985,0.475138
38986,0.475138
38987,0.475138
38988,0.475138
38989,0.475138
38990,0.475138
38991,0.475138
38992,0.475138
38993,0.475138
38994,0.475138
38995,0.475138
38996,0.475138
38997,0.475138
38998,0.475138
38999,0.475138
39000,0.475138
39001,0.475138
39002,0.475138
39003,0.475138
39004,0.475138
39005,0.475138
39006,0.475138
39007,0.475138
39008,0.475138
39009,0.475138
39010,0.475138
39011,0.476880
39012,0.476880
39013,0.476880
39014,0.476880
39015,0.475138
39016,0.475138
39017,0.475138
39018,0.475138
39019,0.475138
39020,0.475138
39021,0.475138
39022,0.475138
39023,0.475138
39024,0.475138
39025,0.475138
39026,0.475138
39027,0.475138
39028,0.475138
39029,0.475138
39030,0.475138
39031,0.475138
39032,0.475138
39033,0.475138
39034,0.475138
39035,0.475138
39036,0.475138
39037,0.475138
39038,0.475138
39039,0.475138
39040,0.475138
39041,0.475138
39042,0.475138
39043,0.475138
39044,0.475138
39045,0.475138
39046,0.475138
39047,0.475138
39048,0.475138
39049,0.475138
39050,0.475138
39051,0.475138
39052,0.475138
39053,0.456971
39054,0.456971
39055,0.476880
39056,0.476880
39057,0.476880
39058,0.476880
39059,0.476880
39060,0.476880
39061,0.476880
39062,0.476880
39063,0.476880
39064,0.476880
39065,0.472774
39066,0.472774
39067,0.476153
39068,0.476153
39069,0.475138
39070,0.475138
39071,0.475138
39072,0.475138
39073,0.475138
39074,0.475138
39075,0.475138
39076,0.475138
39077,0.475138
39078,0.475138
39079,0.475138
39080,0.475138
39081,0.475138
39082,0.475138
39083,0.475138
39084,0.475138
39085,0.475138
39086,0.475138
39087,0.475138
39088,0.475138
39089,0.475138
39090,0.475138
39091,0.475138
39092,0.475138
39093,0.456971
39094,0.456971
39095,0.448187
39096,0.456971
39097,0.456971
39098,0.475138
39099,0.475138
39100,0.475138
39101,0.475138
39102,0.475138
39103,0.475138
39104,0.475138
39105,0.475138
39106,0.475138
39107,0.475138
39108,0.475138
39109,0.475138
39110,0.475138
39111,0.475138
39112,0.475138
39113,0.475138
39114,0.475138
39115,0.475138
39116,0.475138
39117,0.475138
39118,0.475138
39119,0.475138
39120,0.475138
39121,0.475138
39122,0.475138
39123,0.475138
39124,0.475138
39125,0.475138
39126,0.475138
39127,0.475138
39128,0.475138
39129,0.475138
39130,0.475138
39131,0.475138
39132,0.475138
39133,0.475138
39134,0.475138
39135,0.475138
39136,0.475138
39137,0.475138
39138,0.475138
39139,0.475138
39140,0.475138
39141,0.475138
39142,0.475138
39143,0.475138
39144,0.475138
39145,0.475138
39146,0.475138
39147,0.475138
39148,0.475138
39149,0.475138
39150,0.475138
39151,0.475138
39152,0.475138
39153,0.475138
39154,0.475138
39155,0.461421
39156,0.460426
39157,0.460426
39158,0.460426
39159,0.460426
39160,0.460426
39161,0.460426
39162,0.460426
39163,0.460426
39164,0.460426
39165,0.457797
39166,0.475138
39167,0.475138
39168,0.475138
39169,0.475138
39170,0.475138
39171,0.475138
39172,0.475138
39173,0.475138
39174,0.475138
39175,0.475138
39176,0.475138
39177,0.475138
39178,0.475138
39179,0.475138
39180,0.475138
39181,0.475138
39182,0.475138
39183,0.475138
39184,0.475138
39185,0.475138
39186,0.475138
39187,0.475138
39188,0.475138
39189,0.475138
39190,0.475138
39191,0.475138
39192,0.475138
39193,0.475138
39194,0.475138
39195,0.475138
39196,0.475138
39197,0.475138
39198,0.475138
39199,0.475138
39200,0.475138
39201,0.475138
39202,0.475138
39203,0.475138
39204,0.475138
39205,0.475138
39206,0.475138
39207,0.475138
39208,0.475138
39209,0.475138
39210,0.475138
39211,0.475138
39212,0.475138
39213,0.475138
39214,0.475138
39215,0.475138
39216,0.475138
39217,0.475138
39218,0.475138
39219,0.475138
39220,0.475138
39221,0.475138
39222,0.475138
39223,0.475138
39224,0.475138
39225,0.475138
39226,0.475138
39227,0.475138
39228,0.475138
39229,0.475138
39230,0.474970
39231,0.474970
39232,0.474970
39233,0.474970
39234,0.474970
39235,0.474970
39236,0.474970
39237,0.474970
39238,0.474970
39239,0.475138
39240,0.475138
39241,0.475138
39242,0.475138
39243,0.475138
39244,0.475138
39245,0.475138
39246,0.475138
39247,0.475138
39248,0.475138
39249,0.475138
39250,0.474970
39251,0.474970
39252,0.474970
39253,0.474970
39254,0.474970
39255,0.475138
39256,0.475138
39257,0.475138
39258,0.475138
39259,0.475138
39260,0.475138
39261,0.475138
39262,0.475138
39263,0.475138
39264,0.475138
39265,0.475138
39266,0.475138
39267,0.475138
39268,0.475138
39269,0.475138
39270,0.475138
39271,0.475138
39272,0.475138
39273,0.475138
39274,0.475138
39275,0.475138
39276,0.475138
39277,0.475138
39278,0.475138
39279,0.475138
39280,0.475138
39281,0.475138
39282,0.475138
39283,0.475138
39284,0.475138
39285,0.475138
39286,0.475138
39287,0.475138
39288,0.475138
39289,0.475138
39290,0.475138
39291,0.475138
39292,0.475138
39293,0.475138
39294,0.475138
39295,0.475138
39296,0.475138
39297,0.475138
39298,0.475138
39299,0.475138
39300,0.475138
39301,0.475138
39302,0.475138
39303,0.475138
39304,0.475138
39305,0.475138
39306,0.475138
39307,0.475138
39308,0.475138
39309,0.475138
39310,0.475138
39311,0.475138
39312,0.475138
39313,0.475138
39314,0.475138
39315,0.475138
39316,0.475138
39317,0.475138
39318,0.474970
39319,0.474970
39320,0.474970
39321,0.474970
39322,0.475138
39323,0.475138
39324,0.475138
39325,0.475138
39326,0.475138
39327,0.475138
39328,0.475138
39329,0.475138
39330,0.474970
39331,0.474970
39332,0.474970
39333,0.474970
39334,0.474970
39335,0.474970
39336,0.474970
39337,0.474970
39338,0.474970
39339,0.475138
39340,0.475138
39341,0.475138
39342,0.475138
39343,0.475138
39344,0.475138
39345,0.474970
39346,0.474970
39347,0.474970
39348,0.474970
39349,0.474970
39350,0.474970
39351,0.474970
39352,0.474970
39353,0.474970
39354,0.475138
39355,0.475138
39356,0.475138
39357,0.475138
39358,0.475138
39359,0.475138
39360,0.475138
39361,0.475138
39362,0.475138
39363,0.474970
39364,0.474970
39365,0.474970
39366,0.474970
39367,0.474970
39368,0.474970
39369,0.474970
39370,0.474970
39371,0.474970
39372,0.474970
39373,0.475138
39374,0.475138
39375,0.475138
39376,0.475138
39377,0.475138
39378,0.475138
39379,0.475138
39380,0.475138
39381,0.475138
39382,0.475138
39383,0.475138
39384,0.475138
39385,0.475138
39386,0.475138
39387,0.475138
39388,0.475138
39389,0.475138
39390,0.475138
39391,0.475138
39392,0.475138
39393,0.475138
39394,0.475138
39395,0.475138
39396,0.475138
39397,0.475138
39398,0.475138
39399,0.475138
39400,0.475138
39401,0.475138
39402,0.475138
39403,0.475138
39404,0.475138
39405,0.475138
39406,0.475138
39407,0.475138
39408,0.475138
39409,0.475138
39410,0.475138
39411,0.475138
39412,0.475138
39413,0.475138
39414,0.475138
39415,0.475138
39416,0.475138
39417,0.475138
39418,0.475138
39419,0.475138
39420,0.475138
39421,0.475138
39422,0.475138
39423,0.475138
39424,0.475138
39425,0.475138
39426,0.475138
39427,0.475138
39428,0.475138
39429,0.475138
39430,0.475138
39431,0.475138
39432,0.475138
39433,0.475138
39434,0.475138
39435,0.475138
39436,0.475138
39437,0.475138
39438,0.475138
39439,0.475138
39440,0.475138
39441,0.475138
39442,0.475138
39443,0.475138
39444,0.475138
39445,0.475138
39446,0.475138
39447,0.475138
39448,0.475138
39449,0.475138
39450,0.475138
39451,0.475138
39452,0.475138
39453,0.475138
39454,0.475138
39455,0.475138
39456,0.475138
39457,0.475138
39458,0.475138
39459,0.475138
39460,0.475138
39461,0.475138
39462,0.475138
39463,0.475138
39464,0.475138
39465,0.475138
39466,0.475138
39467,0.475138
39468,0.475138
39469,0.475138
39470,0.475138
39471,0.475138
39472,0.475138
39473,0.475138
39474,0.475138
39475,0.475138
39476,0.475138
39477,0.475138
39478,0.475138
39479,0.475138
39480,0.474970
39481,0.474970
39482,0.474970
39483,0.474970
39484,0.474970
39485,0.475138
39486,0.475138
39487,0.475138
39488,0.475138
39489,0.475138
39490,0.475138
39491,0.475138
39492,0.475138
39493,0.475138
39494,0.475138
39495,0.475138
39496,0.475138
39497,0.475138
39498,0.475138
39499,0.475138
39500,0.474970
39501,0.474970
39502,0.474970
39503,0.474970
39504,0.474970
39505,0.474970
39506,0.474970
39507,0.475138
39508,0.475138
39509,0.475138
39510,0.475138
39511,0.475138
39512,0.475138
39513,0.475138
39514,0.475138
39515,0.475138
39516,0.475138
39517,0.475138
39518,0.475138
39519,0.474970
39520,0.474970
39521,0.474970
39522,0.475138
39523,0.475138
39524,0.475138
39525,0.475138
39526,0.475138
39527,0.475138
39528,0.475138
39529,0.475138
39530,0.475138
39531,0.475138
39532,0.475138
39533,0.475138
39534,0.475138
39535,0.475138
39536,0.475138
39537,0.475138
39538,0.475138
39539,0.475138
39540,0.475138
39541,0.475138
39542,0.475138
39543,0.475138
39544,0.475138
39545,0.475138
39546,0.475138
39547,0.475138
39548,0.475138
39549,0.475138
39550,0.475138
39551,0.475138
39552,0.475138
39553,0.475138
39554,0.475138
39555,0.475138
39556,0.475138
39557,0.475138
39558,0.475138
39559,0.475138
39560,0.475138
39561,0.475138
39562,0.475138
39563,0.474970
39564,0.474970
39565,0.475138
39566,0.475138
39567,0.475138
39568,0.475138
39569,0.475138
39570,0.475138
39571,0.475138
39572,0.475138
39573,0.475138
39574,0.475138
39575,0.475138
39576,0.475138
39577,0.475138
39578,0.475138
39579,0.475138
39580,0.474970
39581,0.474970
39582,0.475138
39583,0.475138
39584,0.475138
39585,0.475138
39586,0.475138
39587,0.475138
39588,0.475138
39589,0.475138
39590,0.475138
39591,0.475138
39592,0.475138
39593,0.475138
39594,0.475138
39595,0.475138
39596,0.475138
39597,0.475138
39598,0.475138
39599,0.475138
39600,0.475138
39601,0.475138
39602,0.475138
39603,0.475138
39604,0.475138
39605,0.475138
39606,0.475138
39607,0.475138
39608,0.475138
39609,0.475138
39610,0.475138
39611,0.475138
39612,0.475138
39613,0.475138
39614,0.475138
39615,0.475138
39616,0.475138
39617,0.475138
39618,0.475138
39619,0.475138
39620,0.475138
39621,0.475138
39622,0.475138
39623,0.475138
39624,0.475138
39625,0.475138
39626,0.475138
39627,0.475138
39628,0.475138
39629,0.475138
39630,0.475138
39631,0.475138
39632,0.475138
39633,0.475138
39634,0.475138
39635,0.475138
39636,0.475138
39637,0.475138
39638,0.475138
39639,0.475138
39640,0.475138
39641,0.475138
39642,0.475138
39643,0.475138
39644,0.475138
39645,0.475138
39646,0.475138
39647,0.475138
39648,0.475138
39649,0.475138
39650,0.475138
39651,0.475138
39652,0.475138
39653,0.475138
39654,0.475138
39655,0.475138
39656,0.475138
39657,0.475138
39658,0.475138
39659,0.475138
39660,0.475138
39661,0.475138
39662,0.475138
39663,0.475138
39664,0.475138
39665,0.475138
39666,0.475138
39667,0.475138
39668,0.475138
39669,0.475138
39670,0.475138
39671,0.475138
39672,0.475138
39673,0.475138
39674,0.475138
39675,0.475138
39676,0.475138
39677,0.475138
39678,0.475138
39679,0.475138
39680,0.475138
39681,0.475138
39682,0.475138
39683,0.475138
39684,0.475138
39685,0.475138
39686,0.475138
39687,0.475138
39688,0.475138
39689,0.475138
39690,0.475138
39691,0.475138
39692,0.475138
39693,0.475138
39694,0.475138
39695,0.475138
39696,0.475138
39697,0.475138
39698,0.475138
39699,0.475138
39700,0.475138
39701,0.475138
39702,0.475138
39703,0.475138
39704,0.475138
39705,0.475138
39706,0.475138
39707,0.475138
39708,0.475138
39709,0.475138
39710,0.475138
39711,0.475138
39712,0.475138
39713,0.475138
39714,0.475138
39715,0.475138
39716,0.475138
39717,0.475138
39718,0.475138
39719,0.475138
39720,0.475138
39721,0.475138
39722,0.475138
39723,0.475138
39724,0.475138
39725,0.475138
39726,0.475138
39727,0.475138
39728,0.475138
39729,0.475138
39730,0.475138
39731,0.475138
39732,0.475138
39733,0.475138
39734,0.475138
39735,0.475138
39736,0.475138
39737,0.475138
39738,0.475138
39739,0.475138
39740,0.475138
39741,0.475138
39742,0.475138
39743,0.475138
39744,0.475138
39745,0.475138
39746,0.475138
39747,0.475138
39748,0.475138
39749,0.475138
39750,0.475138
39751,0.475138
39752,0.475138
39753,0.475138
39754,0.475138
39755,0.475138
39756,0.475138
39757,0.475138
39758,0.475138
39759,0.475138
39760,0.475138
39761,0.475138
39762,0.475138
39763,0.475138
39764,0.475138
39765,0.475138
39766,0.475138
39767,0.475138
39768,0.475138
39769,0.475138
39770,0.475138
39771,0.475138
39772,0.475138
39773,0.475138
39774,0.475138
39775,0.475138
39776,0.475138
39777,0.475138
39778,0.475138
39779,0.475138
39780,0.475138
39781,0.475138
39782,0.475138
39783,0.475138
39784,0.475138
39785,0.475138
39786,0.475138
39787,0.475138
39788,0.475138
39789,0.475138
39790,0.475138
39791,0.475138
39792,0.475138
39793,0.475138
39794,0.475138
39795,0.475138
39796,0.475138
39797,0.475138
39798,0.475138
39799,0.475138
39800,0.475138
39801,0.475138
39802,0.475138
39803,0.475138
39804,0.475138
39805,0.475138
39806,0.475138
39807,0.475138
39808,0.475138
39809,0.475138
39810,0.475138
39811,0.475138
39812,0.475138
39813,0.475138
39814,0.475138
39815,0.475138
39816,0.475138
39817,0.475138
39818,0.475138
39819,0.475138
39820,0.475138
39821,0.475138
39822,0.475138
39823,0.475138
39824,0.475138
39825,0.475138
39826,0.475138
39827,0.475138
39828,0.475138
39829,0.475138
39830,0.475138
39831,0.475138
39832,0.475138
39833,0.475138
39834,0.475138
39835,0.475138
39836,0.475138
39837,0.475138
39838,0.475138
39839,0.475138
39840,0.475138
39841,0.475138
39842,0.475138
39843,0.475138
39844,0.475138
39845,0.475138
39846,0.475138
39847,0.475138
39848,0.475138
39849,0.475138
39850,0.475138
39851,0.475138
39852,0.475138
39853,0.475138
39854,0.475138
39855,0.475138
39856,0.475138
39857,0.475138
39858,0.475138
39859,0.475138
39860,0.475138
39861,0.475138
39862,0.475138
39863,0.475138
39864,0.475138
39865,0.475138
39866,0.475138
39867,0.475138
39868,0.475138
39869,0.475138
39870,0.475138
39871,0.475138
39872,0.475138
39873,0.475138
39874,0.475138
39875,0.475138
39876,0.475138
39877,0.475138
39878,0.475138
39879,0.475138
39880,0.475138
39881,0.475138
39882,0.475138
39883,0.475138
39884,0.475138
39885,0.475138
39886,0.475138
39887,0.475138
39888,0.475138
39889,0.475138
39890,0.475138
39891,0.475138
39892,0.475138
39893,0.475138
39894,0.475138
39895,0.475138
39896,0.475138
39897,0.475138
39898,0.475138
39899,0.475138
39900,0.475138
39901,0.475138
39902,0.475138
39903,0.475138
39904,0.475138
39905,0.475138
39906,0.475138
39907,0.475138
39908,0.475138
39909,0.475138
39910,0.475138
39911,0.475138
39912,0.475138
39913,0.475138
39914,0.475138
39915,0.475138
39916,0.475138
39917,0.475138
39918,0.475138
39919,0.475138
39920,0.475138
39921,0.475138
39922,0.475138
39923,0.475138
39924,0.475138
39925,0.475138
39926,0.475138
39927,0.475138
39928,0.475138
39929,0.474044
39930,0.475138
39931,0.475138
39932,0.475138
39933,0.475138
39934,0.475138
39935,0.475138
39936,0.475138
39937,0.475138
39938,0.475138
39939,0.475138
39940,0.475138
39941,0.475138
39942,0.475138
39943,0.475138
39944,0.475138
39945,0.475138
39946,0.475138
39947,0.475138
39948,0.475138
39949,0.475138
39950,0.475138
39951,0.475138
39952,0.475138
39953,0.475138
39954,0.475138
39955,0.475138
39956,0.475138
39957,0.475138
39958,0.475138
39959,0.475138
39960,0.475138
39961,0.475138
39962,0.475138
39963,0.475138
39964,0.475138
39965,0.475138
39966,0.475138
39967,0.475138
39968,0.475138
39969,0.475138
39970,0.475138
39971,0.475138
39972,0.475138
39973,0.475138
39974,0.475138
39975,0.475138
39976,0.475138
39977,0.475138
39978,0.475138
39979,0.475138
39980,0.475138
39981,0.475138
39982,0.475138
39983,0.475138
39984,0.475138
39985,0.475138
39986,0.475138
39987,0.475138
39988,0.475138
39989,0.475138
39990,0.475138
39991,0.475138
39992,0.475138
39993,0.475138
39994,0.475138
39995,0.475138
39996,0.475138
39997,0.475138
39998,0.475138
39999,0.475138
40000,0.475138
40001,0.475138
40002,0.475138
40003,0.475138
40004,0.475138
40005,0.475138
40006,0.475138
40007,0.475138
40008,0.475138
40009,0.475138
40010,0.475138
40011,0.475138
40012,0.475138
40013,0.475138
40014,0.475138
40015,0.475138
40016,0.475138
40017,0.475138
40018,0.475138
40019,0.475138
40020,0.475138
40021,0.475138
40022,0.475138
40023,0.475138
40024,0.475138
40025,0.456971
40026,0.456971
40027,0.456971
40028,0.456971
40029,0.475138
40030,0.475138
40031,0.475138
40032,0.475138
40033,0.475138
40034,0.475138
40035,0.475138
40036,0.475138
40037,0.475138
40038,0.475138
40039,0.475138
40040,0.475138
40041,0.475138
40042,0.475138
40043,0.475138
40044,0.475138
40045,0.475138
40046,0.475138
40047,0.475138
40048,0.475138
40049,0.475138
40050,0.475138
40051,0.475138
40052,0.475138
40053,0.475138
40054,0.475138
40055,0.475138
40056,0.475138
40057,0.475138
40058,0.475138
40059,0.475138
40060,0.475138
40061,0.475138
40062,0.475138
40063,0.475138
40064,0.475138
40065,0.475138
40066,0.475138
40067,0.475138
40068,0.475138
40069,0.475138
40070,0.475138
40071,0.475138
40072,0.475138
40073,0.475138
40074,0.475138
40075,0.475138
40076,0.475138
40077,0.475138
40078,0.475138
40079,0.475138
40080,0.475138
40081,0.475138
40082,0.475138
40083,0.475138
40084,0.475138
40085,0.475138
40086,0.475138
40087,0.475138
40088,0.475138
40089,0.475138
40090,0.475138
40091,0.475138
40092,0.475138
40093,0.475138
40094,0.475138
40095,0.475138
40096,0.475138
40097,0.475138
40098,0.475138
40099,0.475138
40100,0.475138
40101,0.475138
40102,0.475138
40103,0.475138
40104,0.475138
40105,0.475138
40106,0.475138
40107,0.475138
40108,0.475138
40109,0.475138
40110,0.475138
40111,0.475138
40112,0.475138
40113,0.475138
40114,0.475138
40115,0.475138
40116,0.475138
40117,0.475138
40118,0.475138
40119,0.475138
40120,0.475138
40121,0.475138
40122,0.475138
40123,0.475138
40124,0.475138
40125,0.475138
40126,0.475138
40127,0.475138
40128,0.475138
40129,0.475138
40130,0.475138
40131,0.475138
40132,0.475138
40133,0.475138
40134,0.475138
40135,0.475138
40136,0.475138
40137,0.475138
40138,0.475138
40139,0.475138
40140,0.475138
40141,0.475138
40142,0.475138
40143,0.475138
40144,0.475138
40145,0.475138
40146,0.475138
40147,0.475138
40148,0.475138
40149,0.475138
40150,0.475138
40151,0.475138
40152,0.475138
40153,0.475138
40154,0.475138
40155,0.475138
40156,0.475138
40157,0.475138
40158,0.475138
40159,0.475138
40160,0.475138
40161,0.475138
40162,0.475138
40163,0.475138
40164,0.475138
40165,0.475138
40166,0.475138
40167,0.475138
40168,0.475138
40169,0.475138
40170,0.475138
40171,0.475138
40172,0.475138
40173,0.475138
40174,0.475138
40175,0.475138
40176,0.475138
40177,0.475138
40178,0.475138
40179,0.475138
40180,0.475138
40181,0.475138
40182,0.475138
40183,0.475138
40184,0.475138
40185,0.475138
40186,0.475138
40187,0.475138
40188,0.475138
40189,0.475138
40190,0.475138
40191,0.475138
40192,0.475138
40193,0.475138
40194,0.475138
40195,0.475138
40196,0.475138
40197,0.475138
40198,0.475138
40199,0.475138
40200,0.475138
40201,0.475138
40202,0.475138
40203,0.475138
40204,0.475138
40205,0.475138
40206,0.475138
40207,0.475138
40208,0.475138
40209,0.475138
40210,0.475138
40211,0.475138
40212,0.475138
40213,0.475138
40214,0.475138
40215,0.475138
40216,0.475138
40217,0.475138
40218,0.475138
40219,0.475138
40220,0.475138
40221,0.475138
40222,0.475138
40223,0.475138
40224,0.475138
40225,0.475138
40226,0.475138
40227,0.475138
40228,0.475138
40229,0.475138
40230,0.475138
40231,0.475138
40232,0.475138
40233,0.475138
40234,0.475138
40235,0.475138
40236,0.475138
40237,0.475138
40238,0.475138
40239,0.475138
40240,0.475138
40241,0.475138
40242,0.475138
40243,0.475138
40244,0.475138
40245,0.475138
40246,0.475138
40247,0.475138
40248,0.475138
40249,0.475138
40250,0.475138
40251,0.475138
40252,0.475138
40253,0.475138
40254,0.475138
40255,0.475138
40256,0.475138
40257,0.475138
40258,0.475138
40259,0.475138
40260,0.475138
40261,0.475138
40262,0.475138
40263,0.475138
40264,0.475138
40265,0.475138
40266,0.475138
40267,0.475138
40268,0.475138
40269,0.475138
40270,0.475138
40271,0.475138
40272,0.475138
40273,0.475138
40274,0.475138
40275,0.475138
40276,0.475138
40277,0.475138
40278,0.475138
40279,0.475138
40280,0.475138
40281,0.475138
40282,0.475138
40283,0.475138
40284,0.475138
40285,0.475138
40286,0.475138
40287,0.475138
40288,0.475138
40289,0.475138
40290,0.475138
40291,0.475138
40292,0.475138
40293,0.475138
40294,0.475138
40295,0.475138
40296,0.475138
40297,0.475138
40298,0.475138
40299,0.475138
40300,0.475138
40301,0.475138
40302,0.475138
40303,0.475138
40304,0.475138
40305,0.475138
40306,0.475138
40307,0.475138
40308,0.475138
40309,0.475138
40310,0.475138
40311,0.475138
40312,0.475138
40313,0.475138
40314,0.475138
40315,0.475138
40316,0.475138
40317,0.475138
40318,0.475138
40319,0.475138
40320,0.475138
40321,0.475138
40322,0.475138
40323,0.475138
40324,0.475138
40325,0.475138
40326,0.475138
40327,0.475138
40328,0.475138
40329,0.475138
40330,0.475138
40331,0.475138
40332,0.475138
40333,0.475138
40334,0.475138
40335,0.475138
40336,0.475138
40337,0.475138
40338,0.475138
40339,0.475138
40340,0.475138
40341,0.475138
40342,0.475138
40343,0.475138
40344,0.475138
40345,0.475138
40346,0.475138
40347,0.475138
40348,0.475138
40349,0.475138
40350,0.475138
40351,0.475138
40352,0.475138
40353,0.475138
40354,0.475138
40355,0.475138
40356,0.475138
40357,0.475138
40358,0.475138
40359,0.475138
40360,0.475138
40361,0.475138
40362,0.475138
40363,0.475138
40364,0.475138
40365,0.475138
40366,0.475138
40367,0.475138
40368,0.475138
40369,0.475138
40370,0.475138
40371,0.475138
40372,0.475138
40373,0.475138
40374,0.475138
40375,0.475138
40376,0.475138
40377,0.475138
40378,0.475138
40379,0.475138
40380,0.475138
40381,0.475138
40382,0.475138
40383,0.475138
40384,0.475138
40385,0.475138
40386,0.475138
40387,0.475138
40388,0.475138
40389,0.475138
40390,0.475138
40391,0.475138
40392,0.475138
40393,0.475138
40394,0.475138
40395,0.475138
40396,0.475138
40397,0.475138
40398,0.475138
40399,0.475138
40400,0.475138
40401,0.475138
40402,0.475138
40403,0.475138
40404,0.475138
40405,0.475138
40406,0.475138
40407,0.475138
40408,0.475138
40409,0.475138
40410,0.475138
40411,0.475138
40412,0.475138
40413,0.475138
40414,0.475138
40415,0.475138
40416,0.475138
40417,0.475138
40418,0.475138
40419,0.475138
40420,0.475138
40421,0.475138
40422,0.475138
40423,0.475138
40424,0.475138
40425,0.475138
40426,0.475138
40427,0.475138
40428,0.475138
40429,0.475138
40430,0.475138
40431,0.475138
40432,0.475138
40433,0.475138
40434,0.475138
40435,0.475138
40436,0.475138
40437,0.475138
40438,0.475138
40439,0.475138
40440,0.475138
40441,0.475138
40442,0.475138
40443,0.475138
40444,0.475138
40445,0.475138
40446,0.475138
40447,0.475138
40448,0.475138
40449,0.475138
40450,0.475138
40451,0.475138
40452,0.475138
40453,0.475138
40454,0.475138
40455,0.475138
40456,0.475138
40457,0.475138
40458,0.475138
40459,0.478481
40460,0.475138
40461,0.475138
40462,0.475138
40463,0.475138
40464,0.475138
40465,0.475138
40466,0.475138
40467,0.475138
40468,0.475138
40469,0.475138
40470,0.475138
40471,0.475138
40472,0.475138
40473,0.475138
40474,0.475138
40475,0.475138
40476,0.475138
40477,0.475138
40478,0.475138
40479,0.475138
40480,0.475138
40481,0.475138
40482,0.475138
40483,0.475138
40484,0.475138
40485,0.475138
40486,0.475138
40487,0.475138
40488,0.475138
40489,0.475138
40490,0.475138
40491,0.475138
40492,0.475138
40493,0.475138
40494,0.475138
40495,0.475138
40496,0.475138
40497,0.475138
40498,0.475138
40499,0.475138
40500,0.475138
40501,0.475138
40502,0.475138
40503,0.475138
40504,0.475138
40505,0.475138
40506,0.475138
40507,0.475138
40508,0.475138
40509,0.475138
40510,0.475138
40511,0.475138
40512,0.475138
40513,0.475138
40514,0.475138
40515,0.475138
40516,0.475138
40517,0.475138
40518,0.475138
40519,0.475138
40520,0.475138
40521,0.475138
40522,0.475138
40523,0.475138
40524,0.475138
40525,0.475138
40526,0.475138
40527,0.475138
40528,0.475138
40529,0.475138
40530,0.475138
40531,0.475138
40532,0.475138
40533,0.475138
40534,0.475138
40535,0.475138
40536,0.475138
40537,0.475138
40538,0.475138
40539,0.475138
40540,0.475138
40541,0.475138
40542,0.475138
40543,0.475138
40544,0.475138
40545,0.475138
40546,0.475138
40547,0.475138
40548,0.475138
40549,0.475138
40550,0.475138
40551,0.475138
40552,0.475138
40553,0.475138
40554,0.475138
40555,0.475138
40556,0.475138
40557,0.475138
40558,0.475138
40559,0.475138
40560,0.475138
40561,0.475138
40562,0.475138
40563,0.456382
40564,0.456382
40565,0.456382
40566,0.456382
40567,0.475138
40568,0.475138
40569,0.475138
40570,0.475138
40571,0.475138
40572,0.475138
40573,0.475138
40574,0.475138
40575,0.475138
40576,0.475138
40577,0.475138
40578,0.475138
40579,0.475138
40580,0.475138
40581,0.475138
40582,0.475138
40583,0.475138
40584,0.475138
40585,0.475138
40586,0.475138
40587,0.475138
40588,0.475138
40589,0.475138
40590,0.475138
40591,0.475138
40592,0.475138
40593,0.475138
40594,0.475138
40595,0.475138
40596,0.475138
40597,0.475138
40598,0.475138
40599,0.475138
40600,0.475138
40601,0.475138
40602,0.475138
40603,0.475138
40604,0.475138
40605,0.475138
40606,0.475138
40607,0.475138
40608,0.475138
40609,0.475138
40610,0.475138
40611,0.475138
40612,0.475138
40613,0.475138
40614,0.475138
40615,0.475138
40616,0.475138
40617,0.475138
40618,0.475138
40619,0.475138
40620,0.475138
40621,0.452720
40622,0.475138
40623,0.475138
40624,0.475138
40625,0.475138
40626,0.475138
40627,0.475138
40628,0.475138
40629,0.475138
40630,0.475138
40631,0.475138
40632,0.475138
40633,0.475138
40634,0.475138
40635,0.475138
40636,0.475138
40637,0.475138
40638,0.475138
40639,0.475138
40640,0.475138
40641,0.475138
40642,0.475138
40643,0.475138
40644,0.475138
40645,0.475138
40646,0.475138
40647,0.475138
40648,0.475138
40649,0.475138
40650,0.475138
40651,0.475138
40652,0.475138
40653,0.475138
40654,0.475138
40655,0.475138
40656,0.475138
40657,0.475138
40658,0.475138
40659,0.475138
40660,0.475138
40661,0.475138
40662,0.475138
40663,0.475138
40664,0.475138
40665,0.475138
40666,0.475138
40667,0.475138
40668,0.475138
40669,0.475138
40670,0.475138
40671,0.475138
40672,0.475138
40673,0.475138
40674,0.475138
40675,0.475138
40676,0.475138
40677,0.475138
40678,0.475138
40679,0.475138
40680,0.475138
40681,0.475138
40682,0.475138
40683,0.475138
40684,0.475138
40685,0.475138
40686,0.475138
40687,0.475138
40688,0.475138
40689,0.475138
40690,0.475138
40691,0.475138
40692,0.475138
40693,0.475138
40694,0.475138
40695,0.475138
40696,0.475138
40697,0.475138
40698,0.475138
40699,0.475138
40700,0.475138
40701,0.475138
40702,0.475138
40703,0.475138
40704,0.475138
40705,0.475138
40706,0.475138
40707,0.475138
40708,0.475138
40709,0.475138
40710,0.475138
40711,0.475138
40712,0.475138
40713,0.475138
40714,0.475138
40715,0.475138
40716,0.475138
40717,0.475138
40718,0.475138
40719,0.475138
40720,0.475138
40721,0.475138
40722,0.475138
40723,0.475138
40724,0.475138
40725,0.475138
40726,0.475138
40727,0.475138
40728,0.475138
40729,0.475138
40730,0.475138
40731,0.475138
40732,0.475138
40733,0.475138
40734,0.475138
40735,0.475138
40736,0.475138
40737,0.475138
40738,0.475138
40739,0.475138
40740,0.475138
40741,0.475138
40742,0.475138
40743,0.475138
40744,0.475138
40745,0.475138
40746,0.475138
40747,0.475138
40748,0.475138
40749,0.475138
40750,0.475138
40751,0.475138
40752,0.475138
40753,0.475138
40754,0.475138
40755,0.475138
40756,0.475138
40757,0.475138
40758,0.475138
40759,0.475138
40760,0.475138
40761,0.475138
40762,0.475138
40763,0.475138
40764,0.475138
40765,0.475138
40766,0.475138
40767,0.475138
40768,0.475138
40769,0.475138
40770,0.475138
40771,0.475138
40772,0.475138
40773,0.475138
40774,0.475138
40775,0.475138
40776,0.475138
40777,0.475138
40778,0.475138
40779,0.475138
40780,0.475138
40781,0.475138
40782,0.475138
40783,0.475138
40784,0.475138
40785,0.475138
40786,0.475138
40787,0.475138
40788,0.475138
40789,0.475138
40790,0.475138
40791,0.475138
40792,0.475138
40793,0.475138
40794,0.475138
40795,0.475138
40796,0.475138
40797,0.475138
40798,0.475138
40799,0.475138
40800,0.475138
40801,0.475138
40802,0.475138
40803,0.475138
40804,0.475138
40805,0.475138
40806,0.475138
40807,0.475138
40808,0.475138
40809,0.475138
40810,0.475138
40811,0.475138
40812,0.475138
40813,0.475138
40814,0.475138
40815,0.475138
40816,0.475138
40817,0.475138
40818,0.475138
40819,0.475138
40820,0.475138
40821,0.475138
40822,0.475138
40823,0.475138
40824,0.475138
40825,0.475138
40826,0.475138
40827,0.475138
40828,0.475138
40829,0.475138
40830,0.475138
40831,0.475138
40832,0.475138
40833,0.475138
40834,0.475138
40835,0.475138
40836,0.475138
40837,0.475138
40838,0.475138
40839,0.475138
40840,0.475138
40841,0.475138
40842,0.475138
40843,0.475138
40844,0.475138
40845,0.475138
40846,0.475138
40847,0.475138
40848,0.475138
40849,0.475138
40850,0.475138
40851,0.475138
40852,0.475138
40853,0.475138
40854,0.475138
40855,0.475138
40856,0.475138
40857,0.475138
40858,0.475138
40859,0.475138
40860,0.475138
40861,0.475138
40862,0.475138
40863,0.475138
40864,0.475138
40865,0.475138
40866,0.475138
40867,0.475138
40868,0.475138
40869,0.475138
40870,0.475138
40871,0.475138
40872,0.475138
40873,0.475138
40874,0.475138
40875,0.475138
40876,0.475138
40877,0.475138
40878,0.475138
40879,0.475138
40880,0.475138
40881,0.475138
40882,0.475138
40883,0.475138
40884,0.475138
40885,0.475138
40886,0.475138
40887,0.475138
40888,0.475138
40889,0.475138
40890,0.475138
40891,0.475138
40892,0.475138
40893,0.475138
40894,0.475138
40895,0.475138
40896,0.475138
40897,0.475138
40898,0.475138
40899,0.475138
40900,0.475138
40901,0.475138
40902,0.475138
40903,0.475138
40904,0.475138
40905,0.475138
40906,0.475138
40907,0.475138
40908,0.475138
40909,0.475138
40910,0.475138
40911,0.475138
40912,0.475138
40913,0.475138
40914,0.475138
40915,0.475138
40916,0.475138
40917,0.475138
40918,0.475138
40919,0.475138
40920,0.475138
40921,0.475138
40922,0.475138
40923,0.475138
40924,0.475138
40925,0.475138
40926,0.475138
40927,0.475138
40928,0.475138
40929,0.475138
40930,0.475138
40931,0.475138
40932,0.475138
40933,0.475138
40934,0.475138
40935,0.475138
40936,0.475138
40937,0.475138
40938,0.475138
40939,0.475138
40940,0.475138
40941,0.475138
40942,0.475138
40943,0.475138
40944,0.475138
40945,0.475138
40946,0.475138
40947,0.475138
40948,0.475138
40949,0.475138
40950,0.475138
40951,0.475138
40952,0.475138
40953,0.475138
40954,0.475138
40955,0.475138
40956,0.475138
40957,0.475138
40958,0.475138
40959,0.475138
40960,0.475138
40961,0.475138
40962,0.475138
40963,0.475138
40964,0.475138
40965,0.475138
40966,0.475138
40967,0.475138
40968,0.475138
40969,0.475138
40970,0.475138
40971,0.475138
40972,0.475138
40973,0.475138
40974,0.475138
40975,0.475138
40976,0.475138
40977,0.475138
40978,0.475138
40979,0.475138
40980,0.475138
40981,0.475138
40982,0.475138
40983,0.475138
40984,0.475138
40985,0.475138
40986,0.475138
40987,0.475138
40988,0.475138
40989,0.475138
40990,0.475138
40991,0.475138
40992,0.475138
40993,0.475138
40994,0.475138
40995,0.475138
40996,0.475138
40997,0.475138
40998,0.475138
40999,0.475138
41000,0.475138
41001,0.475138
41002,0.475138
41003,0.475138
41004,0.475138
41005,0.475138
41006,0.475138
41007,0.475138
41008,0.475138
41009,0.475138
41010,0.475138
41011,0.475138
41012,0.475138
41013,0.475138
41014,0.475138
41015,0.475138
41016,0.475138
41017,0.475138
41018,0.475138
41019,0.475138
41020,0.475138
41021,0.475138
41022,0.475138
41023,0.475138
41024,0.475138
41025,0.475138
41026,0.475138
41027,0.475138
41028,0.475138
41029,0.475138
41030,0.475138
41031,0.475138
41032,0.475138
41033,0.475138
41034,0.475138
41035,0.475138
41036,0.475138
41037,0.475138
41038,0.475138
41039,0.475138
41040,0.475138
41041,0.475138
41042,0.475138
41043,0.475138
41044,0.475138
41045,0.475138
41046,0.475138
41047,0.475138
41048,0.475138
41049,0.475138
41050,0.475138
41051,0.475138
41052,0.475138
41053,0.475138
41054,0.475138
41055,0.475138
41056,0.475138
41057,0.475138
41058,0.475138
41059,0.475138
41060,0.475138
41061,0.475138
41062,0.475138
41063,0.475138
41064,0.475138
41065,0.475138
41066,0.475138
41067,0.475138
41068,0.475138
41069,0.475138
41070,0.475138
41071,0.475138
41072,0.475138
41073,0.475138
41074,0.475138
41075,0.475138
41076,0.475138
41077,0.475138
41078,0.475138
41079,0.475138
41080,0.475138
41081,0.475138
41082,0.475138
41083,0.475138
41084,0.475138
41085,0.475138
41086,0.475138
41087,0.475138
41088,0.475138
41089,0.475138
41090,0.475138
41091,0.475138
41092,0.475138
41093,0.475138
41094,0.475138
41095,0.475138
41096,0.475138
41097,0.475138
41098,0.475138
41099,0.475138
41100,0.475138
41101,0.475138
41102,0.475138
41103,0.475138
41104,0.475138
41105,0.475138
41106,0.475138
41107,0.456971
41108,0.456971
41109,0.456971
41110,0.456971
41111,0.456971
41112,0.456971
41113,0.456971
41114,0.456971
41115,0.456971
41116,0.456971
41117,0.456971
41118,0.456971
41119,0.456971
41120,0.456971
41121,0.456971
41122,0.474970
41123,0.474970
41124,0.475138
41125,0.475138
41126,0.475138
41127,0.475138
41128,0.475138
41129,0.475138
41130,0.475138
41131,0.475138
41132,0.475138
41133,0.475138
41134,0.475138
41135,0.475138
41136,0.475138
41137,0.475138
41138,0.475138
41139,0.475138
41140,0.475138
41141,0.475138
41142,0.475138
41143,0.475138
41144,0.475138
41145,0.475138
41146,0.475138
41147,0.475138
41148,0.475138
41149,0.475138
41150,0.475138
41151,0.475138
41152,0.475138
41153,0.475138
41154,0.475138
41155,0.475138
41156,0.475138
41157,0.475138
41158,0.475138
41159,0.475138
41160,0.475138
41161,0.475138
41162,0.475138
41163,0.475138
41164,0.475138
41165,0.475138
41166,0.475138
41167,0.475138
41168,0.475138
41169,0.475138
41170,0.475138
41171,0.475138
41172,0.475138
41173,0.475138
41174,0.475138
41175,0.475138
41176,0.475138
41177,0.475138
41178,0.475138
41179,0.475138
41180,0.475138
41181,0.475138
41182,0.475138
41183,0.475138
41184,0.475138
41185,0.475138
41186,0.475138
41187,0.475138
41188,0.475138
41189,0.475138
41190,0.475138
41191,0.475138
41192,0.475138
41193,0.475138
41194,0.475138
41195,0.475138
41196,0.475138
41197,0.475138
41198,0.475138
41199,0.475138
41200,0.475138
41201,0.475138
41202,0.475138
41203,0.475138
41204,0.475138
41205,0.475138
41206,0.475138
41207,0.475138
41208,0.475138
41209,0.475138
41210,0.475138
41211,0.475138
41212,0.475138
41213,0.475138
41214,0.475138
41215,0.475138
41216,0.475138
41217,0.475138
41218,0.475138
41219,0.475138
41220,0.475138
41221,0.475138
41222,0.475138
41223,0.475138
41224,0.475138
41225,0.475138
41226,0.475138
41227,0.475138
41228,0.475138
41229,0.475138
41230,0.475138
41231,0.475138
41232,0.475138
41233,0.475138
41234,0.475138
41235,0.475138
41236,0.475138
41237,0.475138
41238,0.475138
41239,0.475138
41240,0.475138
41241,0.475138
41242,0.475138
41243,0.475138
41244,0.475138
41245,0.475138
41246,0.475138
41247,0.475138
41248,0.475138
41249,0.475138
41250,0.475138
41251,0.475138
41252,0.475138
41253,0.475138
41254,0.475138
41255,0.475138
41256,0.475138
41257,0.475138
41258,0.475138
41259,0.475138
41260,0.475138
41261,0.475138
41262,0.475138
41263,0.475138
41264,0.475138
41265,0.475138
41266,0.475138
41267,0.475138
41268,0.475138
41269,0.475138
41270,0.475138
41271,0.475138
41272,0.475138
41273,0.475138
41274,0.475138
41275,0.475138
41276,0.475138
41277,0.475138
41278,0.475138
41279,0.475138
41280,0.475138
41281,0.475138
41282,0.475138
41283,0.475138
41284,0.475138
41285,0.475138
41286,0.475138
41287,0.475138
41288,0.475138
41289,0.475138
41290,0.475138
41291,0.475138
41292,0.475138
41293,0.475138
41294,0.475138
41295,0.475138
41296,0.475138
41297,0.475138
41298,0.475138
41299,0.475138
41300,0.475138
41301,0.475138
41302,0.475138
41303,0.475138
41304,0.475138
41305,0.475138
41306,0.475138
41307,0.475138
41308,0.475138
41309,0.475138
41310,0.475138
41311,0.475138
41312,0.475138
41313,0.475138
41314,0.475138
41315,0.475138
41316,0.475138
41317,0.475138
41318,0.475138
41319,0.475138
41320,0.475138
41321,0.475138
41322,0.475138
41323,0.475138
41324,0.475138
41325,0.475138
41326,0.475138
41327,0.475138
41328,0.475138
41329,0.475138
41330,0.475138
41331,0.475138
41332,0.475138
41333,0.475138
41334,0.475138
41335,0.475138
41336,0.475138
41337,0.475138
41338,0.475138
41339,0.475138
41340,0.475138
41341,0.472742
41342,0.475138
41343,0.475138
41344,0.475138
41345,0.475138
41346,0.475138
41347,0.475138
41348,0.475138
41349,0.475138
41350,0.475138
41351,0.475138
41352,0.475138
41353,0.475138
41354,0.475138
41355,0.475138
41356,0.475138
41357,0.475138
41358,0.475138
41359,0.475138
41360,0.475138
41361,0.475138
41362,0.475138
41363,0.475138
41364,0.475138
41365,0.475138
41366,0.475138
41367,0.475138
41368,0.475138
41369,0.475138
41370,0.475138
41371,0.475138
41372,0.475138
41373,0.475138
41374,0.475138
41375,0.475138
41376,0.475138
41377,0.475138
41378,0.475138
41379,0.475138
41380,0.475138
41381,0.475138
41382,0.475138
41383,0.475138
41384,0.475138
41385,0.475138
41386,0.475138
41387,0.475138
41388,0.475138
41389,0.475138
41390,0.475138
41391,0.475138
41392,0.475138
41393,0.475138
41394,0.475138
41395,0.475138
41396,0.475138
41397,0.475138
41398,0.475138
41399,0.475138
41400,0.475138
41401,0.475138
41402,0.475138
41403,0.475138
41404,0.475138
41405,0.475138
41406,0.475138
41407,0.475138
41408,0.475138
41409,0.475138
41410,0.475138
41411,0.475138
41412,0.475138
41413,0.475138
41414,0.475138
41415,0.475138
41416,0.475138
41417,0.475138
41418,0.475138
41419,0.475138
41420,0.475138
41421,0.475138
41422,0.475138
41423,0.475138
41424,0.475138
41425,0.475138
41426,0.475138
41427,0.475138
41428,0.475138
41429,0.475138
41430,0.475138
41431,0.475138
41432,0.475138
41433,0.475138
41434,0.475138
41435,0.475138
41436,0.475138
41437,0.475138
41438,0.475138
41439,0.475138
41440,0.475138
41441,0.475138
41442,0.475138
41443,0.475138
41444,0.475138
41445,0.475138
41446,0.475138
41447,0.475138
41448,0.475138
41449,0.475138
41450,0.475138
41451,0.475138
41452,0.475138
41453,0.475138
41454,0.475138
41455,0.475138
41456,0.475138
41457,0.475138
41458,0.475138
41459,0.475138
41460,0.475138
41461,0.475138
41462,0.475138
41463,0.475138
41464,0.475138
41465,0.475138
41466,0.475138
41467,0.475138
41468,0.475138
41469,0.475138
41470,0.475138
41471,0.475138
41472,0.475138
41473,0.475138
41474,0.475138
41475,0.475138
41476,0.475138
41477,0.475138
41478,0.475138
41479,0.475138
41480,0.475138
41481,0.475138
41482,0.475138
41483,0.475138
41484,0.475138
41485,0.475138
41486,0.475138
41487,0.475138
41488,0.475138
41489,0.475138
41490,0.475138
41491,0.475138
41492,0.475138
41493,0.475138
41494,0.475138
41495,0.475138
41496,0.475138
41497,0.475138
41498,0.475138
41499,0.475138
41500,0.475138
41501,0.475138
41502,0.475138
41503,0.475138
41504,0.475138
41505,0.475138
41506,0.475138
41507,0.475138
41508,0.475138
41509,0.475138
41510,0.475138
41511,0.475138
41512,0.475138
41513,0.475138
41514,0.475138
41515,0.475138
41516,0.475138
41517,0.475138
41518,0.475138
41519,0.475138
41520,0.475138
41521,0.475138
41522,0.475138
41523,0.475138
41524,0.475138
41525,0.475138
41526,0.475138
41527,0.475138
41528,0.475138
41529,0.475138
41530,0.475138
41531,0.475138
41532,0.475138
41533,0.475138
41534,0.475138
41535,0.475138
41536,0.475138
41537,0.475138
41538,0.475138
41539,0.475138
41540,0.475138
41541,0.475138
41542,0.474970
41543,0.475138
41544,0.475138
41545,0.475138
41546,0.475138
41547,0.475138
41548,0.475138
41549,0.475138
41550,0.475138
41551,0.475138
41552,0.475138
41553,0.475138
41554,0.475138
41555,0.475138
41556,0.475138
41557,0.475138
41558,0.475138
41559,0.475138
41560,0.475138
41561,0.475138
41562,0.475138
41563,0.475138
41564,0.475138
41565,0.475138
41566,0.475138
41567,0.475138
41568,0.475138
41569,0.475138
41570,0.475138
41571,0.475138
41572,0.475138
41573,0.475138
41574,0.475138
41575,0.475138
41576,0.475138
41577,0.475138
41578,0.475138
41579,0.475138
41580,0.475138
41581,0.475138
41582,0.475138
41583,0.475138
41584,0.475138
41585,0.475138
41586,0.475138
41587,0.475138
41588,0.475138
41589,0.475138
41590,0.475138
41591,0.475138
41592,0.475138
41593,0.475138
41594,0.475138
41595,0.475138
41596,0.475138
41597,0.475138
41598,0.475138
41599,0.475138
41600,0.475138
41601,0.475138
41602,0.475138
41603,0.475138
41604,0.475138
41605,0.475138
41606,0.475138
41607,0.475138
41608,0.475138
41609,0.475138
41610,0.475138
41611,0.475138
41612,0.475138
41613,0.475138
41614,0.475138
41615,0.475138
41616,0.475138
41617,0.475138
41618,0.475138
41619,0.475138
41620,0.475138
41621,0.475138
41622,0.475138
41623,0.475138
41624,0.475138
41625,0.475138
41626,0.475138
41627,0.475138
41628,0.475138
41629,0.474970
41630,0.474970
41631,0.474970
41632,0.474970
41633,0.474970
41634,0.475138
41635,0.475138
41636,0.475138
41637,0.475138
41638,0.475138
41639,0.475138
41640,0.475138
41641,0.475138
41642,0.475138
41643,0.475138
41644,0.475138
41645,0.475138
41646,0.475138
41647,0.475138
41648,0.475138
41649,0.475138
41650,0.475138
41651,0.475138
41652,0.475138
41653,0.475138
41654,0.475138
41655,0.475138
41656,0.475138
41657,0.475138
41658,0.475138
41659,0.475138
41660,0.475138
41661,0.475138
41662,0.475138
41663,0.475138
41664,0.475138
41665,0.475138
41666,0.475138
41667,0.475138
41668,0.475138
41669,0.475138
41670,0.475138
41671,0.475138
41672,0.475138
41673,0.475138
41674,0.475138
41675,0.475138
41676,0.475138
41677,0.475138
41678,0.475138
41679,0.475138
41680,0.475138
41681,0.475138
41682,0.475138
41683,0.475138
41684,0.475138
41685,0.475138
41686,0.475138
41687,0.475138
41688,0.475138
41689,0.475138
41690,0.475138
41691,0.475138
41692,0.475138
41693,0.475138
41694,0.475138
41695,0.475138
41696,0.475138
41697,0.475138
41698,0.475138
41699,0.475138
41700,0.475138
41701,0.475138
41702,0.475138
41703,0.475138
41704,0.475138
41705,0.475138
41706,0.475138
41707,0.475138
41708,0.475138
41709,0.475138
41710,0.475138
41711,0.475138
41712,0.475138
41713,0.475138
41714,0.475138
41715,0.475138
41716,0.475138
41717,0.475138
41718,0.475138
41719,0.475138
41720,0.475138
41721,0.475138
41722,0.475138
41723,0.475138
41724,0.475138
41725,0.475138
41726,0.475138
41727,0.475138
41728,0.475138
41729,0.475138
41730,0.475138
41731,0.475138
41732,0.475138
41733,0.475138
41734,0.475138
41735,0.475138
41736,0.475138
41737,0.475138
41738,0.475138
41739,0.475138
41740,0.475138
41741,0.475138
41742,0.475138
41743,0.475138
41744,0.475138
41745,0.475138
41746,0.475138
41747,0.475138
41748,0.475138
41749,0.475138
41750,0.475138
41751,0.475138
41752,0.475138
41753,0.475138
41754,0.475138
41755,0.475138
41756,0.475138
41757,0.475138
41758,0.475138
41759,0.475138
41760,0.475138
41761,0.475138
41762,0.475138
41763,0.475138
41764,0.475138
41765,0.475138
41766,0.475138
41767,0.475138
41768,0.475138
41769,0.475138
41770,0.475138
41771,0.475138
41772,0.475138
41773,0.475138
41774,0.475138
41775,0.475138
41776,0.475138
41777,0.475138
41778,0.475138
41779,0.475138
41780,0.475138
41781,0.475138
41782,0.475138
41783,0.475138
41784,0.475138
41785,0.475138
41786,0.475138
41787,0.475138
41788,0.475138
41789,0.475138
41790,0.475138
41791,0.475138
41792,0.475138
41793,0.475138
41794,0.475138
41795,0.475138
41796,0.475138
41797,0.475138
41798,0.475138
41799,0.475138
41800,0.475138
41801,0.475138
41802,0.475138
41803,0.475138
41804,0.475138
41805,0.475138
41806,0.475138
41807,0.475138
41808,0.475138
41809,0.475138
41810,0.475138
41811,0.475138
41812,0.475138
41813,0.475138
41814,0.475138
41815,0.475138
41816,0.475138
41817,0.475138
41818,0.475138
41819,0.475138
41820,0.475138
41821,0.475138
41822,0.475138
41823,0.475138
41824,0.475138
41825,0.475138
41826,0.475138
41827,0.475138
41828,0.475138
41829,0.475138
41830,0.475138
41831,0.475138
41832,0.475138
41833,0.475138
41834,0.475138
41835,0.475138
41836,0.475138
41837,0.475138
41838,0.475138
41839,0.475138
41840,0.475138
41841,0.475138
41842,0.475138
41843,0.475138
41844,0.475138
41845,0.475138
41846,0.475138
41847,0.475138
41848,0.475138
41849,0.475138
41850,0.475138
41851,0.475138
41852,0.475138
41853,0.475138
41854,0.475138
41855,0.475138
41856,0.475138
41857,0.475138
41858,0.475138
41859,0.475138
41860,0.475138
41861,0.475138
41862,0.475138
41863,0.475138
41864,0.475138
41865,0.475138
41866,0.475138
41867,0.475138
41868,0.475138
41869,0.475138
41870,0.475138
41871,0.475138
41872,0.475138
41873,0.475138
41874,0.475138
41875,0.475138
41876,0.475138
41877,0.475138
41878,0.475138
41879,0.475138
41880,0.475138
41881,0.475138
41882,0.475138
41883,0.475138
41884,0.475138
41885,0.475138
41886,0.475138
41887,0.475138
41888,0.475138
41889,0.475138
41890,0.475138
41891,0.475138
41892,0.475138
41893,0.475138
41894,0.475138
41895,0.475138
41896,0.475138
41897,0.475138
41898,0.475138
41899,0.475138
41900,0.475138
41901,0.475138
41902,0.475138
41903,0.475138
41904,0.475138
41905,0.475138
41906,0.475138
41907,0.475138
41908,0.475138
41909,0.475138
41910,0.475138
41911,0.475138
41912,0.475138
41913,0.475138
41914,0.475138
41915,0.475138
41916,0.475138
41917,0.475138
41918,0.475138
41919,0.475138
41920,0.475138
41921,0.475138
41922,0.475138
41923,0.475138
41924,0.475138
41925,0.475138
41926,0.475138
41927,0.475138
41928,0.475138
41929,0.475138
41930,0.475138
41931,0.475138
41932,0.475138
41933,0.475138
41934,0.475138
41935,0.475138
41936,0.475138
41937,0.475138
41938,0.475138
41939,0.475138
41940,0.475138
41941,0.475138
41942,0.475138
41943,0.475138
41944,0.475138
41945,0.475138
41946,0.475138
41947,0.475138
41948,0.475138
41949,0.475138
41950,0.475138
41951,0.475138
41952,0.475138
41953,0.475138
41954,0.475138
41955,0.475138
41956,0.475138
41957,0.475138
41958,0.475138
41959,0.475138
41960,0.475138
41961,0.475138
41962,0.475138
41963,0.475138
41964,0.475138
41965,0.475138
41966,0.475138
41967,0.475138
41968,0.475138
41969,0.475138
41970,0.475138
41971,0.475138
41972,0.475138
41973,0.475138
41974,0.475138
41975,0.475138
41976,0.475138
41977,0.475138
41978,0.475138
41979,0.475138
41980,0.475138
41981,0.475138
41982,0.475138
41983,0.475138
41984,0.453047
41985,0.453047
41986,0.430281
41987,0.430281
41988,0.430281
41989,0.436576
41990,0.436576
41991,0.436576
41992,0.436576
41993,0.436576
41994,0.436576
41995,0.436576
41996,0.416370
41997,0.416370
41998,0.419374
41999,0.416370
42000,0.416370
42001,0.452080
42002,0.430169
42003,0.430281
42004,0.431220
42005,0.430169
42006,0.463561
42007,0.475138
42008,0.475138
42009,0.475138
42010,0.475138
42011,0.475138
42012,0.475138
42013,0.475138
42014,0.475138
42015,0.475138
42016,0.475138
42017,0.475138
42018,0.475138
42019,0.475138
42020,0.475138
42021,0.475138
42022,0.475138
42023,0.475138
42024,0.475138
42025,0.475138
42026,0.475138
42027,0.475138
42028,0.475138
42029,0.475138
42030,0.475138
42031,0.475138
42032,0.475138
42033,0.475138
42034,0.475138
42035,0.475138
42036,0.475138
42037,0.475138
42038,0.475138
42039,0.475138
42040,0.475138
42041,0.475138
42042,0.475138
42043,0.475138
42044,0.475138
42045,0.475138
42046,0.475138
42047,0.475138
42048,0.475138
42049,0.475138
42050,0.475138
42051,0.475138
42052,0.475138
42053,0.475138
42054,0.475138
42055,0.475138
42056,0.475138
42057,0.475138
42058,0.475138
42059,0.475138
42060,0.475138
42061,0.475138
42062,0.475138
42063,0.475138
42064,0.475138
42065,0.475138
42066,0.475138
42067,0.475138
42068,0.475138
42069,0.475138
42070,0.475138
42071,0.475138
42072,0.475138
42073,0.475138
42074,0.475138
42075,0.475138
42076,0.475138
42077,0.475138
42078,0.475138
42079,0.475138
42080,0.475138
42081,0.475138
42082,0.475138
42083,0.475138
42084,0.475138
42085,0.475138
42086,0.475138
42087,0.475138
42088,0.475138
42089,0.475138
42090,0.475138
42091,0.475138
42092,0.475138
42093,0.475138
42094,0.475138
42095,0.475138
42096,0.475138
42097,0.475138
42098,0.475138
42099,0.475138
42100,0.475138
42101,0.475138
42102,0.475138
42103,0.475138
42104,0.475138
42105,0.475138
42106,0.475138
42107,0.475138
42108,0.475138
42109,0.475138
42110,0.475138
42111,0.475138
42112,0.475138
42113,0.475138
42114,0.475138
42115,0.475138
42116,0.475138
42117,0.475138
42118,0.475138
42119,0.475138
42120,0.475138
42121,0.475138
42122,0.475138
42123,0.475138
42124,0.475138
42125,0.475138
42126,0.475138
42127,0.475138
42128,0.475138
42129,0.475138
42130,0.475138
42131,0.475138
42132,0.475138
42133,0.475138
42134,0.475138
42135,0.475138
42136,0.475138
42137,0.475138
42138,0.475138
42139,0.475138
42140,0.475138
42141,0.475138
42142,0.475138
42143,0.475138
42144,0.475138
42145,0.475138
42146,0.475138
42147,0.440104
42148,0.440104
42149,0.440104
42150,0.440104
42151,0.440104
42152,0.440104
42153,0.440104
42154,0.440104
42155,0.475138
42156,0.475138
42157,0.475138
42158,0.475138
42159,0.475138
42160,0.475138
42161,0.475138
42162,0.475138
42163,0.475138
42164,0.475138
42165,0.475138
42166,0.475138
42167,0.475138
42168,0.475138
42169,0.475138
42170,0.475138
42171,0.475138
42172,0.475138
42173,0.475138
42174,0.475138
42175,0.475138
42176,0.475138
42177,0.475138
42178,0.475138
42179,0.475138
42180,0.475138
42181,0.475138
42182,0.475138
42183,0.475138
42184,0.475138
42185,0.475138
42186,0.475138
42187,0.475138
42188,0.475138
42189,0.475138
42190,0.475138
42191,0.475138
42192,0.475138
42193,0.475138
42194,0.475138
42195,0.475138
42196,0.475138
42197,0.475138
42198,0.475138
42199,0.475138
42200,0.475138
42201,0.475138
42202,0.475138
42203,0.475138
42204,0.475138
42205,0.475138
42206,0.475138
42207,0.475138
42208,0.475138
42209,0.475138
42210,0.475138
42211,0.475138
42212,0.475138
42213,0.475138
42214,0.475138
42215,0.475138
42216,0.475138
42217,0.475138
42218,0.475138
42219,0.475138
42220,0.475138
42221,0.475138
42222,0.475138
42223,0.475138
42224,0.475138
42225,0.475138
42226,0.475138
42227,0.475138
42228,0.475138
42229,0.475138
42230,0.475138
42231,0.475138
42232,0.475138
42233,0.475138
42234,0.475138
42235,0.475138
42236,0.475138
42237,0.475138
42238,0.475138
42239,0.475138
42240,0.475138
42241,0.475138
42242,0.475138
42243,0.475138
42244,0.475138
42245,0.475138
42246,0.475138
42247,0.475138
42248,0.475138
42249,0.475138
42250,0.475138
42251,0.475138
42252,0.475138
42253,0.475138
42254,0.475138
42255,0.475138
42256,0.475138
42257,0.475138
42258,0.475138
42259,0.475138
42260,0.475138
42261,0.475138
42262,0.475138
42263,0.475138
42264,0.475138
42265,0.475138
42266,0.475138
42267,0.475138
42268,0.475138
42269,0.475138
42270,0.475138
42271,0.475138
42272,0.475138
42273,0.475138
42274,0.475138
42275,0.475138
42276,0.475138
42277,0.475138
42278,0.475138
42279,0.475138
42280,0.475138
42281,0.475138
42282,0.475138
42283,0.475138
42284,0.475138
42285,0.475138
42286,0.475138
42287,0.475138
42288,0.475138
42289,0.475138
42290,0.475138
42291,0.475138
42292,0.475138
42293,0.475138
42294,0.475138
42295,0.475138
42296,0.475138
42297,0.475138
42298,0.475138
42299,0.475138
42300,0.475138
42301,0.475138
42302,0.475138
42303,0.475138
42304,0.475138
42305,0.475138
42306,0.475138
42307,0.475138
42308,0.475138
42309,0.475138
42310,0.475138
42311,0.475138
42312,0.475138
42313,0.475138
42314,0.475138
42315,0.475138
42316,0.475138
42317,0.475138
42318,0.475138
42319,0.475138
42320,0.475138
42321,0.475138
42322,0.475138
42323,0.475138
42324,0.475138
42325,0.475138
42326,0.475138
42327,0.475138
42328,0.475138
42329,0.475138
42330,0.475138
42331,0.475138
42332,0.475138
42333,0.475138
42334,0.475138
42335,0.475138
42336,0.475138
42337,0.475138
42338,0.475138
42339,0.475138
42340,0.475138
42341,0.475138
42342,0.475138
42343,0.475138
42344,0.475138
42345,0.475138
42346,0.475138
42347,0.475138
42348,0.475138
42349,0.475138
42350,0.475138
42351,0.475138
42352,0.475138
42353,0.475138
42354,0.475138
42355,0.475138
42356,0.475138
42357,0.475138
42358,0.475138
42359,0.475138
42360,0.475138
42361,0.475138
42362,0.475138
42363,0.475138
42364,0.475138
42365,0.475138
42366,0.475138
42367,0.475138
42368,0.475138
42369,0.475138
42370,0.475138
42371,0.475138
42372,0.475138
42373,0.475138
42374,0.475138
42375,0.475138
42376,0.475138
42377,0.475138
42378,0.475138
42379,0.475138
42380,0.475138
42381,0.475138
42382,0.475138
42383,0.475138
42384,0.475138
42385,0.475138
42386,0.475138
42387,0.475138
42388,0.475138
42389,0.475138
42390,0.475138
42391,0.475138
42392,0.475138
42393,0.475138
42394,0.475138
42395,0.475138
42396,0.475138
42397,0.475138
42398,0.475138
42399,0.475138
42400,0.475138
42401,0.475138
42402,0.475138
42403,0.475138
42404,0.475138
42405,0.475138
42406,0.475138
42407,0.475138
42408,0.475138
42409,0.475138
42410,0.475138
42411,0.475138
42412,0.475138
42413,0.475138
42414,0.475138
42415,0.475138
42416,0.475138
42417,0.475138
42418,0.475138
42419,0.475138
42420,0.475138
42421,0.475138
42422,0.475138
42423,0.475138
42424,0.475138
42425,0.475138
42426,0.475138
42427,0.475138
42428,0.475138
42429,0.475138
42430,0.475138
42431,0.475138
42432,0.475138
42433,0.475138
42434,0.475138
42435,0.475138
42436,0.475138
42437,0.475138
42438,0.475138
42439,0.475138
42440,0.475138
42441,0.475138
42442,0.475138
42443,0.475138
42444,0.475138
42445,0.475138
42446,0.475138
42447,0.475138
42448,0.475138
42449,0.475138
42450,0.475138
42451,0.475138
42452,0.475138
42453,0.475138
42454,0.475138
42455,0.475138
42456,0.475138
42457,0.475138
42458,0.475138
42459,0.475138
42460,0.475138
42461,0.475138
42462,0.475138
42463,0.475138
42464,0.475138
42465,0.475138
42466,0.475138
42467,0.475138
42468,0.475138
42469,0.475138
42470,0.475138
42471,0.475138
42472,0.475138
42473,0.475138
42474,0.475138
42475,0.475138
42476,0.475138
42477,0.475138
42478,0.475138
42479,0.475138
42480,0.475138
42481,0.475138
42482,0.475138
42483,0.475138
42484,0.475138
42485,0.475138
42486,0.475138
42487,0.475138
42488,0.475138
42489,0.475138
42490,0.475138
42491,0.475138
42492,0.475138
42493,0.475138
42494,0.475138
42495,0.475138
42496,0.475138
42497,0.475138
42498,0.475138
42499,0.475138
42500,0.475138
42501,0.475138
42502,0.475138
42503,0.475138
42504,0.475138
42505,0.475138
42506,0.475138
42507,0.475138
42508,0.475138
42509,0.475138
42510,0.475138
42511,0.475138
42512,0.475138
42513,0.475138
42514,0.475138
42515,0.475138
42516,0.475138
42517,0.475138
42518,0.475138
42519,0.475138
42520,0.475138
42521,0.475138
42522,0.475138
42523,0.475138
42524,0.475138
42525,0.475138
42526,0.475138
42527,0.475138
42528,0.475138
42529,0.475138
42530,0.475138
42531,0.475138
42532,0.475138
42533,0.475138
42534,0.475138
42535,0.475138
42536,0.475138
42537,0.475138
42538,0.475138
42539,0.475138
42540,0.475138
42541,0.475138
42542,0.475138
42543,0.475138
42544,0.475138
42545,0.475138
42546,0.475138
42547,0.475138
42548,0.475138
42549,0.475138
42550,0.475138
42551,0.475138
42552,0.475138
42553,0.475138
42554,0.475138
42555,0.475138
42556,0.475138
42557,0.475138
42558,0.475138
42559,0.475138
42560,0.475138
42561,0.475138
42562,0.475138
42563,0.475138
42564,0.475138
42565,0.475138
42566,0.475138
42567,0.475138
42568,0.475138
42569,0.475138
42570,0.475138
42571,0.475138
42572,0.475138
42573,0.475138
42574,0.475138
42575,0.475138
42576,0.475138
42577,0.475138
42578,0.475138
42579,0.475138
42580,0.475138
42581,0.475138
42582,0.475138
42583,0.475138
42584,0.475138
42585,0.475138
42586,0.475138
42587,0.475138
42588,0.475138
42589,0.475138
42590,0.475138
42591,0.475138
42592,0.475138
42593,0.475138
42594,0.475138
42595,0.475138
42596,0.475138
42597,0.475138
42598,0.475138
42599,0.475138
42600,0.475138
42601,0.475138
42602,0.475138
42603,0.475138
42604,0.475138
42605,0.475138
42606,0.475138
42607,0.475138
42608,0.475138
42609,0.475138
42610,0.475138
42611,0.475138
42612,0.475138
42613,0.475138
42614,0.475138
42615,0.475138
42616,0.475138
42617,0.475138
42618,0.475138
42619,0.475138
42620,0.475138
42621,0.475138
42622,0.475138
42623,0.475138
42624,0.475138
42625,0.475138
42626,0.475138
42627,0.475138
42628,0.475138
42629,0.475138
42630,0.475138
42631,0.475138
42632,0.475138
42633,0.475138
42634,0.475138
42635,0.475138
42636,0.475138
42637,0.475138
42638,0.475138
42639,0.475138
42640,0.475138
42641,0.475138
42642,0.475138
42643,0.475138
42644,0.475138
42645,0.475138
42646,0.475138
42647,0.475138
42648,0.475138
42649,0.475138
42650,0.475138
42651,0.475138
42652,0.475138
42653,0.475138
42654,0.475138
42655,0.475138
42656,0.475138
42657,0.475138
42658,0.475138
42659,0.475138
42660,0.475138
42661,0.475138
42662,0.475138
42663,0.475138
42664,0.475138
42665,0.475138
42666,0.475138
42667,0.475138
42668,0.475138
42669,0.475138
42670,0.475138
42671,0.475138
42672,0.475138
42673,0.475138
42674,0.475138
42675,0.475138
42676,0.475138
42677,0.475138
42678,0.475138
42679,0.475138
42680,0.475138
42681,0.475138
42682,0.475138
42683,0.475138
42684,0.475138
42685,0.475138
42686,0.475138
42687,0.475138
42688,0.475138
42689,0.475138
42690,0.475138
42691,0.475138
42692,0.475138
42693,0.475138
42694,0.475138
42695,0.475138
42696,0.475138
42697,0.475138
42698,0.475138
42699,0.475138
42700,0.475138
42701,0.475138
42702,0.475138
42703,0.475138
42704,0.475138
42705,0.475138
42706,0.475138
42707,0.475138
42708,0.475138
42709,0.475138
42710,0.475138
42711,0.475138
42712,0.475138
42713,0.475138
42714,0.475138
42715,0.475138
42716,0.475138
42717,0.475138
42718,0.475138
42719,0.475138
42720,0.475138
42721,0.475138
42722,0.475138
42723,0.475138
42724,0.475138
42725,0.475138
42726,0.475138
42727,0.475138
42728,0.475138
42729,0.475138
42730,0.475138
42731,0.475138
42732,0.475138
42733,0.475138
42734,0.475138
42735,0.475138
42736,0.475138
42737,0.475138
42738,0.475138
42739,0.475138
42740,0.475138
42741,0.475138
42742,0.475138
42743,0.475138
42744,0.475138
42745,0.475138
42746,0.475138
42747,0.475138
42748,0.475138
42749,0.475138
42750,0.475138
42751,0.475138
42752,0.475138
42753,0.475138
42754,0.475138
42755,0.475138
42756,0.475138
42757,0.475138
42758,0.475138
42759,0.475138
42760,0.475138
42761,0.475138
42762,0.475138
42763,0.475138
42764,0.475138
42765,0.475138
42766,0.475138
42767,0.475138
42768,0.475138
42769,0.475138
42770,0.475138
42771,0.475138
42772,0.475138
42773,0.475138
42774,0.475138
42775,0.475138
42776,0.475138
42777,0.475138
42778,0.475138
42779,0.475138
42780,0.475138
42781,0.475138
42782,0.475138
42783,0.475138
42784,0.475138
42785,0.475138
42786,0.475138
42787,0.475138
42788,0.475138
42789,0.475138
42790,0.475138
42791,0.475138
42792,0.475138
42793,0.475138
42794,0.475138
42795,0.475138
42796,0.475138
42797,0.475138
42798,0.475138
42799,0.475138
42800,0.475138
42801,0.475138
42802,0.475138
42803,0.475138
42804,0.475138
42805,0.475138
42806,0.475138
42807,0.475138
42808,0.475138
42809,0.475138
42810,0.475138
42811,0.475138
42812,0.475138
42813,0.475138
42814,0.475138
42815,0.475138
42816,0.475138
42817,0.475138
42818,0.475138
42819,0.475138
42820,0.475138
42821,0.475138
42822,0.475138
42823,0.475138
42824,0.475138
42825,0.475138
42826,0.466221
42827,0.475138
42828,0.475138
42829,0.475138
42830,0.475138
42831,0.475138
42832,0.475138
42833,0.475138
42834,0.475138
42835,0.475138
42836,0.475138
42837,0.475138
42838,0.475138
42839,0.475138
42840,0.475138
42841,0.475138
42842,0.475138
42843,0.475138
42844,0.475138
42845,0.475138
42846,0.475138
42847,0.475138
42848,0.475138
42849,0.475138
42850,0.475138
42851,0.475138
42852,0.475138
42853,0.475138
42854,0.475138
42855,0.475138
42856,0.475138
42857,0.475138
42858,0.475138
42859,0.475138
42860,0.475138
42861,0.475138
42862,0.475138
42863,0.475138
42864,0.475138
42865,0.475138
42866,0.475138
42867,0.475138
42868,0.475138
42869,0.475138
42870,0.475138
42871,0.475138
42872,0.475138
42873,0.475138
42874,0.475138
42875,0.475138
42876,0.475138
42877,0.475138
42878,0.475138
42879,0.475138
42880,0.475138
42881,0.475138
42882,0.475138
42883,0.475138
42884,0.475138
42885,0.475138
42886,0.475138
42887,0.475138
42888,0.475138
42889,0.475138
42890,0.475138
42891,0.475138
42892,0.475138
42893,0.475138
42894,0.475138
42895,0.475138
42896,0.475138
42897,0.475138
42898,0.475138
42899,0.475138
42900,0.475138
42901,0.475138
42902,0.475138
42903,0.475138
42904,0.475138
42905,0.475138
42906,0.475138
42907,0.475138
42908,0.475138
42909,0.475138
42910,0.475138
42911,0.475138
42912,0.475138
42913,0.475138
42914,0.475138
42915,0.475138
42916,0.475138
42917,0.475138
42918,0.475138
42919,0.475138
42920,0.475138
42921,0.475138
42922,0.475138
42923,0.475138
42924,0.475138
42925,0.475138
42926,0.475138
42927,0.475138
42928,0.475138
42929,0.475138
42930,0.475138
42931,0.475138
42932,0.475138
42933,0.475138
42934,0.475138
42935,0.475138
42936,0.475138
42937,0.475138
42938,0.475138
42939,0.475138
42940,0.475138
42941,0.475138
42942,0.475138
42943,0.475138
42944,0.475138
42945,0.475138
42946,0.475138
42947,0.475138
42948,0.475138
42949,0.475138
42950,0.475138
42951,0.475138
42952,0.475138
42953,0.475138
42954,0.475138
42955,0.475138
42956,0.475138
42957,0.475138
42958,0.475138
42959,0.475138
42960,0.475138
42961,0.475138
42962,0.475138
42963,0.475138
42964,0.475138
42965,0.475138
42966,0.475138
42967,0.475138
42968,0.475138
42969,0.475138
42970,0.475138
42971,0.475138
42972,0.475138
42973,0.475138
42974,0.475138
42975,0.475138
42976,0.475138
42977,0.475138
42978,0.475138
42979,0.475138
42980,0.475138
42981,0.475138
42982,0.475138
42983,0.475138
42984,0.475138
42985,0.475138
42986,0.475138
42987,0.475138
42988,0.475138
42989,0.475138
42990,0.475138
42991,0.475138
42992,0.475138
42993,0.475138
42994,0.475138
42995,0.475138
42996,0.475138
42997,0.475138
42998,0.475138
42999,0.475138
43000,0.475138
43001,0.475138
43002,0.475138
43003,0.475138
43004,0.475138
43005,0.475138
43006,0.475138
43007,0.475138
43008,0.475138
43009,0.475138
43010,0.475138
43011,0.475138
43012,0.475138
43013,0.475138
43014,0.475138
43015,0.475138
43016,0.475138
43017,0.475138
43018,0.475138
43019,0.475138
43020,0.475138
43021,0.475138
43022,0.475138
43023,0.475138
43024,0.475138
43025,0.475138
43026,0.475138
43027,0.475138
43028,0.475138
43029,0.475138
43030,0.475138
43031,0.475138
43032,0.475138
43033,0.475138
43034,0.475138
43035,0.475138
43036,0.475138
43037,0.475138
43038,0.475138
43039,0.475138
43040,0.475138
43041,0.475138
43042,0.475138
43043,0.475138
43044,0.475138
43045,0.475138
43046,0.475138
43047,0.475138
43048,0.475138
43049,0.475138
43050,0.475138
43051,0.475138
43052,0.475138
43053,0.475138
43054,0.475138
43055,0.475138
43056,0.475138
43057,0.475138
43058,0.475138
43059,0.475138
43060,0.475138
43061,0.475138
43062,0.475138
43063,0.475138
43064,0.475138
43065,0.475138
43066,0.475138
43067,0.475138
43068,0.475138
43069,0.475138
43070,0.475138
43071,0.475138
43072,0.475138
43073,0.475138
43074,0.475138
43075,0.475138
43076,0.475138
43077,0.475138
43078,0.475138
43079,0.475138
43080,0.475138
43081,0.475138
43082,0.475138
43083,0.475138
43084,0.475138
43085,0.475138
43086,0.475138
43087,0.475138
43088,0.475138
43089,0.475138
43090,0.475138
43091,0.475138
43092,0.475138
43093,0.475138
43094,0.475138
43095,0.475138
43096,0.475138
43097,0.475138
43098,0.475138
43099,0.475138
43100,0.475138
43101,0.475138
43102,0.475138
43103,0.475138
43104,0.475138
43105,0.475138
43106,0.475138
43107,0.475138
43108,0.475138
43109,0.475138
43110,0.475138
43111,0.475138
43112,0.475138
43113,0.475138
43114,0.475138
43115,0.475138
43116,0.475138
43117,0.475138
43118,0.475138
43119,0.475138
43120,0.475138
43121,0.475138
43122,0.475138
43123,0.475138
43124,0.475138
43125,0.475138
43126,0.475138
43127,0.475138
43128,0.475138
43129,0.475138
43130,0.475138
43131,0.475138
43132,0.475138
43133,0.475138
43134,0.475138
43135,0.475138
43136,0.475138
43137,0.475138
43138,0.475138
43139,0.475138
43140,0.475138
43141,0.475138
43142,0.475138
43143,0.475138
43144,0.475138
43145,0.475138
43146,0.475138
43147,0.475138
43148,0.475138
43149,0.475138
43150,0.475138
43151,0.475138
43152,0.475138
43153,0.475138
43154,0.475138
43155,0.475138
43156,0.475138
43157,0.475138
43158,0.475138
43159,0.475138
43160,0.475138
43161,0.475138
43162,0.475138
43163,0.475138
43164,0.475138
43165,0.475138
43166,0.475138
43167,0.475138
43168,0.475138
43169,0.475138
43170,0.475138
43171,0.475138
43172,0.475138
43173,0.475138
43174,0.475138
43175,0.475138
43176,0.475138
43177,0.475138
43178,0.475138
43179,0.475138
43180,0.475138
43181,0.475138
43182,0.475138
43183,0.475138
43184,0.475138
43185,0.475138
43186,0.475138
43187,0.475138
43188,0.475138
43189,0.475138
43190,0.475138
43191,0.475138
43192,0.475138
43193,0.475138
43194,0.475138
43195,0.475138
43196,0.475138
43197,0.475138
43198,0.475138
43199,0.475138
43200,0.475138
43201,0.475138
43202,0.475138
43203,0.475138
43204,0.475138
43205,0.475138
43206,0.475138
43207,0.475138
43208,0.475138
43209,0.475138
43210,0.475138
43211,0.475138
43212,0.475138
43213,0.475138
43214,0.475138
43215,0.475138
43216,0.475138
43217,0.475138
43218,0.475138
43219,0.475138
43220,0.475138
43221,0.475138
43222,0.475138
43223,0.475138
43224,0.475138
43225,0.475138
43226,0.475138
43227,0.475138
43228,0.475138
43229,0.475138
43230,0.475138
43231,0.475138
43232,0.475138
43233,0.475138
43234,0.475138
43235,0.475138
43236,0.475138
43237,0.475138
43238,0.475138
43239,0.475138
43240,0.475138
43241,0.475138
43242,0.475138
43243,0.475138
43244,0.475138
43245,0.475138
43246,0.475138
43247,0.475138
43248,0.475138
43249,0.475138
43250,0.475138
43251,0.475138
43252,0.475138
43253,0.475138
43254,0.475138
43255,0.475138
43256,0.475138
43257,0.475138
43258,0.475138
43259,0.475138
43260,0.475138
43261,0.475138
43262,0.475138
43263,0.475138
43264,0.475138
43265,0.475138
43266,0.475138
43267,0.475138
43268,0.475138
43269,0.475138
43270,0.475138
43271,0.475138
43272,0.475138
43273,0.475138
43274,0.475138
43275,0.475138
43276,0.475138
43277,0.475138
43278,0.475138
43279,0.475138
43280,0.475138
43281,0.475138
43282,0.475138
43283,0.475138
43284,0.475138
43285,0.475138
43286,0.475138
43287,0.475138
43288,0.475138
43289,0.475138
43290,0.475138
43291,0.475138
43292,0.475138
43293,0.475138
43294,0.475138
43295,0.475138
43296,0.475138
43297,0.475138
43298,0.475138
43299,0.475138
43300,0.475138
43301,0.475138
43302,0.475138
43303,0.475138
43304,0.475138
43305,0.475138
43306,0.475138
43307,0.475138
43308,0.475138
43309,0.475138
43310,0.475138
43311,0.475138
43312,0.475138
43313,0.475138
43314,0.475138
43315,0.475138
43316,0.475138
43317,0.475138
43318,0.475138
43319,0.475138
43320,0.475138
43321,0.475138
43322,0.475138
43323,0.475138
43324,0.475138
43325,0.475138
43326,0.475138
43327,0.475138
43328,0.475138
43329,0.475138
43330,0.475138
43331,0.475138
43332,0.475138
43333,0.475138
43334,0.475138
43335,0.475138
43336,0.475138
43337,0.475138
43338,0.475138
43339,0.475138
43340,0.475138
43341,0.475138
43342,0.475138
43343,0.475138
43344,0.475138
43345,0.475138
43346,0.475138
43347,0.475138
43348,0.475138
43349,0.475138
43350,0.475138
43351,0.475138
43352,0.475138
43353,0.475138
43354,0.475138
43355,0.475138
43356,0.475138
43357,0.475138
43358,0.475138
43359,0.475138
43360,0.475138
43361,0.475138
43362,0.475138
43363,0.475138
43364,0.475138
43365,0.475138
43366,0.475138
43367,0.475138
43368,0.475138
43369,0.475138
43370,0.475138
43371,0.475138
43372,0.475138
43373,0.475138
43374,0.475138
43375,0.475138
43376,0.475138
43377,0.475138
43378,0.475138
43379,0.475138
43380,0.475138
43381,0.475138
43382,0.475138
43383,0.475138
43384,0.475138
43385,0.475138
43386,0.475138
43387,0.475138
43388,0.475138
43389,0.475138
43390,0.475138
43391,0.475138
43392,0.475138
43393,0.475138
43394,0.475138
43395,0.475138
43396,0.475138
43397,0.475138
43398,0.475138
43399,0.475138
43400,0.475138
43401,0.475138
43402,0.475138
43403,0.475138
43404,0.475138
43405,0.475138
43406,0.475138
43407,0.475138
43408,0.475138
43409,0.475138
43410,0.475138
43411,0.475138
43412,0.475138
43413,0.475138
43414,0.475138
43415,0.475138
43416,0.475138
43417,0.475138
43418,0.475138
43419,0.475138
43420,0.475138
43421,0.475138
43422,0.475138
43423,0.475138
43424,0.475138
43425,0.475138
43426,0.475138
43427,0.475138
43428,0.475138
43429,0.475138
43430,0.475138
43431,0.475138
43432,0.475138
43433,0.475138
43434,0.475138
43435,0.475138
43436,0.475138
43437,0.475138
43438,0.475138
43439,0.475138
43440,0.475138
43441,0.475138
43442,0.475138
43443,0.475138
43444,0.475138
43445,0.475138
43446,0.475138
43447,0.475138
43448,0.475138
43449,0.475138
43450,0.475138
43451,0.475138
43452,0.475138
43453,0.475138
43454,0.475138
43455,0.475138
43456,0.475138
43457,0.475138
43458,0.475138
43459,0.475138
43460,0.475138
43461,0.475138
43462,0.475138
43463,0.475138
43464,0.475138
43465,0.475138
43466,0.475138
43467,0.475138
43468,0.475138
43469,0.475138
43470,0.475138
43471,0.475138
43472,0.475138
43473,0.475138
43474,0.475138
43475,0.475138
43476,0.475138
43477,0.475138
43478,0.475138
43479,0.475138
43480,0.475138
43481,0.475138
43482,0.475138
43483,0.475138
43484,0.475138
43485,0.475138
43486,0.475138
43487,0.475138
43488,0.475138
43489,0.475138
43490,0.475138
43491,0.475138
43492,0.475138
43493,0.475138
43494,0.475138
43495,0.475138
43496,0.475138
43497,0.475138
43498,0.475138
43499,0.475138
43500,0.475138
43501,0.475138
43502,0.475138
43503,0.475138
43504,0.475138
43505,0.475138
43506,0.475138
43507,0.475138
43508,0.475138
43509,0.475138
43510,0.475138
43511,0.475138
43512,0.475138
43513,0.475138
43514,0.475138
43515,0.475138
43516,0.475138
43517,0.475138
43518,0.475138
43519,0.475138
43520,0.475138
43521,0.475138
43522,0.475138
43523,0.475138
43524,0.475138
43525,0.475138
43526,0.475138
43527,0.475138
43528,0.475138
43529,0.475138
43530,0.475138
43531,0.475138
43532,0.475138
43533,0.475138
43534,0.475138
43535,0.475138
43536,0.475138
43537,0.475138
43538,0.475138
43539,0.475138
43540,0.475138
43541,0.475138
43542,0.475138
43543,0.475138
43544,0.475138
43545,0.475138
43546,0.475138
43547,0.475138
43548,0.475138
43549,0.475138
43550,0.475138
43551,0.475138
43552,0.475138
43553,0.475138
43554,0.475138
43555,0.475138
43556,0.475138
43557,0.475138
43558,0.475138
43559,0.475138
43560,0.475138
43561,0.475138
43562,0.475138
43563,0.475138
43564,0.475138
43565,0.475138
43566,0.475138
43567,0.475138
43568,0.475138
43569,0.475138
43570,0.475138
43571,0.475138
43572,0.475138
43573,0.475138
43574,0.475138
43575,0.475138
43576,0.475138
43577,0.475138
43578,0.475138
43579,0.475138
43580,0.475138
43581,0.475138
43582,0.475138
43583,0.475138
43584,0.475138
43585,0.475138
43586,0.475138
43587,0.475138
43588,0.475138
43589,0.475138
43590,0.475138
43591,0.475138
43592,0.475138
43593,0.475138
43594,0.475138
43595,0.475138
43596,0.475138
43597,0.475138
43598,0.475138
43599,0.475138
43600,0.475138
43601,0.475138
43602,0.475138
43603,0.475138
43604,0.475138
43605,0.475138
43606,0.475138
43607,0.475138
43608,0.475138
43609,0.475138
43610,0.475138
43611,0.475138
43612,0.475138
43613,0.475138
43614,0.475138
43615,0.475138
43616,0.475138
43617,0.475138
43618,0.475138
43619,0.475138
43620,0.475138
43621,0.475138
43622,0.475138
43623,0.475138
43624,0.475138
43625,0.475138
43626,0.475138
43627,0.475138
43628,0.475138
43629,0.475138
43630,0.475138
43631,0.475138
43632,0.475138
43633,0.475138
43634,0.475138
43635,0.475138
43636,0.475138
43637,0.475138
43638,0.475138
43639,0.475138
43640,0.475138
43641,0.475138
43642,0.475138
43643,0.475138
43644,0.475138
43645,0.475138
43646,0.475138
43647,0.475138
43648,0.475138
43649,0.475138
43650,0.475138
43651,0.475138
43652,0.475138
43653,0.475138
43654,0.475138
43655,0.475138
43656,0.475138
43657,0.475138
43658,0.475138
43659,0.475138
43660,0.475138
43661,0.475138
43662,0.475138
43663,0.475138
43664,0.475138
43665,0.475138
43666,0.475138
43667,0.475138
43668,0.475138
43669,0.475138
43670,0.475138
43671,0.475138
43672,0.475138
43673,0.475138
43674,0.475138
43675,0.475138
43676,0.475138
43677,0.475138
43678,0.475138
43679,0.475138
43680,0.475138
43681,0.475138
43682,0.475138
43683,0.475138
43684,0.475138
43685,0.475138
43686,0.475138
43687,0.475138
43688,0.475138
43689,0.475138
43690,0.475138
43691,0.475138
43692,0.475138
43693,0.475138
43694,0.475138
43695,0.475138
43696,0.475138
43697,0.475138
43698,0.475138
43699,0.475138
43700,0.475138
43701,0.475138
43702,0.475138
43703,0.475138
43704,0.475138
43705,0.475138
43706,0.475138
43707,0.475138
43708,0.475138
43709,0.475138
43710,0.475138
43711,0.475138
43712,0.475138
43713,0.475138
43714,0.475138
43715,0.475138
43716,0.475138
43717,0.475138
43718,0.475138
43719,0.475138
43720,0.475138
43721,0.475138
43722,0.475138
43723,0.475138
43724,0.475138
43725,0.475138
43726,0.475138
43727,0.475138
43728,0.475138
43729,0.475138
43730,0.475138
43731,0.475138
43732,0.475138
43733,0.475138
43734,0.475138
43735,0.475138
43736,0.475138
43737,0.475138
43738,0.475138
43739,0.475138
43740,0.475138
43741,0.475138
43742,0.475138
43743,0.475138
43744,0.475138
43745,0.475138
43746,0.475138
43747,0.475138
43748,0.475138
43749,0.475138
43750,0.475138
43751,0.475138
43752,0.475138
43753,0.475138
43754,0.475138
43755,0.475138
43756,0.475138
43757,0.475138
43758,0.475138
43759,0.475138
43760,0.475138
43761,0.475138
43762,0.475138
43763,0.475138
43764,0.475138
43765,0.475138
43766,0.475138
43767,0.475138
43768,0.475138
43769,0.475138
43770,0.475138
43771,0.475138
43772,0.475138
43773,0.475138
43774,0.475138
43775,0.475138
43776,0.475138
43777,0.475138
43778,0.475138
43779,0.475138
43780,0.475138
43781,0.475138
43782,0.475138
43783,0.475138
43784,0.475138
43785,0.475138
43786,0.475138
43787,0.475138
43788,0.475138
43789,0.475138
43790,0.475138
43791,0.475138
43792,0.475138
43793,0.475138
43794,0.475138
43795,0.475138
43796,0.475138
43797,0.475138
43798,0.475138
43799,0.475138
43800,0.475138
43801,0.475138
43802,0.475138
43803,0.475138
43804,0.475138
43805,0.475138
43806,0.475138
43807,0.475138
43808,0.475138
43809,0.475138
43810,0.475138
43811,0.475138
43812,0.475138
43813,0.475138
43814,0.475138
43815,0.475138
43816,0.475138
43817,0.475138
43818,0.475138
43819,0.475138
43820,0.475138
43821,0.475138
43822,0.475138
43823,0.475138
43824,0.475138
43825,0.475138
43826,0.475138
43827,0.475138
43828,0.475138
43829,0.475138
43830,0.475138
43831,0.475138
43832,0.475138
43833,0.475138
43834,0.475138
43835,0.475138
43836,0.475138
43837,0.475138
43838,0.475138
43839,0.475138
43840,0.475138
43841,0.475138
43842,0.475138
43843,0.475138
43844,0.475138
43845,0.475138
43846,0.464376
43847,0.475138
43848,0.475138
43849,0.475138
43850,0.475138
43851,0.475138
43852,0.475138
43853,0.475138
43854,0.475138
43855,0.475138
43856,0.475138
43857,0.475138
43858,0.475138
43859,0.475138
43860,0.475138
43861,0.475138
43862,0.475138
43863,0.475138
43864,0.475138
43865,0.475138
43866,0.475138
43867,0.475138
43868,0.475138
43869,0.475138
43870,0.475138
43871,0.475138
43872,0.475138
43873,0.475138
43874,0.475138
43875,0.475138
43876,0.475138
43877,0.475138
43878,0.475138
43879,0.475138
43880,0.475138
43881,0.475138
43882,0.475138
43883,0.475138
43884,0.475138
43885,0.475138
43886,0.475138
43887,0.475138
43888,0.475138
43889,0.475138
43890,0.475138
43891,0.475138
43892,0.475138
43893,0.475138
43894,0.475138
43895,0.475138
43896,0.475138
43897,0.475138
43898,0.475138
43899,0.475138
43900,0.475138
43901,0.475138
43902,0.475138
43903,0.475138
43904,0.475138
43905,0.475138
43906,0.475138
43907,0.475138
43908,0.475138
43909,0.475138
43910,0.475138
43911,0.475138
43912,0.475138
43913,0.475138
43914,0.475138
43915,0.475138
43916,0.475138
43917,0.475138
43918,0.475138
43919,0.475138
43920,0.475138
43921,0.475138
43922,0.475138
43923,0.475138
43924,0.475138
43925,0.475138
43926,0.475138
43927,0.475138
43928,0.475138
43929,0.475138
43930,0.475138
43931,0.475138
43932,0.475138
43933,0.475138
43934,0.475138
43935,0.475138
43936,0.475138
43937,0.475138
43938,0.475138
43939,0.475138
43940,0.475138
43941,0.475138
43942,0.475138
43943,0.475138
43944,0.475138
43945,0.475138
43946,0.475138
43947,0.475138
43948,0.475138
43949,0.475138
43950,0.475138
43951,0.475138
43952,0.475138
43953,0.475138
43954,0.475138
43955,0.475138
43956,0.475138
43957,0.475138
43958,0.475138
43959,0.475138
43960,0.475138
43961,0.475138
43962,0.475138
43963,0.475138
43964,0.475138
43965,0.475138
43966,0.475138
43967,0.475138
43968,0.475138
43969,0.475138
43970,0.475138
43971,0.475138
43972,0.475138
43973,0.475138
43974,0.475138
43975,0.475138
43976,0.475138
43977,0.475138
43978,0.475138
43979,0.475138
43980,0.475138
43981,0.475138
43982,0.475138
43983,0.475138
43984,0.475138
43985,0.475138
43986,0.475138
43987,0.475138
43988,0.475138
43989,0.475138
43990,0.475138
43991,0.475138
43992,0.475138
43993,0.475138
43994,0.475138
43995,0.475138
43996,0.475138
43997,0.475138
43998,0.475138
43999,0.475138
44000,0.475138
44001,0.475138
44002,0.475138
44003,0.475138
44004,0.475138
44005,0.475138
44006,0.475138
44007,0.475138
44008,0.475138
44009,0.475138
44010,0.475138
44011,0.475138
44012,0.475138
44013,0.475138
44014,0.475138
44015,0.475138
44016,0.475138
44017,0.475138
44018,0.475138
44019,0.475138
44020,0.475138
44021,0.475138
44022,0.475138
44023,0.475138
44024,0.475138
44025,0.475138
44026,0.475138
44027,0.475138
44028,0.475138
44029,0.475138
44030,0.475138
44031,0.475138
44032,0.475138
44033,0.475138
44034,0.475138
44035,0.475138
44036,0.475138
44037,0.475138
44038,0.475138
44039,0.475138
44040,0.475138
44041,0.475138
44042,0.475138
44043,0.475138
44044,0.475138
44045,0.475138
44046,0.475138
44047,0.475138
44048,0.475138
44049,0.475138
44050,0.475138
44051,0.475138
44052,0.475138
44053,0.475138
44054,0.475138
44055,0.475138
44056,0.475138
44057,0.475138
44058,0.475138
44059,0.475138
44060,0.475138
44061,0.475138
44062,0.475138
44063,0.475138
44064,0.475138
44065,0.475138
44066,0.475138
44067,0.475138
44068,0.475138
44069,0.475138
44070,0.475138
44071,0.475138
44072,0.475138
44073,0.475138
44074,0.475138
44075,0.475138
44076,0.475138
44077,0.475138
44078,0.475138
44079,0.475138
44080,0.475138
44081,0.475138
44082,0.475138
44083,0.475138
44084,0.475138
44085,0.475138
44086,0.475138
44087,0.475138
44088,0.475138
44089,0.475138
44090,0.475138
44091,0.475138
44092,0.475138
44093,0.475138
44094,0.475138
44095,0.475138
44096,0.475138
44097,0.475138
44098,0.475138
44099,0.475138
44100,0.475138
44101,0.475138
44102,0.475138
44103,0.475138
44104,0.475138
44105,0.475138
44106,0.475138
44107,0.475138
44108,0.475138
44109,0.475138
44110,0.475138
44111,0.475138
44112,0.475138
44113,0.475138
44114,0.475138
44115,0.475138
44116,0.475138
44117,0.475138
44118,0.475138
44119,0.475138
44120,0.475138
44121,0.475138
44122,0.475138
44123,0.475138
44124,0.475138
44125,0.475138
44126,0.475138
44127,0.475138
44128,0.475138
44129,0.475138
44130,0.475138
44131,0.475138
44132,0.475138
44133,0.475138
44134,0.475138
44135,0.475138
44136,0.475138
44137,0.475138
44138,0.475138
44139,0.475138
44140,0.475138
44141,0.475138
44142,0.475138
44143,0.475138
44144,0.475138
44145,0.475138
44146,0.475138
44147,0.475138
44148,0.475138
44149,0.475138
44150,0.475138
44151,0.475138
44152,0.475138
44153,0.475138
44154,0.475138
44155,0.475138
44156,0.475138
44157,0.475138
44158,0.475138
44159,0.475138
44160,0.475138
44161,0.475138
44162,0.475138
44163,0.475138
44164,0.475138
44165,0.475138
44166,0.475138
44167,0.475138
44168,0.475138
44169,0.475138
44170,0.475138
44171,0.475138
44172,0.475138
44173,0.475138
44174,0.475138
44175,0.475138
44176,0.475138
44177,0.475138
44178,0.475138
44179,0.475138
44180,0.475138
44181,0.475138
44182,0.475138
44183,0.475138
44184,0.475138
44185,0.475138
44186,0.475138
44187,0.475138
44188,0.475138
44189,0.475138
44190,0.475138
44191,0.475138
44192,0.475138
44193,0.475138
44194,0.475138
44195,0.475138
44196,0.475138
44197,0.475138
44198,0.475138
44199,0.475138
44200,0.475138
44201,0.475138
44202,0.475138
44203,0.475138
44204,0.475138
44205,0.475138
44206,0.475138
44207,0.475138
44208,0.475138
44209,0.475138
44210,0.475138
44211,0.475138
44212,0.475138
44213,0.475138
44214,0.475138
44215,0.475138
44216,0.475138
44217,0.475138
44218,0.475138
44219,0.475138
44220,0.475138
44221,0.475138
44222,0.475138
44223,0.475138
44224,0.475138
44225,0.475138
44226,0.475138
44227,0.475138
44228,0.475138
44229,0.475138
44230,0.475138
44231,0.475138
44232,0.475138
44233,0.475138
44234,0.475138
44235,0.475138
44236,0.475138
44237,0.475138
44238,0.475138
44239,0.475138
44240,0.475138
44241,0.475138
44242,0.475138
44243,0.475138
44244,0.475138
44245,0.475138
44246,0.475138
44247,0.475138
44248,0.475138
44249,0.475138
44250,0.475138
44251,0.475138
44252,0.475138
44253,0.475138
44254,0.475138
44255,0.475138
44256,0.475138
44257,0.475138
44258,0.475138
44259,0.475138
44260,0.475138
44261,0.475138
44262,0.475138
44263,0.475138
44264,0.475138
44265,0.475138
44266,0.475138
44267,0.475138
44268,0.475138
44269,0.475138
44270,0.475138
44271,0.475138
44272,0.475138
44273,0.475138
44274,0.475138
44275,0.475138
44276,0.475138
44277,0.475138
44278,0.475138
44279,0.475138
44280,0.475138
44281,0.475138
44282,0.475138
44283,0.475138
44284,0.475138
44285,0.475138
44286,0.475138
44287,0.475138
44288,0.475138
44289,0.475138
44290,0.475138
44291,0.475138
44292,0.475138
44293,0.475138
44294,0.475138
44295,0.475138
44296,0.475138
44297,0.475138
44298,0.475138
44299,0.475138
44300,0.475138
44301,0.475138
44302,0.475138
44303,0.475138
44304,0.475138
44305,0.475138
44306,0.475138
44307,0.475138
44308,0.475138
44309,0.475138
44310,0.475138
44311,0.475138
44312,0.475138
44313,0.475138
44314,0.475138
44315,0.475138
44316,0.475138
44317,0.475138
44318,0.475138
44319,0.475138
44320,0.475138
44321,0.475138
44322,0.475138
44323,0.475138
44324,0.475138
44325,0.475138
44326,0.475138
44327,0.475138
44328,0.475138
44329,0.475138
44330,0.475138
44331,0.475138
44332,0.475138
44333,0.475138
44334,0.475138
44335,0.475138
44336,0.475138
44337,0.475138
44338,0.475138
44339,0.475138
44340,0.475138
44341,0.475138
44342,0.475138
44343,0.475138
44344,0.475138
44345,0.475138
44346,0.475138
44347,0.475138
44348,0.475138
44349,0.475138
44350,0.475138
44351,0.475138
44352,0.475138
44353,0.475138
44354,0.475138
44355,0.475138
44356,0.475138
44357,0.475138
44358,0.475138
44359,0.475138
44360,0.475138
44361,0.475138
44362,0.475138
44363,0.475138
44364,0.475138
44365,0.475138
44366,0.475138
44367,0.475138
44368,0.475138
44369,0.475138
44370,0.475138
44371,0.475138
44372,0.475138
44373,0.475138
44374,0.475138
44375,0.475138
44376,0.475138
44377,0.475138
44378,0.475138
44379,0.475138
44380,0.475138
44381,0.475138
44382,0.475138
44383,0.475138
44384,0.475138
44385,0.475138
44386,0.475138
44387,0.475138
44388,0.475138
44389,0.475138
44390,0.475138
44391,0.475138
44392,0.475138
44393,0.475138
44394,0.475138
44395,0.475138
44396,0.475138
44397,0.475138
44398,0.475138
44399,0.475138
44400,0.475138
44401,0.475138
44402,0.475138
44403,0.475138
44404,0.475138
44405,0.475138
44406,0.475138
44407,0.475138
44408,0.475138
44409,0.475138
44410,0.475138
44411,0.475138
44412,0.475138
44413,0.475138
44414,0.475138
44415,0.475138
44416,0.475138
44417,0.475138
44418,0.475138
44419,0.475138
44420,0.475138
44421,0.475138
44422,0.475138
44423,0.475138
44424,0.475138
44425,0.475138
44426,0.475138
44427,0.475138
44428,0.475138
44429,0.475138
44430,0.475138
44431,0.475138
44432,0.475138
44433,0.475138
44434,0.475138
44435,0.475138
44436,0.475138
44437,0.475138
44438,0.475138
44439,0.475138
44440,0.475138
44441,0.475138
44442,0.475138
44443,0.475138
44444,0.475138
44445,0.475138
44446,0.475138
44447,0.475138
44448,0.475138
44449,0.475138
44450,0.475138
44451,0.475138
44452,0.475138
44453,0.475138
44454,0.475138
44455,0.475138
44456,0.475138
44457,0.475138
44458,0.475138
44459,0.475138
44460,0.475138
44461,0.475138
44462,0.475138
44463,0.475138
44464,0.475138
44465,0.475138
44466,0.475138
44467,0.475138
44468,0.475138
44469,0.475138
44470,0.475138
44471,0.475138
44472,0.475138
44473,0.475138
44474,0.475138
44475,0.475138
44476,0.475138
44477,0.475138
44478,0.475138
44479,0.475138
44480,0.475138
44481,0.475138
44482,0.475138
44483,0.475138
44484,0.475138
44485,0.475138
44486,0.475138
44487,0.475138
44488,0.475138
44489,0.475138
44490,0.475138
44491,0.475138
44492,0.475138
44493,0.475138
44494,0.475138
44495,0.475138
44496,0.475138
44497,0.475138
44498,0.475138
44499,0.475138
44500,0.475138
44501,0.475138
44502,0.475138
44503,0.475138
44504,0.475138
44505,0.475138
44506,0.475138
44507,0.475138
44508,0.475138
44509,0.475138
44510,0.475138
44511,0.475138
44512,0.475138
44513,0.475138
44514,0.475138
44515,0.475138
44516,0.475138
44517,0.475138
44518,0.475138
44519,0.475138
44520,0.475138
44521,0.475138
44522,0.475138
44523,0.475138
44524,0.475138
44525,0.475138
44526,0.475138
44527,0.475138
44528,0.475138
44529,0.475138
44530,0.475138
44531,0.475138
44532,0.475138
44533,0.475138
44534,0.475138
44535,0.475138
44536,0.475138
44537,0.475138
44538,0.475138
44539,0.475138
44540,0.475138
44541,0.475138
44542,0.475138
44543,0.475138
44544,0.475138
44545,0.475138
44546,0.475138
44547,0.475138
44548,0.475138
44549,0.475138
44550,0.475138
44551,0.475138
44552,0.475138
44553,0.475138
44554,0.475138
44555,0.475138
44556,0.475138
44557,0.475138
44558,0.475138
44559,0.475138
44560,0.475138
44561,0.475138
44562,0.475138
44563,0.475138
44564,0.475138
44565,0.475138
44566,0.475138
44567,0.475138
44568,0.475138
44569,0.475138
44570,0.475138
44571,0.475138
44572,0.475138
44573,0.475138
44574,0.475138
44575,0.475138
44576,0.475138
44577,0.475138
44578,0.475138
44579,0.475138
44580,0.475138
44581,0.475138
44582,0.475138
44583,0.475138
44584,0.475138
44585,0.475138
44586,0.475138
44587,0.475138
44588,0.475138
44589,0.475138
44590,0.475138
44591,0.475138
44592,0.475138
44593,0.475138
44594,0.475138
44595,0.475138
44596,0.475138
44597,0.475138
44598,0.475138
44599,0.475138
44600,0.475138
44601,0.475138
44602,0.475138
44603,0.475138
44604,0.475138
44605,0.475138
44606,0.475138
44607,0.475138
44608,0.475138
44609,0.475138
44610,0.475138
44611,0.475138
44612,0.475138
44613,0.475138
44614,0.475138
44615,0.475138
44616,0.475138
44617,0.475138
44618,0.475138
44619,0.475138
44620,0.475138
44621,0.475138
44622,0.475138
44623,0.475138
44624,0.475138
44625,0.475138
44626,0.475138
44627,0.475138
44628,0.475138
44629,0.475138
44630,0.475138
44631,0.475138
44632,0.475138
44633,0.475138
44634,0.475138
44635,0.475138
44636,0.475138
44637,0.475138
44638,0.475138
44639,0.475138
44640,0.475138
44641,0.475138
44642,0.475138
44643,0.475138
44644,0.475138
44645,0.475138
44646,0.475138
44647,0.475138
44648,0.475138
44649,0.475138
44650,0.475138
44651,0.475138
44652,0.475138
44653,0.475138
44654,0.475138
44655,0.475138
44656,0.475138
44657,0.475138
44658,0.475138
44659,0.475138
44660,0.475138
44661,0.475138
44662,0.475138
44663,0.475138
44664,0.475138
44665,0.475138
44666,0.475138
44667,0.475138
44668,0.475138
44669,0.475138
44670,0.475138
44671,0.475138
44672,0.475138
44673,0.475138
44674,0.475138
44675,0.475138
44676,0.475138
44677,0.475138
44678,0.475138
44679,0.475138
44680,0.475138
44681,0.475138
44682,0.475138
44683,0.475138
44684,0.475138
44685,0.475138
44686,0.475138
44687,0.475138
44688,0.475138
44689,0.475138
44690,0.475138
44691,0.475138
44692,0.475138
44693,0.475138
44694,0.475138
44695,0.475138
44696,0.475138
44697,0.475138
44698,0.475138
44699,0.475138
44700,0.475138
44701,0.475138
44702,0.475138
44703,0.475138
44704,0.475138
44705,0.475138
44706,0.475138
44707,0.475138
44708,0.475138
44709,0.475138
44710,0.475138
44711,0.475138
44712,0.475138
44713,0.475138
44714,0.475138
44715,0.475138
44716,0.475138
44717,0.475138
44718,0.475138
44719,0.475138
44720,0.475138
44721,0.475138
44722,0.475138
44723,0.475138
44724,0.475138
44725,0.475138
44726,0.475138
44727,0.475138
44728,0.475138
44729,0.475138
44730,0.475138
44731,0.475138
44732,0.475138
44733,0.475138
44734,0.475138
44735,0.475138
44736,0.475138
44737,0.475138
44738,0.475138
44739,0.475138
44740,0.475138
44741,0.475138
44742,0.475138
44743,0.475138
44744,0.475138
44745,0.475138
44746,0.475138
44747,0.475138
44748,0.475138
44749,0.475138
44750,0.475138
44751,0.475138
44752,0.475138
44753,0.475138
44754,0.475138
44755,0.475138
44756,0.475138
44757,0.475138
44758,0.475138
44759,0.475138
44760,0.475138
44761,0.475138
44762,0.475138
44763,0.475138
44764,0.475138
44765,0.475138
44766,0.475138
44767,0.475138
44768,0.475138
44769,0.475138
44770,0.475138
44771,0.475138
44772,0.475138
44773,0.475138
44774,0.475138
44775,0.475138
44776,0.475138
44777,0.475138
44778,0.475138
44779,0.475138
44780,0.475138
44781,0.475138
44782,0.475138
44783,0.475138
44784,0.475138
44785,0.475138
44786,0.475138
44787,0.475138
44788,0.475138
44789,0.475138
44790,0.475138
44791,0.475138
44792,0.475138
44793,0.475138
44794,0.475138
44795,0.475138
44796,0.475138
44797,0.475138
44798,0.475138
44799,0.475138
44800,0.475138
44801,0.475138
44802,0.475138
44803,0.475138
44804,0.475138
44805,0.475138
44806,0.475138
44807,0.475138
44808,0.475138
44809,0.475138
44810,0.475138
44811,0.475138
44812,0.475138
44813,0.475138
44814,0.475138
44815,0.475138
44816,0.475138
44817,0.475138
44818,0.475138
44819,0.475138
44820,0.475138
44821,0.475138
44822,0.475138
44823,0.475138
44824,0.475138
44825,0.475138
44826,0.475138
44827,0.475138
44828,0.475138
44829,0.475138
44830,0.475138
44831,0.475138
44832,0.475138
44833,0.475138
44834,0.475138
44835,0.475138
44836,0.475138
44837,0.475138
44838,0.475138
44839,0.475138
44840,0.475138
44841,0.475138
44842,0.475138
44843,0.475138
44844,0.475138
44845,0.475138
44846,0.475138
44847,0.475138
44848,0.475138
44849,0.475138
44850,0.475138
44851,0.475138
44852,0.475138
44853,0.475138
44854,0.475138
44855,0.475138
44856,0.475138
44857,0.475138
44858,0.475138
44859,0.475138
44860,0.475138
44861,0.475138
44862,0.475138
44863,0.475138
44864,0.475138
44865,0.475138
44866,0.475138
44867,0.475138
44868,0.475138
44869,0.475138
44870,0.475138
44871,0.475138
44872,0.475138
44873,0.475138
44874,0.475138
44875,0.475138
44876,0.475138
44877,0.475138
44878,0.475138
44879,0.475138
44880,0.475138
44881,0.475138
44882,0.475138
44883,0.475138
44884,0.475138
44885,0.475138
44886,0.475138
44887,0.475138
44888,0.475138
44889,0.475138
44890,0.475138
44891,0.475138
44892,0.475138
44893,0.475138
44894,0.475138
44895,0.475138
44896,0.475138
44897,0.475138
44898,0.475138
44899,0.475138
44900,0.475138
44901,0.475138
44902,0.475138
44903,0.475138
44904,0.475138
44905,0.475138
44906,0.475138
44907,0.475138
44908,0.475138
44909,0.475138
44910,0.475138
44911,0.475138
44912,0.475138
44913,0.475138
44914,0.475138
44915,0.475138
44916,0.475138
44917,0.475138
44918,0.475138
44919,0.475138
44920,0.475138
44921,0.475138
44922,0.475138
44923,0.475138
44924,0.475138
44925,0.475138
44926,0.475138
44927,0.475138
44928,0.475138
44929,0.475138
44930,0.475138
44931,0.475138
44932,0.475138
44933,0.475138
44934,0.475138
44935,0.475138
44936,0.475138
44937,0.475138
44938,0.475138
44939,0.475138
44940,0.475138
44941,0.475138
44942,0.475138
44943,0.475138
44944,0.475138
44945,0.475138
44946,0.475138
44947,0.475138
44948,0.475138
44949,0.475138
44950,0.475138
44951,0.475138
44952,0.475138
44953,0.475138
44954,0.475138
44955,0.475138
44956,0.475138
44957,0.475138
44958,0.475138
44959,0.475138
44960,0.475138
44961,0.475138
44962,0.475138
44963,0.475138
44964,0.475138
44965,0.475138
44966,0.475138
44967,0.475138
44968,0.475138
44969,0.475138
44970,0.475138
44971,0.475138
44972,0.475138
44973,0.475138
44974,0.475138
44975,0.475138
44976,0.475138
44977,0.475138
44978,0.475138
44979,0.475138
44980,0.475138
44981,0.475138
44982,0.475138
44983,0.475138
44984,0.475138
44985,0.475138
44986,0.475138
44987,0.475138
44988,0.475138
44989,0.475138
44990,0.475138
44991,0.475138
44992,0.475138
44993,0.475138
44994,0.475138
44995,0.475138
44996,0.475138
44997,0.475138
44998,0.475138
44999,0.475138
45000,0.475138
45001,0.475138
45002,0.475138
45003,0.475138
45004,0.475138
45005,0.475138
45006,0.475138
45007,0.475138
45008,0.475138
45009,0.475138
45010,0.475138
45011,0.475138
45012,0.475138
45013,0.475138
45014,0.475138
45015,0.475138
45016,0.475138
45017,0.475138
45018,0.475138
45019,0.475138
45020,0.475138
45021,0.475138
45022,0.475138
45023,0.475138
45024,0.475138
45025,0.475138
45026,0.475138
45027,0.475138
45028,0.475138
45029,0.475138
45030,0.475138
45031,0.475138
45032,0.475138
45033,0.475138
45034,0.475138
45035,0.475138
45036,0.475138
45037,0.475138
45038,0.475138
45039,0.475138
45040,0.475138
45041,0.475138
45042,0.475138
45043,0.475138
45044,0.475138
45045,0.475138
45046,0.475138
45047,0.475138
45048,0.475138
45049,0.475138
45050,0.475138
45051,0.475138
45052,0.475138
45053,0.475138
45054,0.475138
45055,0.475138
45056,0.475138
45057,0.475138
45058,0.475138
45059,0.475138
45060,0.475138
45061,0.475138
45062,0.475138
45063,0.475138
45064,0.475138
45065,0.475138
45066,0.475138
45067,0.475138
45068,0.475138
45069,0.475138
45070,0.475138
45071,0.475138
45072,0.475138
45073,0.475138
45074,0.475138
45075,0.475138
45076,0.475138
45077,0.475138
45078,0.475138
45079,0.475138
45080,0.475138
45081,0.475138
45082,0.475138
45083,0.475138
45084,0.475138
45085,0.475138
45086,0.475138
45087,0.475138
45088,0.475138
45089,0.475138
45090,0.475138
45091,0.475138
45092,0.475138
45093,0.475138
45094,0.475138
45095,0.475138
45096,0.475138
45097,0.475138
45098,0.475138
45099,0.475138
45100,0.475138
45101,0.475138
45102,0.475138
45103,0.475138
45104,0.475138
45105,0.475138
45106,0.475138
45107,0.475138
45108,0.475138
45109,0.475138
45110,0.475138
45111,0.475138
45112,0.475138
45113,0.475138
45114,0.475138
45115,0.475138
45116,0.475138
45117,0.475138
45118,0.475138
45119,0.475138
45120,0.475138
45121,0.475138
45122,0.475138
45123,0.475138
45124,0.475138
45125,0.475138
45126,0.475138
45127,0.475138
45128,0.475138
45129,0.475138
45130,0.475138
45131,0.475138
45132,0.475138
45133,0.475138
45134,0.475138
45135,0.475138
45136,0.475138
45137,0.475138
45138,0.475138
45139,0.475138
45140,0.475138
45141,0.475138
45142,0.475138
45143,0.475138
45144,0.475138
45145,0.475138
45146,0.469636
45147,0.475138
45148,0.475138
45149,0.475138
45150,0.475138
45151,0.475138
45152,0.475138
45153,0.475138
45154,0.475138
45155,0.475138
45156,0.475138
45157,0.475138
45158,0.475138
45159,0.475138
45160,0.475138
45161,0.475138
45162,0.475138
45163,0.475138
45164,0.475138
45165,0.475138
45166,0.475138
45167,0.475138
45168,0.475138
45169,0.475138
45170,0.475138
45171,0.475138
45172,0.475138
45173,0.475138
45174,0.475138
45175,0.475138
45176,0.475138
45177,0.475138
45178,0.475138
45179,0.475138
45180,0.475138
45181,0.475138
45182,0.475138
45183,0.475138
45184,0.475138
45185,0.475138
45186,0.475138
45187,0.475138
45188,0.475138
45189,0.475138
45190,0.475138
45191,0.475138
45192,0.475138
45193,0.475138
45194,0.475138
45195,0.475138
45196,0.475138
45197,0.475138
45198,0.475138
45199,0.475138
45200,0.475138
45201,0.475138
45202,0.475138
45203,0.475138
45204,0.475138
45205,0.475138
45206,0.475138
45207,0.475138
45208,0.475138
45209,0.475138
45210,0.475138
45211,0.475138
45212,0.475138
45213,0.475138
45214,0.475138
45215,0.475138
45216,0.475138
45217,0.475138
45218,0.475138
45219,0.475138
45220,0.475138
45221,0.475138
45222,0.475138
45223,0.475138
45224,0.475138
45225,0.475138
45226,0.475138
45227,0.475138
45228,0.475138
45229,0.475138
45230,0.475138
45231,0.475138
45232,0.475138
45233,0.475138
45234,0.475138
45235,0.475138
45236,0.475138
45237,0.475138
45238,0.475138
45239,0.475138
45240,0.475138
45241,0.475138
45242,0.475138
45243,0.475138
45244,0.475138
45245,0.475138
45246,0.475138
45247,0.475138
45248,0.475138
45249,0.475138
45250,0.475138
45251,0.475138
45252,0.475138
45253,0.475138
45254,0.475138
45255,0.475138
45256,0.475138
45257,0.475138
45258,0.475138
45259,0.475138
45260,0.475138
45261,0.475138
45262,0.475138
45263,0.475138
45264,0.475138
45265,0.475138
45266,0.475138
45267,0.475138
45268,0.475138
45269,0.475138
45270,0.475138
45271,0.475138
45272,0.475138
45273,0.475138
45274,0.475138
45275,0.475138
45276,0.475138
45277,0.475138
45278,0.475138
45279,0.475138
45280,0.475138
45281,0.475138
45282,0.475138
45283,0.475138
45284,0.475138
45285,0.475138
45286,0.475138
45287,0.475138
45288,0.475138
45289,0.475138
45290,0.475138
45291,0.475138
45292,0.475138
45293,0.475138
45294,0.475138
45295,0.475138
45296,0.475138
45297,0.475138
45298,0.475138
45299,0.475138
45300,0.475138
45301,0.475138
45302,0.475138
45303,0.475138
45304,0.475138
45305,0.475138
45306,0.475138
45307,0.475138
45308,0.475138
45309,0.475138
45310,0.475138
45311,0.475138
45312,0.475138
45313,0.475138
45314,0.475138
45315,0.475138
45316,0.475138
45317,0.475138
45318,0.475138
45319,0.475138
45320,0.475138
45321,0.475138
45322,0.475138
45323,0.475138
45324,0.475138
45325,0.475138
45326,0.475138
45327,0.475138
45328,0.475138
45329,0.475138
45330,0.475138
45331,0.475138
45332,0.475138
45333,0.475138
45334,0.475138
45335,0.475138
45336,0.475138
45337,0.475138
45338,0.475138
45339,0.475138
45340,0.475138
45341,0.475138
45342,0.475138
45343,0.475138
45344,0.475138
45345,0.475138
45346,0.475138
45347,0.475138
45348,0.475138
45349,0.475138
45350,0.475138
45351,0.475138
45352,0.475138
45353,0.475138
45354,0.475138
45355,0.475138
45356,0.475138
45357,0.475138
45358,0.475138
45359,0.475138
45360,0.475138
45361,0.475138
45362,0.475138
45363,0.475138
45364,0.475138
45365,0.475138
45366,0.475138
45367,0.475138
45368,0.475138
45369,0.475138
45370,0.475138
45371,0.475138
45372,0.475138
45373,0.475138
45374,0.475138
45375,0.475138
45376,0.475138
45377,0.475138
45378,0.475138
45379,0.475138
45380,0.475138
45381,0.475138
45382,0.475138
45383,0.475138
45384,0.475138
45385,0.475138
45386,0.475138
45387,0.475138
45388,0.475138
45389,0.475138
45390,0.475138
45391,0.475138
45392,0.475138
45393,0.475138
45394,0.475138
45395,0.475138
45396,0.475138
45397,0.475138
45398,0.475138
45399,0.475138
45400,0.475138
45401,0.475138
45402,0.475138
45403,0.475138
45404,0.475138
45405,0.475138
45406,0.475138
45407,0.475138
45408,0.475138
45409,0.475138
45410,0.475138
45411,0.475138
45412,0.475138
45413,0.475138
45414,0.475138
45415,0.475138
45416,0.475138
45417,0.475138
45418,0.475138
45419,0.475138
45420,0.475138
45421,0.475138
45422,0.475138
45423,0.475138
45424,0.475138
45425,0.475138
45426,0.475138
45427,0.475138
45428,0.475138
45429,0.475138
45430,0.475138
45431,0.475138
45432,0.475138
45433,0.475138
45434,0.475138
45435,0.475138
45436,0.475138
45437,0.475138
45438,0.475138
45439,0.475138
45440,0.475138
45441,0.475138
45442,0.475138
45443,0.475138
45444,0.475138
45445,0.475138
45446,0.475138
45447,0.475138
45448,0.475138
45449,0.475138
45450,0.475138
45451,0.475138
45452,0.475138
45453,0.475138
45454,0.475138
45455,0.475138
45456,0.475138
45457,0.475138
45458,0.475138
45459,0.475138
45460,0.475138
45461,0.475138
45462,0.475138
45463,0.475138
45464,0.475138
45465,0.475138
45466,0.475138
45467,0.475138
45468,0.475138
45469,0.475138
45470,0.475138
45471,0.475138
45472,0.475138
45473,0.475138
45474,0.475138
45475,0.475138
45476,0.475138
45477,0.475138
45478,0.475138
45479,0.475138
45480,0.475138
45481,0.475138
45482,0.475138
45483,0.475138
45484,0.475138
45485,0.475138
45486,0.475138
45487,0.475138
45488,0.475138
45489,0.475138
45490,0.475138
45491,0.475138
45492,0.475138
45493,0.475138
45494,0.475138
45495,0.475138
45496,0.475138
45497,0.475138
45498,0.475138
45499,0.475138
45500,0.475138
45501,0.475138
45502,0.475138
45503,0.475138
45504,0.475138
45505,0.475138
45506,0.475138
45507,0.475138
45508,0.475138
45509,0.475138
45510,0.475138
45511,0.475138
45512,0.475138
45513,0.475138
45514,0.475138
45515,0.475138
45516,0.475138
45517,0.475138
45518,0.475138
45519,0.475138
45520,0.475138
45521,0.475138
45522,0.475138
45523,0.475138
45524,0.475138
45525,0.475138
45526,0.475138
45527,0.475138
45528,0.475138
45529,0.475138
45530,0.475138
45531,0.475138
45532,0.475138
45533,0.475138
45534,0.475138
45535,0.475138
45536,0.475138
45537,0.475138
45538,0.475138
45539,0.475138
45540,0.475138
45541,0.475138
45542,0.475138
45543,0.475138
45544,0.475138
45545,0.475138
45546,0.475138
45547,0.475138
45548,0.475138
45549,0.475138
45550,0.475138
45551,0.475138
45552,0.475138
45553,0.475138
45554,0.475138
45555,0.475138
45556,0.475138
45557,0.475138
45558,0.475138
45559,0.475138
45560,0.475138
45561,0.475138
45562,0.475138
45563,0.475138
45564,0.475138
45565,0.475138
45566,0.475138
45567,0.475138
45568,0.475138
45569,0.475138
45570,0.475138
45571,0.475138
45572,0.475138
45573,0.475138
45574,0.475138
45575,0.475138
45576,0.475138
45577,0.475138
45578,0.475138
45579,0.475138
45580,0.475138
45581,0.475138
45582,0.475138
45583,0.475138
45584,0.475138
45585,0.475138
45586,0.475138
45587,0.475138
45588,0.475138
45589,0.475138
45590,0.475138
45591,0.475138
45592,0.475138
45593,0.475138
45594,0.475138
45595,0.475138
45596,0.475138
45597,0.475138
45598,0.475138
45599,0.475138
45600,0.475138
45601,0.475138
45602,0.475138
45603,0.475138
45604,0.475138
45605,0.475138
45606,0.475138
45607,0.475138
45608,0.475138
45609,0.475138
45610,0.475138
45611,0.475138
45612,0.475138
45613,0.475138
45614,0.475138
45615,0.475138
45616,0.475138
45617,0.475138
45618,0.475138
45619,0.475138
45620,0.475138
45621,0.475138
45622,0.475138
45623,0.475138
45624,0.475138
45625,0.475138
45626,0.475138
45627,0.475138
45628,0.475138
45629,0.475138
45630,0.475138
45631,0.475138
45632,0.475138
45633,0.475138
45634,0.475138
45635,0.475138
45636,0.475138
45637,0.475138
45638,0.475138
45639,0.475138
45640,0.475138
45641,0.475138
45642,0.475138
45643,0.475138
45644,0.475138
45645,0.475138
45646,0.475138
45647,0.475138
45648,0.475138
45649,0.475138
45650,0.475138
45651,0.475138
45652,0.475138
45653,0.475138
45654,0.475138
45655,0.475138
45656,0.475138
45657,0.475138
45658,0.475138
45659,0.475138
45660,0.475138
45661,0.475138
45662,0.475138
45663,0.475138
45664,0.475138
45665,0.475138
45666,0.475138
45667,0.475138
45668,0.475138
45669,0.475138
45670,0.475138
45671,0.475138
45672,0.475138
45673,0.475138
45674,0.475138
45675,0.475138
45676,0.475138
45677,0.475138
45678,0.475138
45679,0.475138
45680,0.475138
45681,0.475138
45682,0.475138
45683,0.475138
45684,0.475138
45685,0.475138
45686,0.475138
45687,0.475138
45688,0.475138
45689,0.475138
45690,0.475138
45691,0.475138
45692,0.475138
45693,0.475138
45694,0.475138
45695,0.475138
45696,0.475138
45697,0.475138
45698,0.475138
45699,0.475138
45700,0.475138
45701,0.475138
45702,0.475138
45703,0.475138
45704,0.475138
45705,0.475138
45706,0.475138
45707,0.475138
45708,0.475138
45709,0.475138
45710,0.475138
45711,0.475138
45712,0.475138
45713,0.475138
45714,0.475138
45715,0.475138
45716,0.475138
45717,0.475138
45718,0.475138
45719,0.475138
45720,0.475138
45721,0.475138
45722,0.475138
45723,0.475138
45724,0.475138
45725,0.475138
45726,0.475138
45727,0.475138
45728,0.475138
45729,0.475138
45730,0.475138
45731,0.467120
45732,0.475138
45733,0.475138
45734,0.475138
45735,0.475138
45736,0.475138
45737,0.475138
45738,0.475138
45739,0.475138
45740,0.475138
45741,0.475138
45742,0.475138
45743,0.475138
45744,0.475138
45745,0.475138
45746,0.475138
45747,0.475138
45748,0.475138
45749,0.475138
45750,0.475138
45751,0.475138
45752,0.475138
45753,0.475138
45754,0.475138
45755,0.475138
45756,0.475138
45757,0.475138
45758,0.475138
45759,0.475138
45760,0.475138
45761,0.475138
45762,0.475138
45763,0.475138
45764,0.475138
45765,0.475138
45766,0.475138
45767,0.475138
45768,0.475138
45769,0.475138
45770,0.475138
45771,0.475138
45772,0.475138
45773,0.475138
45774,0.475138
45775,0.475138
45776,0.475138
45777,0.475138
45778,0.475138
45779,0.475138
45780,0.475138
45781,0.475138
45782,0.475138
45783,0.475138
45784,0.475138
45785,0.475138
45786,0.475138
45787,0.475138
45788,0.475138
45789,0.475138
45790,0.475138
45791,0.475138
45792,0.475138
45793,0.475138
45794,0.475138
45795,0.475138
45796,0.475138
45797,0.475138
45798,0.475138
45799,0.475138
45800,0.475138
45801,0.475138
45802,0.475138
45803,0.475138
45804,0.475138
45805,0.475138
45806,0.475138
45807,0.475138
45808,0.475138
45809,0.475138
45810,0.475138
45811,0.475138
45812,0.475138
45813,0.475138
45814,0.475138
45815,0.475138
45816,0.475138
45817,0.475138
45818,0.475138
45819,0.475138
45820,0.475138
45821,0.475138
45822,0.475138
45823,0.475138
45824,0.475138
45825,0.475138
45826,0.475138
45827,0.475138
45828,0.475138
45829,0.475138
45830,0.475138
45831,0.475138
45832,0.475138
45833,0.475138
45834,0.475138
45835,0.475138
45836,0.475138
45837,0.475138
45838,0.475138
45839,0.475138
45840,0.475138
45841,0.475138
45842,0.475138
45843,0.475138
45844,0.475138
45845,0.475138
45846,0.475138
45847,0.475138
45848,0.475138
45849,0.475138
45850,0.475138
45851,0.475138
45852,0.475138
45853,0.475138
45854,0.475138
45855,0.475138
45856,0.475138
45857,0.475138
45858,0.475138
45859,0.475138
45860,0.475138
45861,0.475138
45862,0.475138
45863,0.475138
45864,0.475138
45865,0.475138
45866,0.475138
45867,0.475138
45868,0.475138
45869,0.475138
45870,0.475138
45871,0.475138
45872,0.475138
45873,0.475138
45874,0.475138
45875,0.475138
45876,0.475138
45877,0.475138
45878,0.475138
45879,0.475138
45880,0.475138
45881,0.475138
45882,0.475138
45883,0.475138
45884,0.475138
45885,0.475138
45886,0.475138
45887,0.475138
45888,0.475138
45889,0.475138
45890,0.475138
45891,0.475138
45892,0.475138
45893,0.475138
45894,0.475138
45895,0.475138
45896,0.475138
45897,0.475138
45898,0.475138
45899,0.475138
45900,0.475138
45901,0.475138
45902,0.475138
45903,0.475138
45904,0.475138
45905,0.475138
45906,0.475138
45907,0.475138
45908,0.475138
45909,0.475138
45910,0.475138
45911,0.475138
45912,0.475138
45913,0.475138
45914,0.475138
45915,0.475138
45916,0.475138
45917,0.475138
45918,0.475138
45919,0.475138
45920,0.475138
45921,0.475138
45922,0.475138
45923,0.475138
45924,0.475138
45925,0.475138
45926,0.475138
45927,0.475138
45928,0.475138
45929,0.475138
45930,0.474970
45931,0.474970
45932,0.474970
45933,0.475138
45934,0.475138
45935,0.475138
45936,0.475138
45937,0.475138
45938,0.475138
45939,0.475138
45940,0.475138
45941,0.475138
45942,0.475138
45943,0.475138
45944,0.475138
45945,0.475138
45946,0.475138
45947,0.475138
45948,0.475138
45949,0.475138
45950,0.475138
45951,0.475138
45952,0.475138
45953,0.475138
45954,0.475138
45955,0.475138
45956,0.475138
45957,0.475138
45958,0.475138
45959,0.475138
45960,0.475138
45961,0.475138
45962,0.475138
45963,0.475138
45964,0.475138
45965,0.475138
45966,0.475138
45967,0.475138
45968,0.475138
45969,0.475138
45970,0.475138
45971,0.475138
45972,0.475138
45973,0.475138
45974,0.475138
45975,0.475138
45976,0.475138
45977,0.475138
45978,0.475138
45979,0.475138
45980,0.475138
45981,0.475138
45982,0.475138
45983,0.475138
45984,0.475138
45985,0.475138
45986,0.475138
45987,0.475138
45988,0.475138
45989,0.475138
45990,0.475138
45991,0.475138
45992,0.475138
45993,0.475138
45994,0.475138
45995,0.475138
45996,0.475138
45997,0.475138
45998,0.475138
45999,0.475138
46000,0.475138
46001,0.475138
46002,0.475138
46003,0.475138
46004,0.475138
46005,0.475138
46006,0.475138
46007,0.475138
46008,0.475138
46009,0.476153
46010,0.476153
46011,0.472915
46012,0.472915
46013,0.472915
46014,0.476153
46015,0.476153
46016,0.476153
46017,0.475138
46018,0.475138
46019,0.475138
46020,0.475138
46021,0.475138
46022,0.475138
46023,0.475138
46024,0.475138
46025,0.475138
46026,0.475138
46027,0.475138
46028,0.475138
46029,0.475138
46030,0.475138
46031,0.475138
46032,0.475138
46033,0.475138
46034,0.475138
46035,0.475138
46036,0.475138
46037,0.475138
46038,0.475138
46039,0.475138
46040,0.475138
46041,0.475138
46042,0.475138
46043,0.475138
46044,0.475138
46045,0.475138
46046,0.475138
46047,0.475138
46048,0.475138
46049,0.475138
46050,0.475138
46051,0.475138
46052,0.475138
46053,0.475138
46054,0.475138
46055,0.475138
46056,0.475138
46057,0.475138
46058,0.475138
46059,0.475138
46060,0.475138
46061,0.475138
46062,0.475138
46063,0.475138
46064,0.475138
46065,0.475138
46066,0.475138
46067,0.475138
46068,0.475138
46069,0.475138
46070,0.475138
46071,0.475138
46072,0.475138
46073,0.475138
46074,0.475138
46075,0.475138
46076,0.475138
46077,0.475138
46078,0.475138
46079,0.475138
46080,0.475138
46081,0.475138
46082,0.475138
46083,0.475138
46084,0.475138
46085,0.475138
46086,0.475138
46087,0.475138
46088,0.475138
46089,0.475138
46090,0.475138
46091,0.475138
46092,0.475138
46093,0.475138
46094,0.475138
46095,0.475138
46096,0.475138
46097,0.475138
46098,0.475138
46099,0.475138
46100,0.475138
46101,0.475138
46102,0.475138
46103,0.475138
46104,0.475138
46105,0.475138
46106,0.475138
46107,0.475138
46108,0.475138
46109,0.475138
46110,0.475138
46111,0.475138
46112,0.475138
46113,0.475138
46114,0.475138
46115,0.475138
46116,0.475138
46117,0.475138
46118,0.475138
46119,0.475138
46120,0.475138
46121,0.475138
46122,0.475138
46123,0.475138
46124,0.475138
46125,0.475138
46126,0.475138
46127,0.475138
46128,0.475138
46129,0.475138
46130,0.475138
46131,0.475138
46132,0.475138
46133,0.475138
46134,0.475138
46135,0.475138
46136,0.475138
46137,0.475138
46138,0.475138
46139,0.475138
46140,0.475138
46141,0.475138
46142,0.475138
46143,0.475138
46144,0.475138
46145,0.475138
46146,0.475138
46147,0.475138
46148,0.475138
46149,0.475138
46150,0.475138
46151,0.475138
46152,0.475138
46153,0.475138
46154,0.475138
46155,0.475138
46156,0.475138
46157,0.475138
46158,0.475138
46159,0.475138
46160,0.475138
46161,0.475138
46162,0.475138
46163,0.475138
46164,0.475138
46165,0.475138
46166,0.475138
46167,0.475138
46168,0.475138
46169,0.475138
46170,0.475138
46171,0.475138
46172,0.475138
46173,0.475138
46174,0.475138
46175,0.475138
46176,0.475138
46177,0.475138
46178,0.475138
46179,0.475138
46180,0.475138
46181,0.475138
46182,0.475138
46183,0.475138
46184,0.475138
46185,0.475138
46186,0.475138
46187,0.475138
46188,0.475138
46189,0.475138
46190,0.475138
46191,0.475138
46192,0.475138
46193,0.475138
46194,0.475138
46195,0.475138
46196,0.475138
46197,0.475138
46198,0.475138
46199,0.475138
46200,0.475138
46201,0.475138
46202,0.475138
46203,0.475138
46204,0.475138
46205,0.475138
46206,0.475138
46207,0.475138
46208,0.475138
46209,0.475138
46210,0.475138
46211,0.475138
46212,0.475138
46213,0.475138
46214,0.475138
46215,0.475138
46216,0.475138
46217,0.475138
46218,0.475138
46219,0.475138
46220,0.475138
46221,0.475138
46222,0.475138
46223,0.475138
46224,0.475138
46225,0.475138
46226,0.475138
46227,0.475138
46228,0.475138
46229,0.475138
46230,0.475138
46231,0.475138
46232,0.475138
46233,0.475138
46234,0.475138
46235,0.475138
46236,0.475138
46237,0.475138
46238,0.475138
46239,0.475138
46240,0.475138
46241,0.475138
46242,0.475138
46243,0.475138
46244,0.475138
46245,0.475138
46246,0.475138
46247,0.475138
46248,0.475138
46249,0.475138
46250,0.475138
46251,0.475138
46252,0.475138
46253,0.475138
46254,0.475138
46255,0.475138
46256,0.475138
46257,0.475138
46258,0.475138
46259,0.475138
46260,0.475138
46261,0.475138
46262,0.475138
46263,0.475138
46264,0.475138
46265,0.475138
46266,0.475138
46267,0.475138
46268,0.475138
46269,0.475138
46270,0.475138
46271,0.475138
46272,0.475138
46273,0.475138
46274,0.475138
46275,0.475138
46276,0.475138
46277,0.475138
46278,0.475138
46279,0.475138
46280,0.475138
46281,0.475138
46282,0.475138
46283,0.475138
46284,0.475138
46285,0.475138
46286,0.475138
46287,0.475138
46288,0.475138
46289,0.475138
46290,0.475138
46291,0.475138
46292,0.475138
46293,0.475138
46294,0.475138
46295,0.475138
46296,0.475138
46297,0.475138
46298,0.475138
46299,0.475138
46300,0.475138
46301,0.475138
46302,0.475138
46303,0.475138
46304,0.475138
46305,0.475138
46306,0.475138
46307,0.475138
46308,0.475138
46309,0.475138
46310,0.475138
46311,0.475138
46312,0.475138
46313,0.475138
46314,0.475138
46315,0.475138
46316,0.475138
46317,0.475138
46318,0.475138
46319,0.475138
46320,0.475138
46321,0.475138
46322,0.475138
46323,0.475138
46324,0.475138
46325,0.475138
46326,0.475138
46327,0.475138
46328,0.475138
46329,0.475138
46330,0.475138
46331,0.475138
46332,0.475138
46333,0.475138
46334,0.475138
46335,0.475138
46336,0.475138
46337,0.475138
46338,0.475138
46339,0.475138
46340,0.475138
46341,0.475138
46342,0.475138
46343,0.475138
46344,0.475138
46345,0.475138
46346,0.475138
46347,0.475138
46348,0.475138
46349,0.475138
46350,0.475138
46351,0.475138
46352,0.475138
46353,0.475138
46354,0.475138
46355,0.475138
46356,0.475138
46357,0.475138
46358,0.475138
46359,0.475138
46360,0.475138
46361,0.475138
46362,0.475138
46363,0.475138
46364,0.475138
46365,0.475138
46366,0.475138
46367,0.475138
46368,0.475138
46369,0.475138
46370,0.475138
46371,0.475138
46372,0.475138
46373,0.475138
46374,0.475138
46375,0.475138
46376,0.475138
46377,0.475138
46378,0.475138
46379,0.475138
46380,0.475138
46381,0.475138
46382,0.475138
46383,0.475138
46384,0.475138
46385,0.475138
46386,0.475138
46387,0.475138
46388,0.475138
46389,0.475138
46390,0.475138
46391,0.475138
46392,0.475138
46393,0.475138
46394,0.475138
46395,0.475138
46396,0.475138
46397,0.475138
46398,0.475138
46399,0.475138
46400,0.475138
46401,0.475138
46402,0.475138
46403,0.475138
46404,0.475138
46405,0.475138
46406,0.475138
46407,0.475138
46408,0.475138
46409,0.475138
46410,0.475138
46411,0.475138
46412,0.475138
46413,0.475138
46414,0.475138
46415,0.475138
46416,0.475138
46417,0.475138
46418,0.475138
46419,0.475138
46420,0.475138
46421,0.475138
46422,0.475138
46423,0.475138
46424,0.475138
46425,0.475138
46426,0.475138
46427,0.475138
46428,0.475138
46429,0.475138
46430,0.475138
46431,0.475138
46432,0.475138
46433,0.475138
46434,0.475138
46435,0.475138
46436,0.475138
46437,0.475138
46438,0.475138
46439,0.475138
46440,0.475138
46441,0.475138
46442,0.475138
46443,0.475138
46444,0.475138
46445,0.475138
46446,0.475138
46447,0.475138
46448,0.475138
46449,0.475138
46450,0.475138
46451,0.475138
46452,0.475138
46453,0.475138
46454,0.475138
46455,0.475138
46456,0.475138
46457,0.475138
46458,0.475138
46459,0.475138
46460,0.475138
46461,0.475138
46462,0.475138
46463,0.475138
46464,0.475138
46465,0.475138
46466,0.475138
46467,0.475138
46468,0.475138
46469,0.475138
46470,0.475138
46471,0.475138
46472,0.475138
46473,0.475138
46474,0.475138
46475,0.475138
46476,0.475138
46477,0.475138
46478,0.475138
46479,0.475138
46480,0.475138
46481,0.475138
46482,0.475138
46483,0.475138
46484,0.475138
46485,0.475138
46486,0.475138
46487,0.475138
46488,0.475138
46489,0.475138
46490,0.475138
46491,0.475138
46492,0.475138
46493,0.475138
46494,0.475138
46495,0.475138
46496,0.475138
46497,0.475138
46498,0.475138
46499,0.475138
46500,0.475138
46501,0.475138
46502,0.475138
46503,0.475138
46504,0.475138
46505,0.475138
46506,0.475138
46507,0.475138
46508,0.475138
46509,0.475138
46510,0.475138
46511,0.475138
46512,0.475138
46513,0.475138
46514,0.475138
46515,0.475138
46516,0.475138
46517,0.475138
46518,0.475138
46519,0.475138
46520,0.475138
46521,0.475138
46522,0.475138
46523,0.475138
46524,0.475138
46525,0.475138
46526,0.475138
46527,0.475138
46528,0.475138
46529,0.475138
46530,0.475138
46531,0.475138
46532,0.475138
46533,0.475138
46534,0.475138
46535,0.475138
46536,0.475138
46537,0.475138
46538,0.475138
46539,0.475138
46540,0.475138
46541,0.475138
46542,0.475138
46543,0.475138
46544,0.475138
46545,0.475138
46546,0.475138
46547,0.475138
46548,0.475138
46549,0.475138
46550,0.475138
46551,0.475138
46552,0.475138
46553,0.475138
46554,0.475138
46555,0.475138
46556,0.475138
46557,0.475138
46558,0.475138
46559,0.475138
46560,0.475138
46561,0.475138
46562,0.475138
46563,0.475138
46564,0.475138
46565,0.475138
46566,0.475138
46567,0.475138
46568,0.475138
46569,0.475138
46570,0.475138
46571,0.475138
46572,0.475138
46573,0.475138
46574,0.475138
46575,0.475138
46576,0.475138
46577,0.475138
46578,0.475138
46579,0.475138
46580,0.475138
46581,0.475138
46582,0.475138
46583,0.475138
46584,0.475138
46585,0.475138
46586,0.475138
46587,0.475138
46588,0.475138
46589,0.475138
46590,0.475138
46591,0.475138
46592,0.475138
46593,0.475138
46594,0.475138
46595,0.475138
46596,0.475138
46597,0.475138
46598,0.475138
46599,0.475138
46600,0.475138
46601,0.475138
46602,0.475138
46603,0.475138
46604,0.475138
46605,0.475138
46606,0.475138
46607,0.475138
46608,0.475138
46609,0.475138
46610,0.475138
46611,0.475138
46612,0.475138
46613,0.475138
46614,0.475138
46615,0.475138
46616,0.475138
46617,0.475138
46618,0.475138
46619,0.475138
46620,0.475138
46621,0.475138
46622,0.475138
46623,0.475138
46624,0.475138
46625,0.475138
46626,0.475138
46627,0.475138
46628,0.475138
46629,0.475138
46630,0.475138
46631,0.475138
46632,0.475138
46633,0.475138
46634,0.475138
46635,0.475138
46636,0.475138
46637,0.475138
46638,0.475138
46639,0.475138
46640,0.475138
46641,0.475138
46642,0.475138
46643,0.475138
46644,0.475138
46645,0.475138
46646,0.475138
46647,0.475138
46648,0.475138
46649,0.475138
46650,0.475138
46651,0.475138
46652,0.475138
46653,0.475138
46654,0.475138
46655,0.475138
46656,0.475138
46657,0.475138
46658,0.475138
46659,0.475138
46660,0.475138
46661,0.475138
46662,0.475138
46663,0.475138
46664,0.475138
46665,0.475138
46666,0.475138
46667,0.475138
46668,0.475138
46669,0.475138
46670,0.475138
46671,0.475138
46672,0.475138
46673,0.475138
46674,0.475138
46675,0.475138
46676,0.475138
46677,0.475138
46678,0.475138
46679,0.475138
46680,0.475138
46681,0.475138
46682,0.475138
46683,0.475138
46684,0.475138
46685,0.475138
46686,0.475138
46687,0.475138
46688,0.475138
46689,0.475138
46690,0.475138
46691,0.475138
46692,0.475138
46693,0.475138
46694,0.475138
46695,0.475138
46696,0.475138
46697,0.475138
46698,0.475138
46699,0.475138
46700,0.475138
46701,0.475138
46702,0.475138
46703,0.475138
46704,0.475138
46705,0.475138
46706,0.475138
46707,0.475138
46708,0.475138
46709,0.475138
46710,0.475138
46711,0.475138
46712,0.475138
46713,0.475138
46714,0.475138
46715,0.475138
46716,0.475138
46717,0.475138
46718,0.475138
46719,0.475138
46720,0.475138
46721,0.475138
46722,0.475138
46723,0.475138
46724,0.475138
46725,0.475138
46726,0.475138
46727,0.475138
46728,0.475138
46729,0.475138
46730,0.475138
46731,0.475138
46732,0.475138
46733,0.475138
46734,0.475138
46735,0.475138
46736,0.475138
46737,0.475138
46738,0.475138
46739,0.475138
46740,0.475138
46741,0.475138
46742,0.475138
46743,0.475138
46744,0.475138
46745,0.475138
46746,0.475138
46747,0.475138
46748,0.475138
46749,0.475138
46750,0.475138
46751,0.475138
46752,0.475138
46753,0.475138
46754,0.475138
46755,0.475138
46756,0.475138
46757,0.475138
46758,0.475138
46759,0.475138
46760,0.475138
46761,0.475138
46762,0.475138
46763,0.475138
46764,0.475138
46765,0.475138
46766,0.475138
46767,0.475138
46768,0.475138
46769,0.475138
46770,0.475138
46771,0.475138
46772,0.475138
46773,0.475138
46774,0.475138
46775,0.475138
46776,0.475138
46777,0.475138
46778,0.475138
46779,0.475138
46780,0.475138
46781,0.475138
46782,0.475138
46783,0.475138
46784,0.475138
46785,0.475138
46786,0.475138
46787,0.475138
46788,0.475138
46789,0.475138
46790,0.475138
46791,0.475138
46792,0.475138
46793,0.475138
46794,0.475138
46795,0.475138
46796,0.475138
46797,0.475138
46798,0.475138
46799,0.475138
46800,0.475138
46801,0.475138
46802,0.475138
46803,0.475138
46804,0.475138
46805,0.475138
46806,0.475138
46807,0.475138
46808,0.475138
46809,0.475138
46810,0.475138
46811,0.475138
46812,0.475138
46813,0.475138
46814,0.475138
46815,0.475138
46816,0.475138
46817,0.475138
46818,0.475138
46819,0.475138
46820,0.475138
46821,0.475138
46822,0.475138
46823,0.475138
46824,0.475138
46825,0.475138
46826,0.475138
46827,0.475138
46828,0.475138
46829,0.475138
46830,0.475138
46831,0.475138
46832,0.475138
46833,0.475138
46834,0.475138
46835,0.475138
46836,0.475138
46837,0.475138
46838,0.475138
46839,0.475138
46840,0.475138
46841,0.475138
46842,0.475138
46843,0.475138
46844,0.475138
46845,0.475138
46846,0.475138
46847,0.475138
46848,0.475138
46849,0.475138
46850,0.475138
46851,0.475138
46852,0.475138
46853,0.475138
46854,0.475138
46855,0.475138
46856,0.475138
46857,0.475138
46858,0.475138
46859,0.475138
46860,0.475138
46861,0.475138
46862,0.475138
46863,0.475138
46864,0.475138
46865,0.475138
46866,0.475138
46867,0.475138
46868,0.475138
46869,0.475138
46870,0.475138
46871,0.475138
46872,0.475138
46873,0.475138
46874,0.475138
46875,0.475138
46876,0.475138
46877,0.475138
46878,0.475138
46879,0.475138
46880,0.475138
46881,0.475138
46882,0.475138
46883,0.475138
46884,0.475138
46885,0.475138
46886,0.475138
46887,0.475138
46888,0.475138
46889,0.475138
46890,0.475138
46891,0.475138
46892,0.475138
46893,0.475138
46894,0.475138
46895,0.475138
46896,0.475138
46897,0.475138
46898,0.475138
46899,0.475138
46900,0.475138
46901,0.475138
46902,0.475138
46903,0.475138
46904,0.475138
46905,0.475138
46906,0.475138
46907,0.475138
46908,0.475138
46909,0.475138
46910,0.475138
46911,0.475138
46912,0.475138
46913,0.475138
46914,0.475138
46915,0.475138
46916,0.475138
46917,0.475138
46918,0.475138
46919,0.475138
46920,0.475138
46921,0.475138
46922,0.475138
46923,0.475138
46924,0.475138
46925,0.475138
46926,0.475138
46927,0.475138
46928,0.475138
46929,0.475138
46930,0.475138
46931,0.475138
46932,0.475138
46933,0.475138
46934,0.475138
46935,0.475138
46936,0.475138
46937,0.475138
46938,0.475138
46939,0.475138
46940,0.475138
46941,0.475138
46942,0.475138
46943,0.475138
46944,0.475138
46945,0.475138
46946,0.475138
46947,0.475138
46948,0.475138
46949,0.475138
46950,0.475138
46951,0.475138
46952,0.475138
46953,0.475138
46954,0.475138
46955,0.475138
46956,0.475138
46957,0.475138
46958,0.475138
46959,0.475138
46960,0.475138
46961,0.475138
46962,0.475138
46963,0.475138
46964,0.475138
46965,0.475138
46966,0.475138
46967,0.475138
46968,0.475138
46969,0.475138
46970,0.475138
46971,0.475138
46972,0.475138
46973,0.475138
46974,0.475138
46975,0.475138
46976,0.475138
46977,0.475138
46978,0.475138
46979,0.475138
46980,0.475138
46981,0.475138
46982,0.475138
46983,0.475138
46984,0.475138
46985,0.475138
46986,0.475138
46987,0.475138
46988,0.475138
46989,0.475138
46990,0.475138
46991,0.475138
46992,0.475138
46993,0.475138
46994,0.475138
46995,0.475138
46996,0.475138
46997,0.475138
46998,0.475138
46999,0.475138
47000,0.475138
47001,0.475138
47002,0.475138
47003,0.475138
47004,0.475138
47005,0.475138
47006,0.475138
47007,0.475138
47008,0.475138
47009,0.475138
47010,0.475138
47011,0.475138
47012,0.475138
47013,0.475138
47014,0.475138
47015,0.475138
47016,0.475138
47017,0.475138
47018,0.475138
47019,0.475138
47020,0.475138
47021,0.475138
47022,0.475138
47023,0.475138
47024,0.475138
47025,0.475138
47026,0.475138
47027,0.475138
47028,0.475138
47029,0.475138
47030,0.475138
47031,0.475138
47032,0.475138
47033,0.475138
47034,0.475138
47035,0.475138
47036,0.475138
47037,0.475138
47038,0.475138
47039,0.475138
47040,0.475138
47041,0.475138
47042,0.475138
47043,0.475138
47044,0.475138
47045,0.475138
47046,0.475138
47047,0.475138
47048,0.475138
47049,0.475138
47050,0.475138
47051,0.475138
47052,0.475138
47053,0.475138
47054,0.475138
47055,0.475138
47056,0.475138
47057,0.475138
47058,0.475138
47059,0.475138
47060,0.475138
47061,0.475138
47062,0.475138
47063,0.475138
47064,0.475138
47065,0.475138
47066,0.475138
47067,0.475138
47068,0.475138
47069,0.475138
47070,0.475138
47071,0.475138
47072,0.475138
47073,0.475138
47074,0.475138
47075,0.475138
47076,0.475138
47077,0.475138
47078,0.475138
47079,0.475138
47080,0.475138
47081,0.475138
47082,0.475138
47083,0.475138
47084,0.475138
47085,0.475138
47086,0.475138
47087,0.475138
47088,0.475138
47089,0.475138
47090,0.475138
47091,0.475138
47092,0.475138
47093,0.475138
47094,0.475138
47095,0.475138
47096,0.475138
47097,0.475138
47098,0.475138
47099,0.475138
47100,0.475138
47101,0.475138
47102,0.475138
47103,0.475138
47104,0.475138
47105,0.475138
47106,0.475138
47107,0.475138
47108,0.475138
47109,0.475138
47110,0.475138
47111,0.475138
47112,0.475138
47113,0.475138
47114,0.475138
47115,0.475138
47116,0.475138
47117,0.475138
47118,0.475138
47119,0.475138
47120,0.475138
47121,0.475138
47122,0.475138
47123,0.475138
47124,0.475138
47125,0.475138
47126,0.475138
47127,0.475138
47128,0.475138
47129,0.475138
47130,0.475138
47131,0.475138
47132,0.475138
47133,0.475138
47134,0.475138
47135,0.475138
47136,0.475138
47137,0.475138
47138,0.475138
47139,0.475138
47140,0.475138
47141,0.475138
47142,0.475138
47143,0.475138
47144,0.475138
47145,0.475138
47146,0.475138
47147,0.475138
47148,0.475138
47149,0.475138
47150,0.475138
47151,0.475138
47152,0.475138
47153,0.475138
47154,0.475138
47155,0.475138
47156,0.475138
47157,0.475138
47158,0.475138
47159,0.475138
47160,0.475138
47161,0.475138
47162,0.475138
47163,0.475138
47164,0.475138
47165,0.475138
47166,0.475138
47167,0.475138
47168,0.475138
47169,0.475138
47170,0.475138
47171,0.475138
47172,0.475138
47173,0.475138
47174,0.475138
47175,0.475138
47176,0.475138
47177,0.475138
47178,0.475138
47179,0.475138
47180,0.475138
47181,0.475138
47182,0.475138
47183,0.475138
47184,0.475138
47185,0.475138
47186,0.475138
47187,0.475138
47188,0.475138
47189,0.475138
47190,0.475138
47191,0.475138
47192,0.475138
47193,0.475138
47194,0.475138
47195,0.475138
47196,0.475138
47197,0.475138
47198,0.475138
47199,0.475138
47200,0.475138
47201,0.475138
47202,0.475138
47203,0.475138
47204,0.475138
47205,0.475138
47206,0.475138
47207,0.475138
47208,0.475138
47209,0.475138
47210,0.475138
47211,0.475138
47212,0.475138
47213,0.475138
47214,0.475138
47215,0.475138
47216,0.475138
47217,0.475138
47218,0.475138
47219,0.475138
47220,0.475138
47221,0.475138
47222,0.475138
47223,0.475138
47224,0.475138
47225,0.475138
47226,0.475138
47227,0.475138
47228,0.475138
47229,0.475138
47230,0.475138
47231,0.475138
47232,0.475138
47233,0.475138
47234,0.475138
47235,0.475138
47236,0.475138
47237,0.475138
47238,0.475138
47239,0.475138
47240,0.475138
47241,0.475138
47242,0.475138
47243,0.475138
47244,0.475138
47245,0.475138
47246,0.475138
47247,0.475138
47248,0.475138
47249,0.475138
47250,0.475138
47251,0.475138
47252,0.475138
47253,0.475138
47254,0.475138
47255,0.475138
47256,0.475138
47257,0.475138
47258,0.475138
47259,0.475138
47260,0.475138
47261,0.475138
47262,0.475138
47263,0.475138
47264,0.475138
47265,0.475138
47266,0.475138
47267,0.475138
47268,0.475138
47269,0.475138
47270,0.475138
47271,0.475138
47272,0.475138
47273,0.475138
47274,0.475138
47275,0.475138
47276,0.475138
47277,0.475138
47278,0.475138
47279,0.475138
47280,0.475138
47281,0.475138
47282,0.475138
47283,0.475138
47284,0.475138
47285,0.475138
47286,0.475138
47287,0.475138
47288,0.475138
47289,0.475138
47290,0.475138
47291,0.475138
47292,0.475138
47293,0.475138
47294,0.475138
47295,0.475138
47296,0.475138
47297,0.475138
47298,0.475138
47299,0.475138
47300,0.475138
47301,0.475138
47302,0.475138
47303,0.475138
47304,0.475138
47305,0.475138
47306,0.475138
47307,0.475138
47308,0.475138
47309,0.475138
47310,0.475138
47311,0.475138
47312,0.475138
47313,0.475138
47314,0.475138
47315,0.475138
47316,0.475138
47317,0.475138
47318,0.475138
47319,0.475138
47320,0.475138
47321,0.475138
47322,0.475138
47323,0.475138
47324,0.475138
47325,0.475138
47326,0.475138
47327,0.475138
47328,0.475138
47329,0.475138
47330,0.475138
47331,0.475138
47332,0.475138
47333,0.475138
47334,0.475138
47335,0.475138
47336,0.475138
47337,0.475138
47338,0.475138
47339,0.475138
47340,0.475138
47341,0.475138
47342,0.475138
47343,0.475138
47344,0.475138
47345,0.475138
47346,0.475138
47347,0.475138
47348,0.475138
47349,0.475138
47350,0.475138
47351,0.475138
47352,0.475138
47353,0.475138
47354,0.475138
47355,0.475138
47356,0.475138
47357,0.475138
47358,0.475138
47359,0.475138
47360,0.475138
47361,0.475138
47362,0.475138
47363,0.475138
47364,0.475138
47365,0.475138
47366,0.475138
47367,0.475138
47368,0.475138
47369,0.475138
47370,0.475138
47371,0.475138
47372,0.475138
47373,0.475138
47374,0.475138
47375,0.475138
47376,0.475138
47377,0.475138
47378,0.475138
47379,0.475138
47380,0.475138
47381,0.475138
47382,0.475138
47383,0.475138
47384,0.475138
47385,0.475138
47386,0.475138
47387,0.475138
47388,0.475138
47389,0.475138
47390,0.475138
47391,0.475138
47392,0.475138
47393,0.475138
47394,0.475138
47395,0.475138
47396,0.475138
47397,0.475138
47398,0.475138
47399,0.475138
47400,0.475138
47401,0.475138
47402,0.475138
47403,0.475138
47404,0.475138
47405,0.475138
47406,0.475138
47407,0.475138
47408,0.475138
47409,0.475138
47410,0.475138
47411,0.475138
47412,0.475138
47413,0.475138
47414,0.475138
47415,0.475138
47416,0.475138
47417,0.475138
47418,0.475138
47419,0.475138
47420,0.475138
47421,0.475138
47422,0.475138
47423,0.475138
47424,0.475138
47425,0.475138
47426,0.475138
47427,0.475138
47428,0.475138
47429,0.475138
47430,0.475138
47431,0.475138
47432,0.475138
47433,0.475138
47434,0.475138
47435,0.475138
47436,0.475138
47437,0.475138
47438,0.475138
47439,0.475138
47440,0.475138
47441,0.475138
47442,0.475138
47443,0.475138
47444,0.475138
47445,0.475138
47446,0.475138
47447,0.475138
47448,0.475138
47449,0.475138
47450,0.475138
47451,0.475138
47452,0.475138
47453,0.475138
47454,0.475138
47455,0.475138
47456,0.475138
47457,0.475138
47458,0.475138
47459,0.475138
47460,0.475138
47461,0.475138
47462,0.475138
47463,0.475138
47464,0.475138
47465,0.475138
47466,0.475138
47467,0.475138
47468,0.475138
47469,0.475138
47470,0.475138
47471,0.475138
47472,0.475138
47473,0.475138
47474,0.475138
47475,0.475138
47476,0.475138
47477,0.475138
47478,0.475138
47479,0.475138
47480,0.475138
47481,0.475138
47482,0.475138
47483,0.475138
47484,0.475138
47485,0.475138
47486,0.475138
47487,0.475138
47488,0.475138
47489,0.475138
47490,0.475138
47491,0.475138
47492,0.475138
47493,0.475138
47494,0.475138
47495,0.475138
47496,0.475138
47497,0.475138
47498,0.475138
47499,0.475138
47500,0.475138
47501,0.475138
47502,0.475138
47503,0.475138
47504,0.475138
47505,0.475138
47506,0.475138
47507,0.475138
47508,0.475138
47509,0.475138
47510,0.475138
47511,0.475138
47512,0.475138
47513,0.475138
47514,0.475138
47515,0.475138
47516,0.475138
47517,0.475138
47518,0.475138
47519,0.475138
47520,0.475138
47521,0.475138
47522,0.475138
47523,0.475138
47524,0.475138
47525,0.475138
47526,0.475138
47527,0.475138
47528,0.475138
47529,0.475138
47530,0.475138
47531,0.475138
47532,0.475138
47533,0.475138
47534,0.475138
47535,0.475138
47536,0.475138
47537,0.475138
47538,0.475138
47539,0.475138
47540,0.475138
47541,0.475138
47542,0.475138
47543,0.475138
47544,0.475138
47545,0.475138
47546,0.475138
47547,0.475138
47548,0.475138
47549,0.475138
47550,0.475138
47551,0.475138
47552,0.475138
47553,0.475138
47554,0.475138
47555,0.475138
47556,0.475138
47557,0.475138
47558,0.475138
47559,0.475138
47560,0.475138
47561,0.475138
47562,0.475138
47563,0.475138
47564,0.475138
47565,0.475138
47566,0.475138
47567,0.475138
47568,0.475138
47569,0.475138
47570,0.475138
47571,0.475138
47572,0.475138
47573,0.475138
47574,0.475138
47575,0.475138
47576,0.475138
47577,0.475138
47578,0.475138
47579,0.475138
47580,0.475138
47581,0.475138
47582,0.475138
47583,0.475138
47584,0.475138
47585,0.475138
47586,0.475138
47587,0.475138
47588,0.475138
47589,0.475138
47590,0.475138
47591,0.475138
47592,0.475138
47593,0.475138
47594,0.475138
47595,0.475138
47596,0.475138
47597,0.475138
47598,0.475138
47599,0.475138
47600,0.475138
47601,0.475138
47602,0.475138
47603,0.475138
47604,0.475138
47605,0.475138
47606,0.475138
47607,0.475138
47608,0.475138
47609,0.475138
47610,0.475138
47611,0.475138
47612,0.475138
47613,0.475138
47614,0.475138
47615,0.475138
47616,0.475138
47617,0.475138
47618,0.475138
47619,0.475138
47620,0.475138
47621,0.475138
47622,0.475138
47623,0.475138
47624,0.475138
47625,0.475138
47626,0.475138
47627,0.475138
47628,0.475138
47629,0.475138
47630,0.475138
47631,0.475138
47632,0.475138
47633,0.475138
47634,0.475138
47635,0.475138
47636,0.475138
47637,0.475138
47638,0.475138
47639,0.475138
47640,0.475138
47641,0.475138
47642,0.475138
47643,0.475138
47644,0.475138
47645,0.475138
47646,0.475138
47647,0.475138
47648,0.475138
47649,0.475138
47650,0.475138
47651,0.475138
47652,0.475138
47653,0.475138
47654,0.475138
47655,0.475138
47656,0.475138
47657,0.475138
47658,0.475138
47659,0.475138
47660,0.475138
47661,0.475138
47662,0.475138
47663,0.475138
47664,0.475138
47665,0.475138
47666,0.475138
47667,0.475138
47668,0.475138
47669,0.475138
47670,0.475138
47671,0.475138
47672,0.475138
47673,0.475138
47674,0.475138
47675,0.475138
47676,0.475138
47677,0.475138
47678,0.475138
47679,0.475138
47680,0.475138
47681,0.475138
47682,0.475138
47683,0.475138
47684,0.475138
47685,0.475138
47686,0.475138
47687,0.475138
47688,0.475138
47689,0.475138
47690,0.475138
47691,0.475138
47692,0.475138
47693,0.475138
47694,0.475138
47695,0.475138
47696,0.475138
47697,0.475138
47698,0.475138
47699,0.475138
47700,0.475138
47701,0.475138
47702,0.475138
47703,0.475138
47704,0.475138
47705,0.475138
47706,0.475138
47707,0.475138
47708,0.475138
47709,0.475138
47710,0.475138
47711,0.475138
47712,0.475138
47713,0.475138
47714,0.475138
47715,0.475138
47716,0.475138
47717,0.475138
47718,0.475138
47719,0.475138
47720,0.475138
47721,0.475138
47722,0.475138
47723,0.475138
47724,0.475138
47725,0.475138
47726,0.475138
47727,0.475138
47728,0.475138
47729,0.475138
47730,0.475138
47731,0.475138
47732,0.475138
47733,0.475138
47734,0.475138
47735,0.475138
47736,0.475138
47737,0.475138
47738,0.475138
47739,0.475138
47740,0.475138
47741,0.475138
47742,0.475138
47743,0.475138
47744,0.475138
47745,0.475138
47746,0.475138
47747,0.475138
47748,0.475138
47749,0.475138
47750,0.475138
47751,0.475138
47752,0.475138
47753,0.475138
47754,0.475138
47755,0.475138
47756,0.475138
47757,0.475138
47758,0.475138
47759,0.475138
47760,0.475138
47761,0.475138
47762,0.475138
47763,0.475138
47764,0.475138
47765,0.475138
47766,0.475138
47767,0.475138
47768,0.475138
47769,0.475138
47770,0.475138
47771,0.475138
47772,0.475138
47773,0.475138
47774,0.475138
47775,0.475138
47776,0.475138
47777,0.475138
47778,0.475138
47779,0.475138
47780,0.475138
47781,0.475138
47782,0.475138
47783,0.475138
47784,0.475138
47785,0.475138
47786,0.475138
47787,0.475138
47788,0.475138
47789,0.475138
47790,0.475138
47791,0.475138
47792,0.475138
47793,0.475138
47794,0.475138
47795,0.475138
47796,0.475138
47797,0.475138
47798,0.475138
47799,0.475138
47800,0.475138
47801,0.475138
47802,0.475138
47803,0.475138
47804,0.475138
47805,0.475138
47806,0.475138
47807,0.475138
47808,0.475138
47809,0.475138
47810,0.475138
47811,0.475138
47812,0.475138
47813,0.475138
47814,0.475138
47815,0.475138
47816,0.475138
47817,0.475138
47818,0.475138
47819,0.475138
47820,0.475138
47821,0.475138
47822,0.475138
47823,0.475138
47824,0.475138
47825,0.475138
47826,0.475138
47827,0.475138
47828,0.475138
47829,0.475138
47830,0.475138
47831,0.475138
47832,0.475138
47833,0.475138
47834,0.475138
47835,0.475138
47836,0.475138
47837,0.475138
47838,0.475138
47839,0.475138
47840,0.475138
47841,0.475138
47842,0.475138
47843,0.475138
47844,0.475138
47845,0.475138
47846,0.475138
47847,0.475138
47848,0.475138
47849,0.475138
47850,0.475138
47851,0.475138
47852,0.475138
47853,0.475138
47854,0.475138
47855,0.475138
47856,0.475138
47857,0.475138
47858,0.475138
47859,0.475138
47860,0.475138
47861,0.475138
47862,0.475138
47863,0.475138
47864,0.475138
47865,0.475138
47866,0.475138
47867,0.475138
47868,0.475138
47869,0.475138
47870,0.475138
47871,0.475138
47872,0.475138
47873,0.475138
47874,0.475138
47875,0.475138
47876,0.475138
47877,0.475138
47878,0.475138
47879,0.475138
47880,0.475138
47881,0.475138
47882,0.475138
47883,0.475138
47884,0.475138
47885,0.475138
47886,0.475138
47887,0.475138
47888,0.475138
47889,0.475138
47890,0.475138
47891,0.475138
47892,0.475138
47893,0.475138
47894,0.475138
47895,0.475138
47896,0.475138
47897,0.475138
47898,0.475138
47899,0.475138
47900,0.475138
47901,0.475138
47902,0.475138
47903,0.475138
47904,0.475138
47905,0.475138
47906,0.475138
47907,0.475138
47908,0.475138
47909,0.475138
47910,0.475138
47911,0.475138
47912,0.475138
47913,0.475138
47914,0.475138
47915,0.475138
47916,0.475138
47917,0.475138
47918,0.475138
47919,0.475138
47920,0.475138
47921,0.475138
47922,0.475138
47923,0.475138
47924,0.475138
47925,0.475138
47926,0.475138
47927,0.475138
47928,0.475138
47929,0.475138
47930,0.475138
47931,0.475138
47932,0.475138
47933,0.475138
47934,0.475138
47935,0.475138
47936,0.475138
47937,0.475138
47938,0.475138
47939,0.475138
47940,0.475138
47941,0.475138
47942,0.475138
47943,0.475138
47944,0.475138
47945,0.475138
47946,0.475138
47947,0.475138
47948,0.475138
47949,0.475138
47950,0.475138
47951,0.475138
47952,0.475138
47953,0.475138
47954,0.475138
47955,0.475138
47956,0.475138
47957,0.475138
47958,0.475138
47959,0.475138
47960,0.475138
47961,0.475138
47962,0.475138
47963,0.475138
47964,0.475138
47965,0.475138
47966,0.475138
47967,0.475138
47968,0.475138
47969,0.475138
47970,0.475138
47971,0.475138
47972,0.475138
47973,0.475138
47974,0.475138
47975,0.475138
47976,0.475138
47977,0.475138
47978,0.475138
47979,0.475138
47980,0.475138
47981,0.475138
47982,0.475138
47983,0.475138
47984,0.475138
47985,0.475138
47986,0.475138
47987,0.475138
47988,0.475138
47989,0.475138
47990,0.475138
47991,0.475138
47992,0.475138
47993,0.475138
47994,0.475138
47995,0.475138
47996,0.475138
47997,0.475138
47998,0.475138
47999,0.475138
48000,0.475138
48001,0.475138
48002,0.475138
48003,0.475138
48004,0.475138
48005,0.475138
48006,0.475138
48007,0.475138
48008,0.475138
48009,0.475138
48010,0.475138
48011,0.475138
48012,0.475138
48013,0.475138
48014,0.475138
48015,0.475138
48016,0.475138
48017,0.475138
48018,0.475138
48019,0.475138
48020,0.475138
48021,0.475138
48022,0.475138
48023,0.475138
48024,0.475138
48025,0.475138
48026,0.475138
48027,0.475138
48028,0.475138
48029,0.475138
48030,0.475138
48031,0.475138
48032,0.475138
48033,0.475138
48034,0.475138
48035,0.475138
48036,0.475138
48037,0.475138
48038,0.475138
48039,0.475138
48040,0.475138
48041,0.475138
48042,0.475138
48043,0.475138
48044,0.475138
48045,0.475138
48046,0.475138
48047,0.475138
48048,0.475138
48049,0.475138
48050,0.475138
48051,0.475138
48052,0.475138
48053,0.475138
48054,0.475138
48055,0.475138
48056,0.475138
48057,0.475138
48058,0.475138
48059,0.475138
48060,0.475138
48061,0.475138
48062,0.475138
48063,0.475138
48064,0.475138
48065,0.475138
48066,0.475138
48067,0.475138
48068,0.475138
48069,0.475138
48070,0.475138
48071,0.475138
48072,0.475138
48073,0.475138
48074,0.475138
48075,0.475138
48076,0.475138
48077,0.475138
48078,0.475138
48079,0.475138
48080,0.475138
48081,0.475138
48082,0.475138
48083,0.475138
48084,0.475138
48085,0.475138
48086,0.475138
48087,0.475138
48088,0.475138
48089,0.475138
48090,0.475138
48091,0.475138
48092,0.475138
48093,0.475138
48094,0.475138
48095,0.475138
48096,0.475138
48097,0.475138
48098,0.475138
48099,0.475138
48100,0.475138
48101,0.475138
48102,0.475138
48103,0.475138
48104,0.475138
48105,0.475138
48106,0.475138
48107,0.475138
48108,0.475138
48109,0.475138
48110,0.475138
48111,0.475138
48112,0.475138
48113,0.475138
48114,0.475138
48115,0.475138
48116,0.475138
48117,0.475138
48118,0.475138
48119,0.475138
48120,0.475138
48121,0.475138
48122,0.475138
48123,0.475138
48124,0.475138
48125,0.475138
48126,0.475138
48127,0.475138
48128,0.475138
48129,0.475138
48130,0.475138
48131,0.475138
48132,0.475138
48133,0.475138
48134,0.475138
48135,0.475138
48136,0.475138
48137,0.475138
48138,0.475138
48139,0.475138
48140,0.475138
48141,0.475138
48142,0.475138
48143,0.475138
48144,0.475138
48145,0.475138
48146,0.475138
48147,0.475138
48148,0.475138
48149,0.475138
48150,0.475138
48151,0.475138
48152,0.475138
48153,0.475138
48154,0.475138
48155,0.475138
48156,0.475138
48157,0.475138
48158,0.475138
48159,0.475138
48160,0.475138
48161,0.475138
48162,0.475138
48163,0.475138
48164,0.475138
48165,0.475138
48166,0.475138
48167,0.475138
48168,0.475138
48169,0.475138
48170,0.475138
48171,0.475138
48172,0.475138
48173,0.475138
48174,0.475138
48175,0.475138
48176,0.475138
48177,0.475138
48178,0.475138
48179,0.475138
48180,0.475138
48181,0.475138
48182,0.475138
48183,0.475138
48184,0.475138
48185,0.475138
48186,0.475138
48187,0.475138
48188,0.475138
48189,0.475138
48190,0.475138
48191,0.475138
48192,0.475138
48193,0.475138
48194,0.475138
48195,0.475138
48196,0.475138
48197,0.475138
48198,0.475138
48199,0.475138
48200,0.475138
48201,0.475138
48202,0.475138
48203,0.475138
48204,0.475138
48205,0.475138
48206,0.475138
48207,0.475138
48208,0.475138
48209,0.475138
48210,0.475138
48211,0.475138
48212,0.475138
48213,0.475138
48214,0.475138
48215,0.475138
48216,0.475138
48217,0.475138
48218,0.444444
48219,0.475138
48220,0.475138
48221,0.475138
48222,0.475138
48223,0.475138
48224,0.475138
48225,0.475138
48226,0.475138
48227,0.475138
48228,0.475138
48229,0.475138
48230,0.475138
48231,0.475138
48232,0.475138
48233,0.475138
48234,0.475138
48235,0.475138
48236,0.475138
48237,0.475138
48238,0.475138
48239,0.475138
48240,0.475138
48241,0.475138
48242,0.475138
48243,0.475138
48244,0.475138
48245,0.475138
48246,0.475138
48247,0.475138
48248,0.475138
48249,0.475138
48250,0.475138
48251,0.475138
48252,0.475138
48253,0.475138
48254,0.475138
48255,0.475138
48256,0.475138
48257,0.475138
48258,0.475138
48259,0.475138
48260,0.475138
48261,0.475138
48262,0.475138
48263,0.475138
48264,0.475138
48265,0.475138
48266,0.475138
48267,0.475138
48268,0.475138
48269,0.475138
48270,0.475138
48271,0.475138
48272,0.475138
48273,0.475138
48274,0.475138
48275,0.475138
48276,0.475138
48277,0.475138
48278,0.475138
48279,0.475138
48280,0.475138
48281,0.475138
48282,0.475138
48283,0.475138
48284,0.475138
48285,0.475138
48286,0.475138
48287,0.475138
48288,0.475138
48289,0.475138
48290,0.475138
48291,0.475138
48292,0.475138
48293,0.475138
48294,0.475138
48295,0.475138
48296,0.475138
48297,0.475138
48298,0.475138
48299,0.475138
48300,0.475138
48301,0.475138
48302,0.475138
48303,0.475138
48304,0.475138
48305,0.475138
48306,0.475138
48307,0.475138
48308,0.475138
48309,0.475138
48310,0.475138
48311,0.475138
48312,0.475138
48313,0.475138
48314,0.475138
48315,0.475138
48316,0.475138
48317,0.475138
48318,0.475138
48319,0.475138
48320,0.475138
48321,0.475138
48322,0.475138
48323,0.475138
48324,0.475138
48325,0.475138
48326,0.475138
48327,0.475138
48328,0.475138
48329,0.475138
48330,0.475138
48331,0.475138
48332,0.475138
48333,0.475138
48334,0.475138
48335,0.475138
48336,0.475138
48337,0.475138
48338,0.475138
48339,0.475138
48340,0.475138
48341,0.475138
48342,0.475138
48343,0.475138
48344,0.475138
48345,0.475138
48346,0.475138
48347,0.475138
48348,0.475138
48349,0.475138
48350,0.475138
48351,0.475138
48352,0.475138
48353,0.475138
48354,0.475138
48355,0.475138
48356,0.475138
48357,0.475138
48358,0.475138
48359,0.475138
48360,0.475138
48361,0.475138
48362,0.475138
48363,0.475138
48364,0.475138
48365,0.475138
48366,0.475138
48367,0.475138
48368,0.475138
48369,0.475138
48370,0.475138
48371,0.475138
48372,0.475138
48373,0.475138
48374,0.475138
48375,0.475138
48376,0.475138
48377,0.475138
48378,0.475138
48379,0.475138
48380,0.475138
48381,0.475138
48382,0.475138
48383,0.475138
48384,0.475138
48385,0.475138
48386,0.475138
48387,0.475138
48388,0.475138
48389,0.475138
48390,0.475138
48391,0.475138
48392,0.475138
48393,0.475138
48394,0.475138
48395,0.475138
48396,0.475138
48397,0.475138
48398,0.475138
48399,0.475138
48400,0.475138
48401,0.475138
48402,0.475138
48403,0.475138
48404,0.475138
48405,0.475138
48406,0.475138
48407,0.475138
48408,0.475138
48409,0.475138
48410,0.475138
48411,0.475138
48412,0.475138
48413,0.475138
48414,0.475138
48415,0.475138
48416,0.475138
48417,0.475138
48418,0.475138
48419,0.475138
48420,0.475138
48421,0.475138
48422,0.475138
48423,0.475138
48424,0.475138
48425,0.475138
48426,0.475138
48427,0.475138
48428,0.475138
48429,0.475138
48430,0.475138
48431,0.475138
48432,0.475138
48433,0.475138
48434,0.475138
48435,0.475138
48436,0.475138
48437,0.475138
48438,0.475138
48439,0.475138
48440,0.475138
48441,0.475138
48442,0.475138
48443,0.475138
48444,0.475138
48445,0.475138
48446,0.475138
48447,0.475138
48448,0.475138
48449,0.475138
48450,0.475138
48451,0.475138
48452,0.475138
48453,0.475138
48454,0.475138
48455,0.475138
48456,0.475138
48457,0.475138
48458,0.475138
48459,0.475138
48460,0.475138
48461,0.475138
48462,0.475138
48463,0.475138
48464,0.475138
48465,0.475138
48466,0.475138
48467,0.475138
48468,0.475138
48469,0.475138
48470,0.475138
48471,0.475138
48472,0.475138
48473,0.475138
48474,0.475138
48475,0.475138
48476,0.475138
48477,0.475138
48478,0.475138
48479,0.475138
48480,0.475138
48481,0.475138
48482,0.475138
48483,0.475138
48484,0.475138
48485,0.475138
48486,0.475138
48487,0.475138
48488,0.475138
48489,0.475138
48490,0.475138
48491,0.475138
48492,0.475138
48493,0.475138
48494,0.475138
48495,0.475138
48496,0.475138
48497,0.475138
48498,0.475138
48499,0.475138
48500,0.475138
48501,0.475138
48502,0.475138
48503,0.475138
48504,0.475083
48505,0.475083
48506,0.475083
48507,0.475138
48508,0.475138
48509,0.475138
48510,0.475138
48511,0.475138
48512,0.475138
48513,0.475138
48514,0.475138
48515,0.475138
48516,0.475138
48517,0.475138
48518,0.475138
48519,0.475138
48520,0.475138
48521,0.475138
48522,0.475138
48523,0.475138
48524,0.475138
48525,0.475138
48526,0.475138
48527,0.475138
48528,0.475138
48529,0.475138
48530,0.475138
48531,0.475138
48532,0.475138
48533,0.475138
48534,0.475138
48535,0.475138
48536,0.475138
48537,0.475138
48538,0.475138
48539,0.475138
48540,0.475138
48541,0.475138
48542,0.475138
48543,0.475138
48544,0.475138
48545,0.475138
48546,0.475138
48547,0.475138
48548,0.475138
48549,0.475138
48550,0.475138
48551,0.475138
48552,0.475138
48553,0.475138
48554,0.475138
48555,0.475138
48556,0.475138
48557,0.475138
48558,0.475138
48559,0.475138
48560,0.475138
48561,0.475138
48562,0.475138
48563,0.475138
48564,0.475138
48565,0.475138
48566,0.475138
48567,0.475138
48568,0.475138
48569,0.475138
48570,0.475138
48571,0.456971
48572,0.456971
48573,0.456971
48574,0.456971
48575,0.456971
48576,0.456971
48577,0.475138
48578,0.475138
48579,0.475138
48580,0.475138
48581,0.462636
48582,0.462636
48583,0.462636
48584,0.462636
48585,0.462636
48586,0.475138
48587,0.475138
48588,0.475138
48589,0.475138
48590,0.475138
48591,0.475138
48592,0.475138
48593,0.475138
48594,0.475138
48595,0.475138
48596,0.475138
48597,0.475138
48598,0.475138
48599,0.475138
48600,0.475138
48601,0.475138
48602,0.475138
48603,0.475138
48604,0.475138
48605,0.475138
48606,0.475138
48607,0.475138
48608,0.475138
48609,0.475138
48610,0.475138
48611,0.475138
48612,0.475138
48613,0.475138
48614,0.475138
48615,0.475138
48616,0.475138
48617,0.475138
48618,0.475138
48619,0.475138
48620,0.475138
48621,0.475138
48622,0.475138
48623,0.475138
48624,0.475138
48625,0.475138
48626,0.475138
48627,0.475138
48628,0.475138
48629,0.475138
48630,0.475138
48631,0.475138
48632,0.475138
48633,0.475138
48634,0.475138
48635,0.475138
48636,0.475138
48637,0.462636
48638,0.462636
48639,0.462636
48640,0.462636
48641,0.462636
48642,0.475138
48643,0.475138
48644,0.475138
48645,0.475138
48646,0.475138
48647,0.475138
48648,0.475138
48649,0.475138
48650,0.475138
48651,0.475138
48652,0.475138
48653,0.475138
48654,0.475138
48655,0.475138
48656,0.475138
48657,0.475138
48658,0.475138
48659,0.475138
48660,0.475138
48661,0.475138
48662,0.475138
48663,0.475138
48664,0.476880
48665,0.456382
48666,0.456382
48667,0.456382
48668,0.456382
48669,0.456382
48670,0.456382
48671,0.456382
48672,0.456382
48673,0.476880
48674,0.476880
48675,0.475138
48676,0.475138
48677,0.475138
48678,0.475138
48679,0.475138
48680,0.475138
48681,0.475138
48682,0.475138
48683,0.475138
48684,0.475138
48685,0.475138
48686,0.475138
48687,0.475138
48688,0.475138
48689,0.475138
48690,0.475138
48691,0.475138
48692,0.475138
48693,0.475138
48694,0.475138
48695,0.475138
48696,0.475138
48697,0.475138
48698,0.475138
48699,0.475138
48700,0.475138
48701,0.475138
48702,0.475138
48703,0.475138
48704,0.475138
48705,0.475138
48706,0.475138
48707,0.475138
48708,0.475138
48709,0.475138
48710,0.475138
48711,0.475138
48712,0.475138
48713,0.475138
48714,0.475138
48715,0.475138
48716,0.475138
48717,0.475138
48718,0.475138
48719,0.475138
48720,0.475138
48721,0.476880
48722,0.476880
48723,0.476880
48724,0.476880
48725,0.476880
48726,0.476880
48727,0.475138
48728,0.475138
48729,0.475138
48730,0.475138
48731,0.475138
48732,0.475138
48733,0.475138
48734,0.475138
48735,0.475138
48736,0.475138
48737,0.475138
48738,0.475138
48739,0.475138
48740,0.475138
48741,0.475138
48742,0.475138
48743,0.475138
48744,0.475138
48745,0.475138
48746,0.475138
48747,0.475138
48748,0.475138
48749,0.475138
48750,0.475138
48751,0.475138
48752,0.475138
48753,0.475138
48754,0.475138
48755,0.475138
48756,0.475138
48757,0.475138
48758,0.475138
48759,0.475138
48760,0.475138
48761,0.439227
48762,0.439227
48763,0.439227
48764,0.439227
48765,0.439227
48766,0.448187
48767,0.475138
48768,0.475138
48769,0.475138
48770,0.475138
48771,0.475138
48772,0.475138
48773,0.475138
48774,0.475138
48775,0.475138
48776,0.475138
48777,0.475138
48778,0.475138
48779,0.475138
48780,0.475138
48781,0.475138
48782,0.475138
48783,0.475138
48784,0.475138
48785,0.475138
48786,0.475138
48787,0.475138
48788,0.475138
48789,0.475138
48790,0.475138
48791,0.475138
48792,0.475138
48793,0.475138
48794,0.475138
48795,0.475138
48796,0.475138
48797,0.475138
48798,0.475138
48799,0.475138
48800,0.475138
48801,0.475138
48802,0.475138
48803,0.475138
48804,0.475138
48805,0.475138
48806,0.475138
48807,0.475138
48808,0.475138
48809,0.475138
48810,0.475138
48811,0.475138
48812,0.475138
48813,0.475138
48814,0.475138
48815,0.475138
48816,0.475138
48817,0.475138
48818,0.475138
48819,0.475138
48820,0.475138
48821,0.475138
48822,0.475138
48823,0.475138
48824,0.475138
48825,0.475138
48826,0.475138
48827,0.475138
48828,0.475138
48829,0.475138
48830,0.475138
48831,0.475138
48832,0.475138
48833,0.475138
48834,0.475138
48835,0.475138
48836,0.475138
48837,0.475138
48838,0.475138
48839,0.475138
48840,0.475138
48841,0.475138
48842,0.475138
48843,0.475138
48844,0.475138
48845,0.475138
48846,0.475138
48847,0.475138
48848,0.475138
48849,0.475138
48850,0.475138
48851,0.475138
48852,0.475138
48853,0.475138
48854,0.475138
48855,0.475138
48856,0.475138
48857,0.475138
48858,0.475138
48859,0.475138
48860,0.475138
48861,0.475138
48862,0.475138
48863,0.475138
48864,0.475138
48865,0.475138
48866,0.475138
48867,0.475138
48868,0.475138
48869,0.475138
48870,0.475138
48871,0.475138
48872,0.475138
48873,0.475138
48874,0.475138
48875,0.475138
48876,0.475138
48877,0.475138
48878,0.475138
48879,0.475138
48880,0.475138
48881,0.475138
48882,0.475138
48883,0.475138
48884,0.475138
48885,0.475138
48886,0.475138
48887,0.475138
48888,0.475138
48889,0.475138
48890,0.475138
48891,0.475138
48892,0.475138
48893,0.475138
48894,0.475138
48895,0.475138
48896,0.475138
48897,0.475138
48898,0.475138
48899,0.475138
48900,0.475138
48901,0.475138
48902,0.475138
48903,0.475138
48904,0.475138
48905,0.475138
48906,0.475138
48907,0.475138
48908,0.475138
48909,0.475138
48910,0.475138
48911,0.475138
48912,0.475138
48913,0.475138
48914,0.475138
48915,0.475138
48916,0.475138
48917,0.475138
48918,0.475138
48919,0.475138
48920,0.475138
48921,0.475138
48922,0.475138
48923,0.475138
48924,0.475138
48925,0.475138
48926,0.475138
48927,0.475138
48928,0.475138
48929,0.475138
48930,0.475138
48931,0.475138
48932,0.475138
48933,0.475138
48934,0.475138
48935,0.475138
48936,0.475138
48937,0.475138
48938,0.475138
48939,0.475138
48940,0.475138
48941,0.475138
48942,0.475138
48943,0.475138
48944,0.475138
48945,0.475138
48946,0.475138
48947,0.475138
48948,0.475138
48949,0.475138
48950,0.475138
48951,0.475138
48952,0.475138
48953,0.475138
48954,0.475138
48955,0.475138
48956,0.475138
48957,0.475138
48958,0.475138
48959,0.475138
48960,0.475138
48961,0.475138
48962,0.475138
48963,0.475138
48964,0.475138
48965,0.475138
48966,0.475138
48967,0.475138
48968,0.475138
48969,0.475138
48970,0.475138
48971,0.475138
48972,0.475138
48973,0.475138
48974,0.475138
48975,0.475138
48976,0.475138
48977,0.475138
48978,0.475138
48979,0.475138
48980,0.475138
48981,0.475138
48982,0.475138
48983,0.475138
48984,0.475138
48985,0.475138
48986,0.475138
48987,0.475138
48988,0.475138
48989,0.475138
48990,0.475138
48991,0.475138
48992,0.475138
48993,0.475138
48994,0.475138
48995,0.475138
48996,0.475138
48997,0.475138
48998,0.475138
48999,0.475138
49000,0.475138
49001,0.475138
49002,0.475138
49003,0.475138
49004,0.475138
49005,0.475138
49006,0.475138
49007,0.475138
49008,0.475138
49009,0.475138
49010,0.475138
49011,0.475138
49012,0.475138
49013,0.475138
49014,0.475138
49015,0.475138
49016,0.475138
49017,0.475138
49018,0.475138
49019,0.475138
49020,0.475138
49021,0.475138
49022,0.475138
49023,0.475138
49024,0.475138
49025,0.475138
49026,0.475138
49027,0.475138
49028,0.475138
49029,0.475138
49030,0.475138
49031,0.475138
49032,0.475138
49033,0.475138
49034,0.475138
49035,0.475138
49036,0.475138
49037,0.475138
49038,0.475138
49039,0.475138
49040,0.475138
49041,0.475138
49042,0.475138
49043,0.475138
49044,0.475138
49045,0.475138
49046,0.475138
49047,0.475138
49048,0.475138
49049,0.475138
49050,0.475138
49051,0.475138
49052,0.475138
49053,0.475138
49054,0.475138
49055,0.475138
49056,0.475138
49057,0.475138
49058,0.475138
49059,0.475138
49060,0.475138
49061,0.475138
49062,0.475138
49063,0.475138
49064,0.475138
49065,0.475138
49066,0.475138
49067,0.475138
49068,0.475138
49069,0.475138
49070,0.475138
49071,0.475138
49072,0.475138
49073,0.475138
49074,0.475138
49075,0.475138
49076,0.475138
49077,0.475138
49078,0.475138
49079,0.475138
49080,0.475138
49081,0.475138
49082,0.475138
49083,0.475138
49084,0.475138
49085,0.475138
49086,0.475138
49087,0.475138
49088,0.475138
49089,0.475138
49090,0.475138
49091,0.475138
49092,0.475138
49093,0.475138
49094,0.475138
49095,0.475138
49096,0.475138
49097,0.475138
49098,0.475138
49099,0.475138
49100,0.475138
49101,0.475138
49102,0.475138
49103,0.475138
49104,0.475138
49105,0.475138
49106,0.475138
49107,0.475138
49108,0.475138
49109,0.475138
49110,0.475138
49111,0.475138
49112,0.475138
49113,0.475138
49114,0.475138
49115,0.475138
49116,0.475138
49117,0.475138
49118,0.475138
49119,0.475138
49120,0.475138
49121,0.475138
49122,0.475138
49123,0.475138
49124,0.475138
49125,0.475138
49126,0.475138
49127,0.475138
49128,0.475138
49129,0.475138
49130,0.475138
49131,0.475138
49132,0.475138
49133,0.475138
49134,0.475138
49135,0.475138
49136,0.475138
49137,0.475138
49138,0.475138
49139,0.475138
49140,0.475138
49141,0.475138
49142,0.475138
49143,0.475138
49144,0.475138
49145,0.475138
49146,0.475138
49147,0.475138
49148,0.475138
49149,0.475138
49150,0.475138
49151,0.475138
49152,0.475138
49153,0.475138
49154,0.475138
49155,0.475138
49156,0.475138
49157,0.475138
49158,0.475138
49159,0.475138
49160,0.475138
49161,0.475138
49162,0.475138
49163,0.475138
49164,0.475138
49165,0.475138
49166,0.475138
49167,0.475138
49168,0.475138
49169,0.475138
49170,0.475138
49171,0.475138
49172,0.475138
49173,0.475138
49174,0.475138
49175,0.475138
49176,0.475138
49177,0.475138
49178,0.475138
49179,0.475138
49180,0.475138
49181,0.475138
49182,0.475138
49183,0.475138
49184,0.475138
49185,0.475138
49186,0.475138
49187,0.475138
49188,0.475138
49189,0.475138
49190,0.475138
49191,0.475138
49192,0.475138
49193,0.475138
49194,0.475138
49195,0.475138
49196,0.475138
49197,0.475138
49198,0.475138
49199,0.475138
49200,0.475138
49201,0.475138
49202,0.475138
49203,0.475138
49204,0.475138
49205,0.475138
49206,0.475138
49207,0.475138
49208,0.475138
49209,0.475138
49210,0.475138
49211,0.475138
49212,0.475138
49213,0.475138
49214,0.475138
49215,0.475138
49216,0.475138
49217,0.475138
49218,0.475138
49219,0.475138
49220,0.475138
49221,0.475138
49222,0.475138
49223,0.475138
49224,0.475138
49225,0.475138
49226,0.475138
49227,0.475138
49228,0.475138
49229,0.475138
49230,0.475138
49231,0.475138
49232,0.475138
49233,0.475138
49234,0.475138
49235,0.475138
49236,0.475138
49237,0.475138
49238,0.475138
49239,0.475138
49240,0.475138
49241,0.475138
49242,0.475138
49243,0.475138
49244,0.475138
49245,0.475138
49246,0.475138
49247,0.475138
49248,0.475138
49249,0.475138
49250,0.475138
49251,0.475138
49252,0.475138
49253,0.475138
49254,0.475138
49255,0.475138
49256,0.475138
49257,0.475138
49258,0.475138
49259,0.475138
49260,0.475138
49261,0.475138
49262,0.475138
49263,0.475138
49264,0.475138
49265,0.475138
49266,0.475138
49267,0.475138
49268,0.475138
49269,0.475138
49270,0.475138
49271,0.475138
49272,0.475138
49273,0.475138
49274,0.475138
49275,0.475138
49276,0.475138
49277,0.475138
49278,0.475138
49279,0.475138
49280,0.475138
49281,0.475138
49282,0.475138
49283,0.475138
49284,0.475138
49285,0.475138
49286,0.475138
49287,0.475138
49288,0.475138
49289,0.475138
49290,0.475138
49291,0.475138
49292,0.475138
49293,0.475138
49294,0.475138
49295,0.475138
49296,0.475138
49297,0.475138
49298,0.475138
49299,0.475138
49300,0.475138
49301,0.475138
49302,0.475138
49303,0.475138
49304,0.475138
49305,0.475138
49306,0.475138
49307,0.475138
49308,0.475138
49309,0.475138
49310,0.475138
49311,0.475138
49312,0.475138
49313,0.475138
49314,0.475138
49315,0.475138
49316,0.475138
49317,0.475138
49318,0.475138
49319,0.475138
49320,0.475138
49321,0.475138
49322,0.475138
49323,0.475138
49324,0.475138
49325,0.475138
49326,0.475138
49327,0.475138
49328,0.475138
49329,0.475138
49330,0.475138
49331,0.475138
49332,0.475138
49333,0.475138
49334,0.475138
49335,0.475138
49336,0.475138
49337,0.475138
49338,0.475138
49339,0.475138
49340,0.475138
49341,0.475138
49342,0.475138
49343,0.475138
49344,0.475138
49345,0.475138
49346,0.475138
49347,0.475138
49348,0.475138
49349,0.475138
49350,0.475138
49351,0.475138
49352,0.475138
49353,0.475138
49354,0.475138
49355,0.475138
49356,0.475138
49357,0.475138
49358,0.475138
49359,0.475138
49360,0.475138
49361,0.475138
49362,0.475138
49363,0.475138
49364,0.475138
49365,0.475138
49366,0.475138
49367,0.475138
49368,0.475138
49369,0.475138
49370,0.475138
49371,0.475138
49372,0.475138
49373,0.475138
49374,0.475138
49375,0.475138
49376,0.475138
49377,0.475138
49378,0.475138
49379,0.475138
49380,0.475138
49381,0.475138
49382,0.475138
49383,0.475138
49384,0.475138
49385,0.475138
49386,0.475138
49387,0.475138
49388,0.475138
49389,0.475138
49390,0.475138
49391,0.475138
49392,0.475138
49393,0.475138
49394,0.475138
49395,0.475138
49396,0.475138
49397,0.475138
49398,0.475138
49399,0.475138
49400,0.475138
49401,0.475138
49402,0.475138
49403,0.475138
49404,0.475138
49405,0.475138
49406,0.475138
49407,0.475138
49408,0.475138
49409,0.475138
49410,0.475138
49411,0.475138
49412,0.475138
49413,0.475138
49414,0.475138
49415,0.475138
49416,0.475138
49417,0.475138
49418,0.475138
49419,0.475138
49420,0.475138
49421,0.475138
49422,0.475138
49423,0.475138
49424,0.475138
49425,0.475138
49426,0.475138
49427,0.475138
49428,0.475138
49429,0.475138
49430,0.475138
49431,0.475138
49432,0.475138
49433,0.475138
49434,0.475138
49435,0.475138
49436,0.475138
49437,0.475138
49438,0.475138
49439,0.475138
49440,0.475138
49441,0.475138
49442,0.475138
49443,0.475138
49444,0.475138
49445,0.475138
49446,0.475138
49447,0.475138
49448,0.475138
49449,0.475138
49450,0.475138
49451,0.475138
49452,0.475138
49453,0.475138
49454,0.475138
49455,0.475138
49456,0.475138
49457,0.475138
49458,0.475138
49459,0.475138
49460,0.475138
49461,0.475138
49462,0.475138
49463,0.475138
49464,0.475138
49465,0.475138
49466,0.475138
49467,0.475138
49468,0.475138
49469,0.475138
49470,0.475138
49471,0.475138
49472,0.475138
49473,0.475138
49474,0.475138
49475,0.475138
49476,0.475138
49477,0.475138
49478,0.475138
49479,0.475138
49480,0.475138
49481,0.475138
49482,0.475138
49483,0.475138
49484,0.475138
49485,0.475138
49486,0.475138
49487,0.475138
49488,0.475138
49489,0.475138
49490,0.475138
49491,0.475138
49492,0.475138
49493,0.475138
49494,0.475138
49495,0.475138
49496,0.475138
49497,0.475138
49498,0.475138
49499,0.475138
49500,0.475138
49501,0.475138
49502,0.475138
49503,0.475138
49504,0.475138
49505,0.475138
49506,0.475138
49507,0.475138
49508,0.475138
49509,0.475138
49510,0.475138
49511,0.475138
49512,0.475138
49513,0.475138
49514,0.475138
49515,0.475138
49516,0.475138
49517,0.475138
49518,0.475138
49519,0.475138
49520,0.475138
49521,0.475138
49522,0.475138
49523,0.475138
49524,0.475138
49525,0.475138
49526,0.475138
49527,0.475138
49528,0.475138
49529,0.475138
49530,0.475138
49531,0.475138
49532,0.475138
49533,0.475138
49534,0.475138
49535,0.475138
49536,0.475138
49537,0.475138
49538,0.475138
49539,0.475138
49540,0.475138
49541,0.475138
49542,0.475138
49543,0.475138
49544,0.475138
49545,0.475138
49546,0.475138
49547,0.475138
49548,0.475138
49549,0.475138
49550,0.475138
49551,0.475138
49552,0.475138
49553,0.475138
49554,0.475138
49555,0.475138
49556,0.475138
49557,0.475138
49558,0.475138
49559,0.475138
49560,0.475138
49561,0.475138
49562,0.475138
49563,0.475138
49564,0.475138
49565,0.475138
49566,0.475138
49567,0.475138
49568,0.475138
49569,0.475138
49570,0.475138
49571,0.475138
49572,0.475138
49573,0.475138
49574,0.475138
49575,0.475138
49576,0.475138
49577,0.475138
49578,0.475138
49579,0.475138
49580,0.475138
49581,0.475138
49582,0.475138
49583,0.475138
49584,0.475138
49585,0.475138
49586,0.475138
49587,0.475138
49588,0.475138
49589,0.475138
49590,0.475138
49591,0.475138
49592,0.475138
49593,0.475138
49594,0.475138
49595,0.475138
49596,0.475138
49597,0.475138
49598,0.475138
49599,0.475138
49600,0.475138
49601,0.475138
49602,0.475138
49603,0.475138
49604,0.475138
49605,0.475138
49606,0.475138
49607,0.475138
49608,0.475138
49609,0.475138
49610,0.475138
49611,0.475138
49612,0.475138
49613,0.475138
49614,0.475138
49615,0.475138
49616,0.475138
49617,0.475138
49618,0.475138
49619,0.475138
49620,0.475138
49621,0.475138
49622,0.475138
49623,0.475138
49624,0.475138
49625,0.475138
49626,0.475138
49627,0.475138
49628,0.475138
49629,0.475138
49630,0.475138
49631,0.475138
49632,0.475138
49633,0.475138
49634,0.475138
49635,0.475138
49636,0.475138
49637,0.475138
49638,0.475138
49639,0.475138
49640,0.475138
49641,0.475138
49642,0.475138
49643,0.475138
49644,0.475138
49645,0.475138
49646,0.475138
49647,0.475138
49648,0.475138
49649,0.475138
49650,0.475138
49651,0.475138
49652,0.475138
49653,0.475138
49654,0.475138
49655,0.475138
49656,0.475138
49657,0.475138
49658,0.475138
49659,0.475138
49660,0.475138
49661,0.475138
49662,0.475138
49663,0.475138
49664,0.475138
49665,0.475138
49666,0.475138
49667,0.475138
49668,0.475138
49669,0.475138
49670,0.475138
49671,0.475138
49672,0.475138
49673,0.475138
49674,0.475138
49675,0.475138
49676,0.475138
49677,0.475138
49678,0.475138
49679,0.475138
49680,0.475138
49681,0.475138
49682,0.475138
49683,0.475138
49684,0.475138
49685,0.475138
49686,0.475138
49687,0.475138
49688,0.475138
49689,0.475138
49690,0.475138
49691,0.475138
49692,0.475138
49693,0.475138
49694,0.475138
49695,0.475138
49696,0.475138
49697,0.475138
49698,0.475138
49699,0.475138
49700,0.475138
49701,0.475138
49702,0.475138
49703,0.475138
49704,0.475138
49705,0.475138
49706,0.475138
49707,0.475138
49708,0.475138
49709,0.475138
49710,0.475138
49711,0.475138
49712,0.475138
49713,0.475138
49714,0.475138
49715,0.475138
49716,0.475138
49717,0.475138
49718,0.475138
49719,0.475138
49720,0.475138
49721,0.475138
49722,0.475138
49723,0.475138
49724,0.475138
49725,0.475138
49726,0.475138
49727,0.475138
49728,0.475138
49729,0.475138
49730,0.475138
49731,0.475138
49732,0.475138
49733,0.475138
49734,0.475138
49735,0.475138
49736,0.475138
49737,0.475138
49738,0.475138
49739,0.475138
49740,0.475138
49741,0.475138
49742,0.475138
49743,0.475138
49744,0.475138
49745,0.475138
49746,0.475138
49747,0.475138
49748,0.475138
49749,0.475138
49750,0.475138
49751,0.475138
49752,0.475138
49753,0.475138
49754,0.475138
49755,0.475138
49756,0.475138
49757,0.475138
49758,0.475138
49759,0.475138
49760,0.475138
49761,0.475138
49762,0.475138
49763,0.475138
49764,0.475138
49765,0.475138
49766,0.475138
49767,0.475138
49768,0.475138
49769,0.475138
49770,0.475138
49771,0.475138
49772,0.475138
49773,0.475138
49774,0.475138
49775,0.475138
49776,0.475138
49777,0.475138
49778,0.475138
49779,0.475138
49780,0.475138
49781,0.475138
49782,0.475138
49783,0.475138
49784,0.475138
49785,0.475138
49786,0.475138
49787,0.475138
49788,0.475138
49789,0.475138
49790,0.475138
49791,0.475138
49792,0.475138
49793,0.475138
49794,0.475138
49795,0.475138
49796,0.475138
49797,0.475138
49798,0.475138
49799,0.475138
49800,0.475138
49801,0.475138
49802,0.475138
49803,0.475138
49804,0.475138
49805,0.475138
49806,0.475138
49807,0.475138
49808,0.475138
49809,0.475138
49810,0.475138
49811,0.475138
49812,0.475138
49813,0.475138
49814,0.475138
49815,0.475138
49816,0.475138
49817,0.475138
49818,0.475138
49819,0.475138
49820,0.475138
49821,0.475138
49822,0.475138
49823,0.475138
49824,0.475138
49825,0.475138
49826,0.475138
49827,0.475138
49828,0.475138
49829,0.475138
49830,0.475138
49831,0.475138
49832,0.475138
49833,0.475138
49834,0.475138
49835,0.475138
49836,0.475138
49837,0.475138
49838,0.475138
49839,0.475138
49840,0.475138
49841,0.475138
49842,0.475138
49843,0.475138
49844,0.475138
49845,0.475138
49846,0.475138
49847,0.475138
49848,0.475138
49849,0.475138
49850,0.475138
49851,0.475138
49852,0.475138
49853,0.475138
49854,0.475138
49855,0.475138
49856,0.475138
49857,0.475138
49858,0.475138
49859,0.475138
49860,0.475138
49861,0.475138
49862,0.475138
49863,0.475138
49864,0.475138
49865,0.475138
49866,0.475138
49867,0.475138
49868,0.475138
49869,0.475138
49870,0.475138
49871,0.475138
49872,0.475138
49873,0.475138
49874,0.475138
49875,0.475138
49876,0.475138
49877,0.475138
49878,0.475138
49879,0.475138
49880,0.475138
49881,0.475138
49882,0.475138
49883,0.475138
49884,0.475138
49885,0.475138
49886,0.475138
49887,0.475138
49888,0.475138
49889,0.475138
49890,0.475138
49891,0.475138
49892,0.475138
49893,0.475138
49894,0.475138
49895,0.475138
49896,0.475138
49897,0.475138
49898,0.475138
49899,0.475138
49900,0.475138
49901,0.475138
49902,0.475138
49903,0.475138
49904,0.475138
49905,0.475138
49906,0.475138
49907,0.475138
49908,0.475138
49909,0.475138
49910,0.475138
49911,0.475138
49912,0.475138
49913,0.475138
49914,0.475138
49915,0.475138
49916,0.475138
49917,0.475138
49918,0.475138
49919,0.475138
49920,0.475138
49921,0.475138
49922,0.475138
49923,0.475138
49924,0.475138
49925,0.475138
49926,0.475138
49927,0.475138
49928,0.475138
49929,0.475138
49930,0.475138
49931,0.475138
49932,0.475138
49933,0.475138
49934,0.475138
49935,0.475138
49936,0.475138
49937,0.475138
49938,0.475138
49939,0.475138
49940,0.475138
49941,0.475138
49942,0.475138
49943,0.475138
49944,0.475138
49945,0.475138
49946,0.475138
49947,0.475138
49948,0.475138
49949,0.475138
49950,0.475138
49951,0.475138
49952,0.475138
49953,0.475138
49954,0.475138
49955,0.475138
49956,0.475138
49957,0.475138
49958,0.475138
49959,0.475138
49960,0.475138
49961,0.475138
49962,0.475138
49963,0.475138
49964,0.475138
49965,0.475138
49966,0.475138
49967,0.475138
49968,0.475138
49969,0.475138
49970,0.475138
49971,0.475138
49972,0.475138
49973,0.475138
49974,0.475138
49975,0.475138
49976,0.475138
49977,0.475138
49978,0.475138
49979,0.475138
49980,0.475138
49981,0.475138
49982,0.475138
49983,0.475138
49984,0.475138
49985,0.475138
49986,0.475138
49987,0.475138
49988,0.475138
49989,0.475138
49990,0.475138
49991,0.475138
49992,0.475138
49993,0.475138
49994,0.475138
49995,0.475138
49996,0.475138
49997,0.475138
49998,0.475138
49999,0.475138
50000,0.475138
50001,0.475138
50002,0.475138
50003,0.475138
50004,0.475138
50005,0.475138
50006,0.475138
50007,0.475138
50008,0.475138
50009,0.475138
50010,0.475138
50011,0.475138
50012,0.475138
50013,0.475138
50014,0.475138
50015,0.475138
50016,0.475138
50017,0.475138
50018,0.475138
50019,0.475138
50020,0.475138
50021,0.475138
50022,0.475138
50023,0.475138
50024,0.475138
50025,0.475138
50026,0.475138
50027,0.475138
50028,0.475138
50029,0.475138
50030,0.475138
50031,0.475138
50032,0.475138
50033,0.475138
50034,0.475138
50035,0.475138
50036,0.475138
50037,0.475138
50038,0.475138
50039,0.475138
50040,0.475138
50041,0.475138
50042,0.475138
50043,0.475138
50044,0.475138
50045,0.475138
50046,0.475138
50047,0.475138
50048,0.475138
50049,0.475138
50050,0.475138
50051,0.475138
50052,0.475138
50053,0.475138
50054,0.475138
50055,0.475138
50056,0.475138
50057,0.475138
50058,0.475138
50059,0.475138
50060,0.475138
50061,0.475138
50062,0.475138
50063,0.475138
50064,0.475138
50065,0.475138
50066,0.475138
50067,0.475138
50068,0.475138
50069,0.475138
50070,0.475138
50071,0.475138
50072,0.475138
50073,0.475138
50074,0.475138
50075,0.475138
50076,0.475138
50077,0.475138
50078,0.475138
50079,0.475138
50080,0.475138
50081,0.475138
50082,0.475138
50083,0.475138
50084,0.475138
50085,0.475138
50086,0.475138
50087,0.475138
50088,0.475138
50089,0.475138
50090,0.475138
50091,0.475138
50092,0.475138
50093,0.475138
50094,0.475138
50095,0.475138
50096,0.475138
50097,0.475138
50098,0.475138
50099,0.475138
50100,0.475138
50101,0.475138
50102,0.475138
50103,0.475138
50104,0.475138
50105,0.475138
50106,0.475138
50107,0.475138
50108,0.475138
50109,0.475138
50110,0.475138
50111,0.475138
50112,0.475138
50113,0.475138
50114,0.475138
50115,0.475138
50116,0.475138
50117,0.475138
50118,0.475138
50119,0.475138
50120,0.475138
50121,0.475138
50122,0.475138
50123,0.475138
50124,0.475138
50125,0.475138
50126,0.475138
50127,0.475138
50128,0.475138
50129,0.475138
50130,0.475138
50131,0.475138
50132,0.475138
50133,0.475138
50134,0.475138
50135,0.475138
50136,0.475138
50137,0.475138
50138,0.475138
50139,0.475138
50140,0.475138
50141,0.475138
50142,0.475138
50143,0.475138
50144,0.475138
50145,0.475138
50146,0.475138
50147,0.475138
50148,0.475138
50149,0.475138
50150,0.475138
50151,0.475138
50152,0.475138
50153,0.475138
50154,0.475138
50155,0.475138
50156,0.475138
50157,0.475138
50158,0.475138
50159,0.475138
50160,0.475138
50161,0.475138
50162,0.475138
50163,0.475138
50164,0.475138
50165,0.475138
50166,0.475138
50167,0.475138
50168,0.475138
50169,0.475138
50170,0.475138
50171,0.475138
50172,0.475138
50173,0.475138
50174,0.475138
50175,0.475138
50176,0.475138
50177,0.475138
50178,0.475138
50179,0.475138
50180,0.475138
50181,0.475138
50182,0.475138
50183,0.475138
50184,0.475138
50185,0.475138
50186,0.475138
50187,0.475138
50188,0.475138
50189,0.475138
50190,0.475138
50191,0.475138
50192,0.475138
50193,0.475138
50194,0.475138
50195,0.475138
50196,0.475138
50197,0.475138
50198,0.475138
50199,0.475138
50200,0.475138
50201,0.475138
50202,0.475138
50203,0.475138
50204,0.475138
50205,0.475138
50206,0.475138
50207,0.475138
50208,0.475138
50209,0.475138
50210,0.475138
50211,0.475138
50212,0.475138
50213,0.475138
50214,0.475138
50215,0.475138
50216,0.475138
50217,0.475138
50218,0.475138
50219,0.475138
50220,0.475138
50221,0.475138
50222,0.475138
50223,0.475138
50224,0.475138
50225,0.475138
50226,0.475138
50227,0.475138
50228,0.475138
50229,0.475138
50230,0.475138
50231,0.475138
50232,0.475138
50233,0.475138
50234,0.475138
50235,0.475138
50236,0.475138
50237,0.475138
50238,0.475138
50239,0.475138
50240,0.475138
50241,0.475138
50242,0.475138
50243,0.475138
50244,0.475138
50245,0.475138
50246,0.475138
50247,0.475138
50248,0.475138
50249,0.475138
50250,0.475138
50251,0.475138
50252,0.475138
50253,0.475138
50254,0.475138
50255,0.475138
50256,0.475138
50257,0.475138
50258,0.475138
50259,0.475138
50260,0.475138
50261,0.475138
50262,0.475138
50263,0.475138
50264,0.475138
50265,0.475138
50266,0.475138
50267,0.475138
50268,0.475138
50269,0.475138
50270,0.475138
50271,0.475138
50272,0.475138
50273,0.475138
50274,0.475138
50275,0.475138
50276,0.475138
50277,0.475138
50278,0.475138
50279,0.475138
50280,0.475138
50281,0.475138
50282,0.475138
50283,0.475138
50284,0.475138
50285,0.475138
50286,0.475138
50287,0.475138
50288,0.475138
50289,0.475138
50290,0.475138
50291,0.475138
50292,0.475138
50293,0.475138
50294,0.475138
50295,0.475138
50296,0.475138
50297,0.475138
50298,0.475138
50299,0.475138
50300,0.475138
50301,0.475138
50302,0.475138
50303,0.475138
50304,0.475138
50305,0.475138
50306,0.475138
50307,0.475138
50308,0.475138
50309,0.475138
50310,0.475138
50311,0.475138
50312,0.475138
50313,0.475138
50314,0.475138
50315,0.475138
50316,0.475138
50317,0.475138
50318,0.475138
50319,0.475138
50320,0.475138
50321,0.475138
50322,0.475138
50323,0.475138
50324,0.475138
50325,0.475138
50326,0.475138
50327,0.475138
50328,0.475138
50329,0.475138
50330,0.475138
50331,0.475138
50332,0.475138
50333,0.475138
50334,0.475138
50335,0.475138
50336,0.475138
50337,0.475138
50338,0.475138
50339,0.475138
50340,0.475138
50341,0.475138
50342,0.475138
50343,0.475138
50344,0.475138
50345,0.475138
50346,0.475138
50347,0.475138
50348,0.475138
50349,0.475138
50350,0.475138
50351,0.475138
50352,0.475138
50353,0.475138
50354,0.475138
50355,0.475138
50356,0.475138
50357,0.475138
50358,0.475138
50359,0.475138
50360,0.475138
50361,0.475138
50362,0.475138
50363,0.475138
50364,0.475138
50365,0.475138
50366,0.475138
50367,0.475138
50368,0.475138
50369,0.475138
50370,0.475138
50371,0.475138
50372,0.475138
50373,0.475138
50374,0.475138
50375,0.475138
50376,0.475138
50377,0.475138
50378,0.475138
50379,0.475138
50380,0.475138
50381,0.475138
50382,0.475138
50383,0.475138
50384,0.475138
50385,0.475138
50386,0.475138
50387,0.475138
50388,0.475138
50389,0.475138
50390,0.475138
50391,0.475138
50392,0.475138
50393,0.475138
50394,0.475138
50395,0.475138
50396,0.475138
50397,0.475138
50398,0.475138
50399,0.475138
50400,0.475138
50401,0.475138
50402,0.475138
50403,0.475138
50404,0.475138
50405,0.475138
50406,0.475138
50407,0.475138
50408,0.475138
50409,0.475138
50410,0.475138
50411,0.475138
50412,0.475138
50413,0.475138
50414,0.475138
50415,0.475138
50416,0.475138
50417,0.475138
50418,0.475138
50419,0.475138
50420,0.475138
50421,0.475138
50422,0.475138
50423,0.475138
50424,0.475138
50425,0.475138
50426,0.475138
50427,0.475138
50428,0.475138
50429,0.475138
50430,0.475138
50431,0.475138
50432,0.475138
50433,0.475138
50434,0.475138
50435,0.475138
50436,0.475138
50437,0.475138
50438,0.475138
50439,0.475138
50440,0.475138
50441,0.475138
50442,0.475138
50443,0.475138
50444,0.475138
50445,0.475138
50446,0.475138
50447,0.475138
50448,0.475138
50449,0.475138
50450,0.475138
50451,0.475138
50452,0.475138
50453,0.475138
50454,0.475138
50455,0.475138
50456,0.475138
50457,0.475138
50458,0.475138
50459,0.475138
50460,0.475138
50461,0.475138
50462,0.475138
50463,0.475138
50464,0.475138
50465,0.475138
50466,0.475138
50467,0.475138
50468,0.475138
50469,0.475138
50470,0.475138
50471,0.475138
50472,0.475138
50473,0.475138
50474,0.475138
50475,0.475138
50476,0.475138
50477,0.475138
50478,0.475138
50479,0.475138
50480,0.475138
50481,0.475138
50482,0.475138
50483,0.475138
50484,0.475138
50485,0.475138
50486,0.475138
50487,0.475138
50488,0.475138
50489,0.475138
50490,0.475138
50491,0.475138
50492,0.475138
50493,0.475138
50494,0.475138
50495,0.475138
50496,0.475138
50497,0.475138
50498,0.475138
50499,0.475138
50500,0.475138
50501,0.475138
50502,0.475138
50503,0.475138
50504,0.475138
50505,0.475138
50506,0.475138
50507,0.475138
50508,0.475138
50509,0.475138
50510,0.475138
50511,0.475138
50512,0.475138
50513,0.475138
50514,0.475138
50515,0.475138
50516,0.475138
50517,0.475138
50518,0.475138
50519,0.475138
50520,0.475138
50521,0.475138
50522,0.475138
50523,0.475138
50524,0.475138
50525,0.475138
50526,0.475138
50527,0.475138
50528,0.475138
50529,0.475138
50530,0.475138
50531,0.475138
50532,0.475138
50533,0.475138
50534,0.475138
50535,0.475138
50536,0.475138
50537,0.475138
50538,0.475138
50539,0.475138
50540,0.475138
50541,0.475138
50542,0.475138
50543,0.475138
50544,0.475138
50545,0.475138
50546,0.475138
50547,0.475138
50548,0.475138
50549,0.475138
50550,0.475138
50551,0.475138
50552,0.475138
50553,0.475138
50554,0.475138
50555,0.475138
50556,0.475138
50557,0.475138
50558,0.475138
50559,0.475138
50560,0.475138
50561,0.475138
50562,0.475138
50563,0.475138
50564,0.475138
50565,0.475138
50566,0.475138
50567,0.475138
50568,0.475138
50569,0.475138
50570,0.475138
50571,0.475138
50572,0.475138
50573,0.475138
50574,0.475138
50575,0.475138
50576,0.475138
50577,0.475138
50578,0.475138
50579,0.475138
50580,0.475138
50581,0.475138
50582,0.475138
50583,0.475138
50584,0.475138
50585,0.475138
50586,0.475138
50587,0.475138
50588,0.475138
50589,0.475138
50590,0.475138
50591,0.475138
50592,0.475138
50593,0.475138
50594,0.475138
50595,0.475138
50596,0.475138
50597,0.475138
50598,0.475138
50599,0.475138
50600,0.475138
50601,0.475138
50602,0.475138
50603,0.475138
50604,0.475138
50605,0.475138
50606,0.475138
50607,0.475138
50608,0.475138
50609,0.475138
50610,0.475138
50611,0.475138
50612,0.475138
50613,0.475138
50614,0.475138
50615,0.475138
50616,0.475138
50617,0.475138
50618,0.475138
50619,0.475138
50620,0.475138
50621,0.475138
50622,0.475138
50623,0.475138
50624,0.475138
50625,0.475138
50626,0.475138
50627,0.475138
50628,0.475138
50629,0.475138
50630,0.475138
50631,0.475138
50632,0.475138
50633,0.475138
50634,0.475138
50635,0.475138
50636,0.475138
50637,0.475138
50638,0.475138
50639,0.475138
50640,0.475138
50641,0.475138
50642,0.475138
50643,0.475138
50644,0.475138
50645,0.475138
50646,0.475138
50647,0.475138
50648,0.475138
50649,0.475138
50650,0.475138
50651,0.475138
50652,0.475138
50653,0.475138
50654,0.475138
50655,0.475138
50656,0.475138
50657,0.475138
50658,0.475138
50659,0.475138
50660,0.475138
50661,0.475138
50662,0.475138
50663,0.475138
50664,0.475138
50665,0.475138
50666,0.475138
50667,0.475138
50668,0.475138
50669,0.475138
50670,0.475138
50671,0.475138
50672,0.475138
50673,0.475138
50674,0.475138
50675,0.475138
50676,0.475138
50677,0.475138
50678,0.475138
50679,0.475138
50680,0.475138
50681,0.475138
50682,0.475138
50683,0.475138
50684,0.475138
50685,0.475138
50686,0.475138
50687,0.475138
50688,0.475138
50689,0.475138
50690,0.475138
50691,0.475138
50692,0.475138
50693,0.475138
50694,0.475138
50695,0.475138
50696,0.475138
50697,0.475138
50698,0.475138
50699,0.475138
50700,0.475138
50701,0.475138
50702,0.475138
50703,0.475138
50704,0.475138
50705,0.475138
50706,0.475138
50707,0.475138
50708,0.475138
50709,0.475138
50710,0.475138
50711,0.475138
50712,0.475138
50713,0.475138
50714,0.475138
50715,0.475138
50716,0.475138
50717,0.475138
50718,0.475138
50719,0.475138
50720,0.475138
50721,0.475138
50722,0.475138
50723,0.475138
50724,0.475138
50725,0.475138
50726,0.475138
50727,0.475138
50728,0.475138
50729,0.475138
50730,0.475138
50731,0.475138
50732,0.475138
50733,0.475138
50734,0.475138
50735,0.475138
50736,0.475138
50737,0.475138
50738,0.475138
50739,0.475138
50740,0.475138
50741,0.475138
50742,0.475138
50743,0.475138
50744,0.475138
50745,0.475138
50746,0.475138
50747,0.475138
50748,0.475138
50749,0.475138
50750,0.475138
50751,0.475138
50752,0.475138
50753,0.475138
50754,0.475138
50755,0.475138
50756,0.475138
50757,0.475138
50758,0.475138
50759,0.475138
50760,0.475138
50761,0.475138
50762,0.475138
50763,0.475138
50764,0.475138
50765,0.475138
50766,0.475138
50767,0.475138
50768,0.475138
50769,0.475138
50770,0.475138
50771,0.475138
50772,0.475138
50773,0.475138
50774,0.475138
50775,0.475138
50776,0.475138
50777,0.475138
50778,0.475138
50779,0.475138
50780,0.475138
50781,0.475138
50782,0.475138
50783,0.475138
50784,0.475138
50785,0.475138
50786,0.475138
50787,0.475138
50788,0.475138
50789,0.475138
50790,0.475138
50791,0.475138
50792,0.475138
50793,0.475138
50794,0.475138
50795,0.475138
50796,0.475138
50797,0.475138
50798,0.475138
50799,0.475138
50800,0.475138
50801,0.475138
50802,0.475138
50803,0.475138
50804,0.475138
50805,0.475138
50806,0.475138
50807,0.475138
50808,0.475138
50809,0.475138
50810,0.475138
50811,0.475138
50812,0.475138
50813,0.475138
50814,0.475138
50815,0.475138
50816,0.475138
50817,0.475138
50818,0.475138
50819,0.475138
50820,0.475138
50821,0.475138
50822,0.475138
50823,0.475138
50824,0.475138
50825,0.475138
50826,0.475138
50827,0.475138
50828,0.475138
50829,0.475138
50830,0.475138
50831,0.475138
50832,0.475138
50833,0.475138
50834,0.475138
50835,0.475138
50836,0.475138
50837,0.475138
50838,0.475138
50839,0.475138
50840,0.475138
50841,0.475138
50842,0.475138
50843,0.475138
50844,0.475138
50845,0.475138
50846,0.475138
50847,0.475138
50848,0.475138
50849,0.475138
50850,0.475138
50851,0.475138
50852,0.475138
50853,0.475138
50854,0.475138
50855,0.475138
50856,0.475138
50857,0.475138
50858,0.475138
50859,0.475138
50860,0.475138
50861,0.475138
50862,0.475138
50863,0.475138
50864,0.475138
50865,0.475138
50866,0.475138
50867,0.475138
50868,0.475138
50869,0.475138
50870,0.475138
50871,0.475138
50872,0.475138
50873,0.475138
50874,0.475138
50875,0.475138
50876,0.475138
50877,0.475138
50878,0.475138
50879,0.475138
50880,0.475138
50881,0.475138
50882,0.475138
50883,0.475138
50884,0.475138
50885,0.475138
50886,0.475138
50887,0.475138
50888,0.475138
50889,0.475138
50890,0.475138
50891,0.475138
50892,0.475138
50893,0.475138
50894,0.475138
50895,0.475138
50896,0.475138
50897,0.475138
50898,0.475138
50899,0.475138
50900,0.475138
50901,0.475138
50902,0.475138
50903,0.475138
50904,0.475138
50905,0.475138
50906,0.475138
50907,0.475138
50908,0.475138
50909,0.475138
50910,0.475138
50911,0.475138
50912,0.475138
50913,0.475138
50914,0.475138
50915,0.475138
50916,0.475138
50917,0.475138
50918,0.475138
50919,0.475138
50920,0.475138
50921,0.475138
50922,0.475138
50923,0.475138
50924,0.475138
50925,0.475138
50926,0.475138
50927,0.475138
50928,0.475138
50929,0.475138
50930,0.475138
50931,0.475138
50932,0.475138
50933,0.475138
50934,0.475138
50935,0.475138
50936,0.475138
50937,0.475138
50938,0.475138
50939,0.475138
50940,0.475138
50941,0.475138
50942,0.475138
50943,0.475138
50944,0.475138
50945,0.475138
50946,0.475138
50947,0.475138
50948,0.475138
50949,0.475138
50950,0.475138
50951,0.475138
50952,0.475138
50953,0.475138
50954,0.475138
50955,0.475138
50956,0.475138
50957,0.475138
50958,0.475138
50959,0.475138
50960,0.475138
50961,0.475138
50962,0.475138
50963,0.475138
50964,0.475138
50965,0.475138
50966,0.475138
50967,0.475138
50968,0.475138
50969,0.475138
50970,0.475138
50971,0.475138
50972,0.475138
50973,0.475138
50974,0.475138
50975,0.475138
50976,0.475138
50977,0.475138
50978,0.475138
50979,0.475138
50980,0.475138
50981,0.475138
50982,0.475138
50983,0.475138
50984,0.475138
50985,0.475138
50986,0.475138
50987,0.475138
50988,0.475138
50989,0.475138
50990,0.475138
50991,0.475138
50992,0.475138
50993,0.475138
50994,0.475138
50995,0.475138
50996,0.475138
50997,0.475138
50998,0.475138
50999,0.475138
51000,0.475138
51001,0.475138
51002,0.475138
51003,0.475138
51004,0.475138
51005,0.475138
51006,0.475138
51007,0.475138
51008,0.475138
51009,0.475138
51010,0.475138
51011,0.475138
51012,0.475138
51013,0.475138
51014,0.475138
51015,0.475138
51016,0.475138
51017,0.475138
51018,0.475138
51019,0.475138
51020,0.475138
51021,0.475138
51022,0.475138
51023,0.475138
51024,0.475138
51025,0.475138
51026,0.475138
51027,0.475138
51028,0.475138
51029,0.475138
51030,0.475138
51031,0.475138
51032,0.475138
51033,0.475138
51034,0.475138
51035,0.475138
51036,0.475138
51037,0.475138
51038,0.475138
51039,0.475138
51040,0.475138
51041,0.475138
51042,0.475138
51043,0.475138
51044,0.475138
51045,0.475138
51046,0.475138
51047,0.475138
51048,0.475138
51049,0.475138
51050,0.475138
51051,0.475138
51052,0.475138
51053,0.475138
51054,0.475138
51055,0.475138
51056,0.475138
51057,0.475138
51058,0.475138
51059,0.475138
51060,0.475138
51061,0.475138
51062,0.475138
51063,0.475138
51064,0.475138
51065,0.475138
51066,0.475138
51067,0.475138
51068,0.475138
51069,0.475138
51070,0.475138
51071,0.475138
51072,0.475138
51073,0.475138
51074,0.475138
51075,0.475138
51076,0.475138
51077,0.475138
51078,0.475138
51079,0.475138
51080,0.475138
51081,0.475138
51082,0.475138
51083,0.475138
51084,0.475138
51085,0.475138
51086,0.475138
51087,0.475138
51088,0.475138
51089,0.475138
51090,0.475138
51091,0.475138
51092,0.475138
51093,0.475138
51094,0.475138
51095,0.475138
51096,0.475138
51097,0.475138
51098,0.475138
51099,0.475138
51100,0.475138
51101,0.475138
51102,0.475138
51103,0.475138
51104,0.475138
51105,0.475138
51106,0.475138
51107,0.475138
51108,0.475138
51109,0.475138
51110,0.475138
51111,0.475138
51112,0.475138
51113,0.475138
51114,0.475138
51115,0.475138
51116,0.475138
51117,0.475138
51118,0.475138
51119,0.475138
51120,0.475138
51121,0.475138
51122,0.475138
51123,0.475138
51124,0.475138
51125,0.475138
51126,0.475138
51127,0.475138
51128,0.475138
51129,0.475138
51130,0.475138
51131,0.475138
51132,0.475138
51133,0.475138
51134,0.475138
51135,0.475138
51136,0.475138
51137,0.475138
51138,0.475138
51139,0.475138
51140,0.475138
51141,0.475138
51142,0.475138
51143,0.475138
51144,0.475138
51145,0.475138
51146,0.475138
51147,0.475138
51148,0.475138
51149,0.475138
51150,0.475138
51151,0.475138
51152,0.475138
51153,0.475138
51154,0.475138
51155,0.475138
51156,0.475138
51157,0.475138
51158,0.475138
51159,0.475138
51160,0.475138
51161,0.475138
51162,0.475138
51163,0.475138
51164,0.475138
51165,0.475138
51166,0.475138
51167,0.475138
51168,0.475138
51169,0.475138
51170,0.475138
51171,0.475138
51172,0.475138
51173,0.475138
51174,0.475138
51175,0.475138
51176,0.475138
51177,0.475138
51178,0.475138
51179,0.475138
51180,0.475138
51181,0.475138
51182,0.475138
51183,0.475138
51184,0.475138
51185,0.475138
51186,0.475138
51187,0.475138
51188,0.475138
51189,0.475138
51190,0.475138
51191,0.475138
51192,0.475138
51193,0.475138
51194,0.475138
51195,0.475138
51196,0.475138
51197,0.475138
51198,0.475138
51199,0.475138
51200,0.475138
51201,0.475138
51202,0.475138
51203,0.475138
51204,0.475138
51205,0.475138
51206,0.475138
51207,0.475138
51208,0.475138
51209,0.475138
51210,0.475138
51211,0.475138
51212,0.475138
51213,0.475138
51214,0.475138
51215,0.475138
51216,0.475138
51217,0.475138
51218,0.475138
51219,0.475138
51220,0.475138
51221,0.475138
51222,0.475138
51223,0.475138
51224,0.475138
51225,0.475138
51226,0.475138
51227,0.475138
51228,0.475138
51229,0.475138
51230,0.475138
51231,0.475138
51232,0.475138
51233,0.475138
51234,0.475138
51235,0.475138
51236,0.475138
51237,0.475138
51238,0.475138
51239,0.475138
51240,0.475138
51241,0.475138
51242,0.475138
51243,0.475138
51244,0.475138
51245,0.475138
51246,0.475138
51247,0.475138
51248,0.475138
51249,0.475138
51250,0.475138
51251,0.475138
51252,0.475138
51253,0.475138
51254,0.475138
51255,0.475138
51256,0.475138
51257,0.475138
51258,0.475138
51259,0.475138
51260,0.475138
51261,0.475138
51262,0.475138
51263,0.475138
51264,0.475138
51265,0.475138
51266,0.475138
51267,0.475138
51268,0.475138
51269,0.475138
51270,0.475138
51271,0.475138
51272,0.475138
51273,0.475138
51274,0.475138
51275,0.475138
51276,0.475138
51277,0.475138
51278,0.475138
51279,0.475138
51280,0.475138
51281,0.475138
51282,0.475138
51283,0.475138
51284,0.475138
51285,0.475138
51286,0.475138
51287,0.475138
51288,0.475138
51289,0.475138
51290,0.475138
51291,0.475138
51292,0.475138
51293,0.475138
51294,0.475138
51295,0.475138
51296,0.475138
51297,0.475138
51298,0.475138
51299,0.475138
51300,0.475138
51301,0.475138
51302,0.475138
51303,0.475138
51304,0.475138
51305,0.475138
51306,0.475138
51307,0.475138
51308,0.475138
51309,0.475138
51310,0.475138
51311,0.475138
51312,0.475138
51313,0.475138
51314,0.475138
51315,0.475138
51316,0.475138
51317,0.475138
51318,0.475138
51319,0.475138
51320,0.475138
51321,0.475138
51322,0.475138
51323,0.475138
51324,0.475138
51325,0.475138
51326,0.475138
51327,0.475138
51328,0.475138
51329,0.475138
51330,0.475138
51331,0.475138
51332,0.475138
51333,0.475138
51334,0.475138
51335,0.475138
51336,0.475138
51337,0.475138
51338,0.475138
51339,0.475138
51340,0.475138
51341,0.475138
51342,0.475138
51343,0.475138
51344,0.475138
51345,0.475138
51346,0.475138
51347,0.475138
51348,0.475138
51349,0.475138
51350,0.475138
51351,0.475138
51352,0.475138
51353,0.475138
51354,0.475138
51355,0.475138
51356,0.475138
51357,0.475138
51358,0.475138
51359,0.475138
51360,0.475138
51361,0.475138
51362,0.475138
51363,0.475138
51364,0.475138
51365,0.475138
51366,0.475138
51367,0.475138
51368,0.475138
51369,0.475138
51370,0.475138
51371,0.475138
51372,0.475138
51373,0.475138
51374,0.475138
51375,0.475138
51376,0.475138
51377,0.475138
51378,0.475138
51379,0.475138
51380,0.475138
51381,0.475138
51382,0.475138
51383,0.475138
51384,0.475138
51385,0.475138
51386,0.475138
51387,0.475138
51388,0.475138
51389,0.475138
51390,0.475138
51391,0.475138
51392,0.475138
51393,0.475138
51394,0.475138
51395,0.475138
51396,0.475138
51397,0.475138
51398,0.475138
51399,0.475138
51400,0.475138
51401,0.475138
51402,0.475138
51403,0.475138
51404,0.475138
51405,0.475138
51406,0.475138
51407,0.475138
51408,0.475138
51409,0.475138
51410,0.475138
51411,0.475138
51412,0.475138
51413,0.475138
51414,0.475138
51415,0.475138
51416,0.475138
51417,0.475138
51418,0.475138
51419,0.475138
51420,0.475138
51421,0.475138
51422,0.475138
51423,0.475138
51424,0.475138
51425,0.475138
51426,0.475138
51427,0.475138
51428,0.475138
51429,0.475138
51430,0.475138
51431,0.475138
51432,0.475138
51433,0.475138
51434,0.475138
51435,0.475138
51436,0.475138
51437,0.475138
51438,0.475138
51439,0.475138
51440,0.475138
51441,0.475138
51442,0.475138
51443,0.475138
51444,0.475138
51445,0.475138
51446,0.475138
51447,0.475138
51448,0.475138
51449,0.475138
51450,0.475138
51451,0.475138
51452,0.475138
51453,0.475138
51454,0.475138
51455,0.475138
51456,0.475138
51457,0.475138
51458,0.475138
51459,0.475138
51460,0.475138
51461,0.475138
51462,0.475138
51463,0.475138
51464,0.475138
51465,0.475138
51466,0.475138
51467,0.475138
51468,0.475138
51469,0.475138
51470,0.475138
51471,0.475138
51472,0.475138
51473,0.475138
51474,0.475138
51475,0.475138
51476,0.475138
51477,0.475138
51478,0.475138
51479,0.475138
51480,0.475138
51481,0.475138
51482,0.475138
51483,0.475138
51484,0.475138
51485,0.475138
51486,0.475138
51487,0.475138
51488,0.475138
51489,0.475138
51490,0.475138
51491,0.475138
51492,0.475138
51493,0.475138
51494,0.475138
51495,0.475138
51496,0.475138
51497,0.475138
51498,0.475138
51499,0.475138
51500,0.475138
51501,0.475138
51502,0.475138
51503,0.475138
51504,0.475138
51505,0.475138
51506,0.475138
51507,0.475138
51508,0.475138
51509,0.475138
51510,0.475138
51511,0.475138
51512,0.475138
51513,0.475138
51514,0.475138
51515,0.475138
51516,0.475138
51517,0.475138
51518,0.475138
51519,0.475138
51520,0.475138
51521,0.475138
51522,0.475138
51523,0.475138
51524,0.475138
51525,0.475138
51526,0.475138
51527,0.475138
51528,0.475138
51529,0.475138
51530,0.475138
51531,0.475138
51532,0.475138
51533,0.474970
51534,0.475138
51535,0.475138
51536,0.475138
51537,0.475138
51538,0.475138
51539,0.475138
51540,0.475138
51541,0.475138
51542,0.475138
51543,0.475138
51544,0.475138
51545,0.475138
51546,0.475138
51547,0.475138
51548,0.475138
51549,0.475138
51550,0.475138
51551,0.475138
51552,0.475138
51553,0.475138
51554,0.475138
51555,0.475138
51556,0.475138
51557,0.475138
51558,0.475138
51559,0.475138
51560,0.475138
51561,0.475138
51562,0.475138
51563,0.475138
51564,0.475138
51565,0.475138
51566,0.475138
51567,0.475138
51568,0.475138
51569,0.475138
51570,0.475138
51571,0.475138
51572,0.475138
51573,0.475138
51574,0.475138
51575,0.475138
51576,0.475138
51577,0.475138
51578,0.475138
51579,0.475138
51580,0.475138
51581,0.475138
51582,0.475138
51583,0.475138
51584,0.475138
51585,0.475138
51586,0.475138
51587,0.475138
51588,0.475138
51589,0.475138
51590,0.475138
51591,0.475138
51592,0.475138
51593,0.475138
51594,0.475138
51595,0.475138
51596,0.475138
51597,0.475138
51598,0.475138
51599,0.475138
51600,0.475138
51601,0.475138
51602,0.475138
51603,0.475138
51604,0.475138
51605,0.475138
51606,0.475138
51607,0.475138
51608,0.475138
51609,0.475138
51610,0.475138
51611,0.475138
51612,0.475138
51613,0.475138
51614,0.475138
51615,0.475138
51616,0.475138
51617,0.475138
51618,0.475138
51619,0.475138
51620,0.475138
51621,0.475138
51622,0.475138
51623,0.475138
51624,0.475138
51625,0.475138
51626,0.475138
51627,0.475138
51628,0.475138
51629,0.475138
51630,0.475138
51631,0.475138
51632,0.475138
51633,0.475138
51634,0.475138
51635,0.475138
51636,0.475138
51637,0.475138
51638,0.475138
51639,0.475138
51640,0.475138
51641,0.475138
51642,0.475138
51643,0.475138
51644,0.475138
51645,0.475138
51646,0.475138
51647,0.475138
51648,0.475138
51649,0.475138
51650,0.475138
51651,0.475138
51652,0.475138
51653,0.475138
51654,0.475138
51655,0.475138
51656,0.475138
51657,0.475138
51658,0.475138
51659,0.475138
51660,0.475138
51661,0.475138
51662,0.475138
51663,0.475138
51664,0.475138
51665,0.475138
51666,0.475138
51667,0.475138
51668,0.475138
51669,0.475138
51670,0.475138
51671,0.475138
51672,0.475138
51673,0.475138
51674,0.475138
51675,0.475138
51676,0.475138
51677,0.475138
51678,0.475138
51679,0.475138
51680,0.475138
51681,0.475138
51682,0.475138
51683,0.475138
51684,0.475138
51685,0.475138
51686,0.475138
51687,0.475138
51688,0.475138
51689,0.475138
51690,0.475138
51691,0.475138
51692,0.475138
51693,0.475138
51694,0.475138
51695,0.475138
51696,0.475138
51697,0.475138
51698,0.475138
51699,0.475138
51700,0.475138
51701,0.475138
51702,0.475138
51703,0.475138
51704,0.475138
51705,0.475138
51706,0.475138
51707,0.475138
51708,0.475138
51709,0.475138
51710,0.475138
51711,0.475138
51712,0.475138
51713,0.475138
51714,0.475138
51715,0.475138
51716,0.475138
51717,0.475138
51718,0.475138
51719,0.475138
51720,0.474970
51721,0.475138
51722,0.475138
51723,0.475138
51724,0.475138
51725,0.475138
51726,0.475138
51727,0.475138
51728,0.475138
51729,0.475138
51730,0.475138
51731,0.475138
51732,0.475138
51733,0.475138
51734,0.475138
51735,0.475138
51736,0.475138
51737,0.475138
51738,0.475138
51739,0.475138
51740,0.475138
51741,0.475138
51742,0.475138
51743,0.475138
51744,0.475138
51745,0.475138
51746,0.475138
51747,0.475138
51748,0.475138
51749,0.475138
51750,0.475138
51751,0.475138
51752,0.475138
51753,0.475138
51754,0.475138
51755,0.475138
51756,0.475138
51757,0.475138
51758,0.475138
51759,0.475138
51760,0.475138
51761,0.475138
51762,0.475138
51763,0.475138
51764,0.475138
51765,0.475138
51766,0.475138
51767,0.475138
51768,0.475138
51769,0.475138
51770,0.475138
51771,0.475138
51772,0.475138
51773,0.475138
51774,0.475138
51775,0.475138
51776,0.475138
51777,0.475138
51778,0.475138
51779,0.475138
51780,0.475138
51781,0.475138
51782,0.475138
51783,0.475138
51784,0.475138
51785,0.475138
51786,0.475138
51787,0.475138
51788,0.475138
51789,0.475138
51790,0.475138
51791,0.475138
51792,0.475138
51793,0.475138
51794,0.475138
51795,0.475138
51796,0.475138
51797,0.475138
51798,0.475138
51799,0.475138
51800,0.475138
51801,0.475138
51802,0.475138
51803,0.475138
51804,0.475138
51805,0.475138
51806,0.475138
51807,0.475138
51808,0.475138
51809,0.475138
51810,0.475138
51811,0.475138
51812,0.475138
51813,0.475138
51814,0.475138
51815,0.475138
51816,0.475138
51817,0.475138
51818,0.475138
51819,0.475138
51820,0.475138
51821,0.475138
51822,0.475138
51823,0.475138
51824,0.475138
51825,0.475138
51826,0.475138
51827,0.475138
51828,0.475138
51829,0.475138
51830,0.475138
51831,0.475138
51832,0.475138
51833,0.475138
51834,0.475138
51835,0.475138
51836,0.475138
51837,0.475138
51838,0.475138
51839,0.475138
51840,0.475138
51841,0.475138
51842,0.475138
51843,0.475138
51844,0.475138
51845,0.475138
51846,0.475138
51847,0.475138
51848,0.475138
51849,0.475138
51850,0.475138
51851,0.475138
51852,0.475138
51853,0.475138
51854,0.475138
51855,0.475138
51856,0.475138
51857,0.475138
51858,0.475138
51859,0.475138
51860,0.475138
51861,0.475138
51862,0.475138
51863,0.475138
51864,0.475138
51865,0.475138
51866,0.475138
51867,0.475138
51868,0.475138
51869,0.475138
51870,0.475138
51871,0.475138
51872,0.475138
51873,0.475138
51874,0.475138
51875,0.475138
51876,0.475138
51877,0.475138
51878,0.475138
51879,0.475138
51880,0.475138
51881,0.475138
51882,0.475138
51883,0.475138
51884,0.475138
51885,0.475138
51886,0.475138
51887,0.475138
51888,0.475138
51889,0.475138
51890,0.475138
51891,0.475138
51892,0.475138
51893,0.475138
51894,0.475138
51895,0.475138
51896,0.475138
51897,0.475138
51898,0.475138
51899,0.475138
51900,0.475138
51901,0.475138
51902,0.475138
51903,0.475138
51904,0.475138
51905,0.475138
51906,0.475138
51907,0.475138
51908,0.475138
51909,0.475138
51910,0.475138
51911,0.475138
51912,0.475138
51913,0.475138
51914,0.475138
51915,0.475138
51916,0.475138
51917,0.475138
51918,0.475138
51919,0.475138
51920,0.475138
51921,0.475138
51922,0.475138
51923,0.475138
51924,0.475138
51925,0.475138
51926,0.475138
51927,0.475138
51928,0.475138
51929,0.475138
51930,0.475138
51931,0.475138
51932,0.475138
51933,0.475138
51934,0.475138
51935,0.475138
51936,0.475138
51937,0.475138
51938,0.475138
51939,0.475138
51940,0.475138
51941,0.475138
51942,0.475138
51943,0.475138
51944,0.475138
51945,0.475138
51946,0.475138
51947,0.475138
51948,0.475138
51949,0.475138
51950,0.475138
51951,0.475138
51952,0.475138
51953,0.475138
51954,0.475138
51955,0.475138
51956,0.475138
51957,0.475138
51958,0.475138
51959,0.475138
51960,0.475138
51961,0.475138
51962,0.475138
51963,0.475138
51964,0.475138
51965,0.475138
51966,0.475138
51967,0.475138
51968,0.475138
51969,0.475138
51970,0.475138
51971,0.475138
51972,0.475138
51973,0.475138
51974,0.475138
51975,0.475138
51976,0.475138
51977,0.475138
51978,0.475138
51979,0.475138
51980,0.475138
51981,0.475138
51982,0.475138
51983,0.475138
51984,0.475138
51985,0.475138
51986,0.475138
51987,0.475138
51988,0.475138
51989,0.475138
51990,0.475138
51991,0.475138
51992,0.475138
51993,0.475138
51994,0.475138
51995,0.475138
51996,0.475138
51997,0.475138
51998,0.475138
51999,0.475138
52000,0.475138
52001,0.475138
52002,0.475138
52003,0.475138
52004,0.475138
52005,0.475138
52006,0.475138
52007,0.475138
52008,0.475138
52009,0.475138
52010,0.475138
52011,0.475138
52012,0.475138
52013,0.475138
52014,0.475138
52015,0.475138
52016,0.475138
52017,0.475138
52018,0.475138
52019,0.475138
52020,0.475138
52021,0.475138
52022,0.475138
52023,0.475138
52024,0.475138
52025,0.475138
52026,0.475138
52027,0.475138
52028,0.475138
52029,0.475138
52030,0.475138
52031,0.475138
52032,0.475138
52033,0.475138
52034,0.475138
52035,0.475138
52036,0.475138
52037,0.475138
52038,0.475138
52039,0.475138
52040,0.475138
52041,0.475138
52042,0.475138
52043,0.475138
52044,0.475138
52045,0.475138
52046,0.475138
52047,0.475138
52048,0.475138
52049,0.475138
52050,0.475138
52051,0.475138
52052,0.475138
52053,0.475138
52054,0.475138
52055,0.475138
52056,0.475138
52057,0.475138
52058,0.475138
52059,0.475138
52060,0.475138
52061,0.475138
52062,0.475138
52063,0.475138
52064,0.475138
52065,0.475138
52066,0.475138
52067,0.475138
52068,0.475138
52069,0.475138
52070,0.475138
52071,0.475138
52072,0.475138
52073,0.475138
52074,0.475138
52075,0.475138
52076,0.475138
52077,0.475138
52078,0.475138
52079,0.475138
52080,0.475138
52081,0.475138
52082,0.475138
52083,0.475138
52084,0.475138
52085,0.475138
52086,0.475138
52087,0.475138
52088,0.475138
52089,0.475138
52090,0.475138
52091,0.475138
52092,0.475138
52093,0.475138
52094,0.475138
52095,0.475138
52096,0.475138
52097,0.475138
52098,0.475138
52099,0.475138
52100,0.475138
52101,0.475138
52102,0.475138
52103,0.475138
52104,0.475138
52105,0.475138
52106,0.475138
52107,0.475138
52108,0.475138
52109,0.475138
52110,0.475138
52111,0.475138
52112,0.475138
52113,0.475138
52114,0.475138
52115,0.475138
52116,0.475138
52117,0.475138
52118,0.475138
52119,0.475138
52120,0.475138
52121,0.475138
52122,0.475138
52123,0.475138
52124,0.475138
52125,0.475138
52126,0.475138
52127,0.475138
52128,0.475138
52129,0.475138
52130,0.475138
52131,0.475138
52132,0.475138
52133,0.475138
52134,0.475138
52135,0.475138
52136,0.475138
52137,0.475138
52138,0.475138
52139,0.475138
52140,0.475138
52141,0.475138
52142,0.475138
52143,0.475138
52144,0.475138
52145,0.475138
52146,0.475138
52147,0.475138
52148,0.475138
52149,0.475138
52150,0.475138
52151,0.475138
52152,0.475138
52153,0.475138
52154,0.475138
52155,0.475138
52156,0.475138
52157,0.475138
52158,0.475138
52159,0.475138
52160,0.475138
52161,0.475138
52162,0.475138
52163,0.475138
52164,0.475138
52165,0.475138
52166,0.475138
52167,0.475138
52168,0.475138
52169,0.475138
52170,0.475138
52171,0.475138
52172,0.475138
52173,0.475138
52174,0.475138
52175,0.475138
52176,0.475138
52177,0.475138
52178,0.475138
52179,0.475138
52180,0.475138
52181,0.475138
52182,0.475138
52183,0.475138
52184,0.475138
52185,0.475138
52186,0.475138
52187,0.475138
52188,0.475138
52189,0.475138
52190,0.475138
52191,0.475138
52192,0.475138
52193,0.475138
52194,0.475138
52195,0.475138
52196,0.475138
52197,0.475138
52198,0.475138
52199,0.475138
52200,0.475138
52201,0.475138
52202,0.475138
52203,0.475138
52204,0.475138
52205,0.475138
52206,0.475138
52207,0.475138
52208,0.475138
52209,0.475138
52210,0.475138
52211,0.475138
52212,0.475138
52213,0.475138
52214,0.475138
52215,0.475138
52216,0.475138
52217,0.475138
52218,0.475138
52219,0.475138
52220,0.475138
52221,0.475138
52222,0.475138
52223,0.475138
52224,0.440447
52225,0.475138
52226,0.475138
52227,0.475138
52228,0.475138
52229,0.475138
52230,0.475138
52231,0.475138
52232,0.475138
52233,0.475138
52234,0.475138
52235,0.475138
52236,0.475138
52237,0.475138
52238,0.475138
52239,0.475138
52240,0.475138
52241,0.475138
52242,0.475138
52243,0.475138
52244,0.475138
52245,0.475138
52246,0.475138
52247,0.475481
52248,0.475138
52249,0.475138
52250,0.475138
52251,0.475138
52252,0.475138
52253,0.475138
52254,0.475138
52255,0.475138
52256,0.475138
52257,0.475138
52258,0.475138
52259,0.475138
52260,0.475138
52261,0.475138
52262,0.475138
52263,0.475138
52264,0.475138
52265,0.475138
52266,0.475138
52267,0.475138
52268,0.475138
52269,0.475138
52270,0.475138
52271,0.475138
52272,0.475138
52273,0.475138
52274,0.475138
52275,0.475138
52276,0.475138
52277,0.475138
52278,0.475138
52279,0.475138
52280,0.475138
52281,0.475138
52282,0.475138
52283,0.475138
52284,0.475138
52285,0.475138
52286,0.475138
52287,0.475138
52288,0.475138
52289,0.475138
52290,0.475138
52291,0.475138
52292,0.475138
52293,0.475138
52294,0.475138
52295,0.475138
52296,0.475138
52297,0.475138
52298,0.475138
52299,0.475138
52300,0.475138
52301,0.475138
52302,0.475138
52303,0.475138
52304,0.475138
52305,0.475138
52306,0.475138
52307,0.475138
52308,0.475138
52309,0.475138
52310,0.475138
52311,0.475138
52312,0.475138
52313,0.475138
52314,0.475138
52315,0.475138
52316,0.475138
52317,0.475138
52318,0.475138
52319,0.475138
52320,0.475138
52321,0.475138
52322,0.475138
52323,0.475138
52324,0.475138
52325,0.475138
52326,0.475138
52327,0.475138
52328,0.475138
52329,0.475138
52330,0.475138
52331,0.475138
52332,0.475138
52333,0.475138
52334,0.475138
52335,0.475138
52336,0.475138
52337,0.475138
52338,0.475138
52339,0.475138
52340,0.475138
52341,0.475138
52342,0.475138
52343,0.475138
52344,0.475138
52345,0.475138
52346,0.475138
52347,0.475138
52348,0.475138
52349,0.475138
52350,0.475138
52351,0.475138
52352,0.475138
52353,0.475138
52354,0.475138
52355,0.475138
52356,0.475138
52357,0.475138
52358,0.475138
52359,0.475138
52360,0.475138
52361,0.475138
52362,0.475138
52363,0.475138
52364,0.475138
52365,0.475138
52366,0.475138
52367,0.475138
52368,0.475138
52369,0.475138
52370,0.475138
52371,0.475138
52372,0.475138
52373,0.475138
52374,0.475138
52375,0.475138
52376,0.475138
52377,0.475138
52378,0.475138
52379,0.475138
52380,0.475138
52381,0.475138
52382,0.475138
52383,0.475138
52384,0.475138
52385,0.475138
52386,0.475138
52387,0.475138
52388,0.475138
52389,0.475138
52390,0.475138
52391,0.475138
52392,0.475138
52393,0.475138
52394,0.475138
52395,0.475138
52396,0.475138
52397,0.475138
52398,0.475138
52399,0.475138
52400,0.475138
52401,0.475138
52402,0.475138
52403,0.475138
52404,0.475138
52405,0.475138
52406,0.475138
52407,0.475138
52408,0.475138
52409,0.475138
52410,0.475138
52411,0.475138
52412,0.475138
52413,0.475138
52414,0.475138
52415,0.475138
52416,0.475138
52417,0.475138
52418,0.475138
52419,0.475138
52420,0.475138
52421,0.475138
52422,0.475138
52423,0.475138
52424,0.475138
52425,0.475138
52426,0.475138
52427,0.475138
52428,0.475138
52429,0.475138
52430,0.475138
52431,0.475138
52432,0.475138
52433,0.475138
52434,0.475138
52435,0.475138
52436,0.475138
52437,0.475138
52438,0.475138
52439,0.474970
52440,0.474970
52441,0.474970
52442,0.474970
52443,0.475138
52444,0.475138
52445,0.475138
52446,0.475138
52447,0.475138
52448,0.475138
52449,0.475138
52450,0.475138
52451,0.475138
52452,0.475138
52453,0.475138
52454,0.475138
52455,0.475138
52456,0.475138
52457,0.475138
52458,0.475138
52459,0.475138
52460,0.475138
52461,0.475138
52462,0.475138
52463,0.475138
52464,0.475138
52465,0.475138
52466,0.475138
52467,0.475138
52468,0.475138
52469,0.475138
52470,0.475138
52471,0.475138
52472,0.475138
52473,0.475138
52474,0.475138
52475,0.475138
52476,0.475138
52477,0.475138
52478,0.475138
52479,0.475138
52480,0.475138
52481,0.475138
52482,0.475138
52483,0.475138
52484,0.475138
52485,0.475138
52486,0.475138
52487,0.475138
52488,0.475138
52489,0.475138
52490,0.475138
52491,0.475138
52492,0.475138
52493,0.475138
52494,0.475138
52495,0.475138
52496,0.475138
52497,0.475138
52498,0.472383
52499,0.475138
52500,0.475138
52501,0.475138
52502,0.475138
52503,0.475138
52504,0.475138
52505,0.475138
52506,0.475138
52507,0.475138
52508,0.475138
52509,0.475138
52510,0.475138
52511,0.475138
52512,0.475138
52513,0.475138
52514,0.475138
52515,0.475138
52516,0.475138
52517,0.475138
52518,0.475138
52519,0.475138
52520,0.475138
52521,0.475138
52522,0.475138
52523,0.475138
52524,0.475138
52525,0.475138
52526,0.475138
52527,0.475138
52528,0.475138
52529,0.475138
52530,0.475138
52531,0.475138
52532,0.475138
52533,0.475138
52534,0.475138
52535,0.475138
52536,0.475138
52537,0.475138
52538,0.475138
52539,0.475138
52540,0.475138
52541,0.475138
52542,0.475138
52543,0.475138
52544,0.475138
52545,0.475138
52546,0.475138
52547,0.475138
52548,0.475138
52549,0.475138
52550,0.475138
52551,0.475138
52552,0.475138
52553,0.475138
52554,0.475138
52555,0.475138
52556,0.475138
52557,0.475138
52558,0.475138
52559,0.475138
52560,0.475138
52561,0.475138
52562,0.475138
52563,0.475138
52564,0.475138
52565,0.475138
52566,0.475138
52567,0.475138
52568,0.475138
52569,0.475138
52570,0.475138
52571,0.475138
52572,0.475138
52573,0.475138
52574,0.475138
52575,0.475138
52576,0.475138
52577,0.475138
52578,0.475138
52579,0.475138
52580,0.475138
52581,0.475138
52582,0.475138
52583,0.475138
52584,0.475138
52585,0.475138
52586,0.475138
52587,0.475138
52588,0.475138
52589,0.475138
52590,0.475138
52591,0.475138
52592,0.475138
52593,0.475138
52594,0.475138
52595,0.475138
52596,0.475138
52597,0.475138
52598,0.475138
52599,0.475138
52600,0.475138
52601,0.475138
52602,0.475138
52603,0.475138
52604,0.475138
52605,0.475138
52606,0.475138
52607,0.475138
52608,0.475138
52609,0.475138
52610,0.475138
52611,0.475138
52612,0.475138
52613,0.475138
52614,0.475138
52615,0.475138
52616,0.475138
52617,0.475138
52618,0.475138
52619,0.475138
52620,0.475138
52621,0.475138
52622,0.475138
52623,0.475138
52624,0.475138
52625,0.475138
52626,0.475138
52627,0.475138
52628,0.475138
52629,0.475138
52630,0.475138
52631,0.475138
52632,0.475138
52633,0.475138
52634,0.475138
52635,0.475138
52636,0.475138
52637,0.475138
52638,0.475138
52639,0.475138
52640,0.475138
52641,0.475138
52642,0.475138
52643,0.475138
52644,0.475138
52645,0.475138
52646,0.475138
52647,0.475138
52648,0.475138
52649,0.475138
52650,0.475138
52651,0.475138
52652,0.475138
52653,0.475138
52654,0.475138
52655,0.475138
52656,0.475138
52657,0.475138
52658,0.475138
52659,0.475138
52660,0.475138
52661,0.475138
52662,0.475138
52663,0.475138
52664,0.475138
52665,0.475138
52666,0.475138
52667,0.475138
52668,0.475138
52669,0.475138
52670,0.475138
52671,0.475138
52672,0.475138
52673,0.475138
52674,0.475138
52675,0.475138
52676,0.475138
52677,0.475138
52678,0.475138
52679,0.475138
52680,0.475138
52681,0.475138
52682,0.475138
52683,0.475138
52684,0.475138
52685,0.475138
52686,0.475138
52687,0.475138
52688,0.475138
52689,0.475138
52690,0.475138
52691,0.475138
52692,0.475138
52693,0.475138
52694,0.475138
52695,0.475138
52696,0.475138
52697,0.475138
52698,0.475138
52699,0.475138
52700,0.475138
52701,0.475138
52702,0.475138
52703,0.475138
52704,0.475138
52705,0.475138
52706,0.475138
52707,0.475138
52708,0.475138
52709,0.475138
52710,0.475138
52711,0.475138
52712,0.475138
52713,0.475138
52714,0.475138
52715,0.475138
52716,0.475138
52717,0.475138
52718,0.475138
52719,0.475138
52720,0.475138
52721,0.475138
52722,0.475138
52723,0.475138
52724,0.475138
52725,0.475138
52726,0.475138
52727,0.475138
52728,0.475138
52729,0.475138
52730,0.475138
52731,0.475138
52732,0.475138
52733,0.475138
52734,0.475138
52735,0.475138
52736,0.475138
52737,0.475138
52738,0.475138
52739,0.475138
52740,0.475138
52741,0.475138
52742,0.475138
52743,0.475138
52744,0.475138
52745,0.475138
52746,0.475138
52747,0.475138
52748,0.475138
52749,0.475138
52750,0.475138
52751,0.475138
52752,0.475138
52753,0.475138
52754,0.475138
52755,0.475138
52756,0.475138
52757,0.475138
52758,0.475138
52759,0.475138
52760,0.475138
52761,0.475138
52762,0.475138
52763,0.475138
52764,0.475138
52765,0.475138
52766,0.475138
52767,0.475138
52768,0.475138
52769,0.475138
52770,0.475138
52771,0.475138
52772,0.475138
52773,0.475138
52774,0.475138
52775,0.475138
52776,0.475138
52777,0.475138
52778,0.475138
52779,0.475138
52780,0.475138
52781,0.475138
52782,0.475138
52783,0.475138
52784,0.475138
52785,0.475138
52786,0.475138
52787,0.475138
52788,0.475138
52789,0.475138
52790,0.475138
52791,0.475138
52792,0.475138
52793,0.475138
52794,0.475138
52795,0.475138
52796,0.475138
52797,0.475138
52798,0.475138
52799,0.475138
52800,0.475138
52801,0.475138
52802,0.475138
52803,0.475138
52804,0.475138
52805,0.475138
52806,0.475138
52807,0.475138
52808,0.475138
52809,0.475138
52810,0.475138
52811,0.475138
52812,0.475138
52813,0.475138
52814,0.475138
52815,0.475138
52816,0.475138
52817,0.475138
52818,0.475138
52819,0.475138
52820,0.475138
52821,0.475138
52822,0.475138
52823,0.475138
52824,0.475138
52825,0.475138
52826,0.475138
52827,0.475138
52828,0.475138
52829,0.475138
52830,0.475138
52831,0.475138
52832,0.475138
52833,0.475138
52834,0.475138
52835,0.475138
52836,0.475138
52837,0.475138
52838,0.475138
52839,0.475138
52840,0.475138
52841,0.475138
52842,0.475138
52843,0.475138
52844,0.475138
52845,0.475138
52846,0.475138
52847,0.475138
52848,0.475138
52849,0.475138
52850,0.475138
52851,0.475138
52852,0.475138
52853,0.474970
52854,0.474970
52855,0.474970
52856,0.474970
52857,0.475138
52858,0.475138
52859,0.475138
52860,0.475138
52861,0.475138
52862,0.475138
52863,0.475138
52864,0.475138
52865,0.475138
52866,0.475138
52867,0.475138
52868,0.474970
52869,0.474970
52870,0.474970
52871,0.474970
52872,0.474970
52873,0.474970
52874,0.475138
52875,0.475138
52876,0.475138
52877,0.475138
52878,0.475138
52879,0.475138
52880,0.475138
52881,0.475138
52882,0.475138
52883,0.475138
52884,0.475138
52885,0.475138
52886,0.475138
52887,0.475138
52888,0.475138
52889,0.475138
52890,0.475138
52891,0.475138
52892,0.475138
52893,0.475138
52894,0.475138
52895,0.475138
52896,0.475138
52897,0.475138
52898,0.475138
52899,0.475138
52900,0.475138
52901,0.475138
52902,0.475138
52903,0.475138
52904,0.475138
52905,0.475138
52906,0.475138
52907,0.475138
52908,0.475138
52909,0.475138
52910,0.475138
52911,0.475138
52912,0.475138
52913,0.475138
52914,0.475138
52915,0.475138
52916,0.475138
52917,0.475138
52918,0.475138
52919,0.475138
52920,0.475138
52921,0.474970
52922,0.475138
52923,0.475138
52924,0.475138
52925,0.475138
52926,0.475138
52927,0.475138
52928,0.475138
52929,0.475138
52930,0.475138
52931,0.475138
52932,0.475138
52933,0.475138
52934,0.475138
52935,0.475138
52936,0.475138
52937,0.475138
52938,0.475138
52939,0.475138
52940,0.475138
52941,0.475138
52942,0.475138
52943,0.475138
52944,0.475138
52945,0.475138
52946,0.475138
52947,0.475138
52948,0.475138
52949,0.475138
52950,0.475138
52951,0.475138
52952,0.475138
52953,0.475138
52954,0.475138
52955,0.475138
52956,0.475138
52957,0.475138
52958,0.475138
52959,0.475138
52960,0.475138
52961,0.475138
52962,0.475138
52963,0.475138
52964,0.475138
52965,0.475138
52966,0.475138
52967,0.475138
52968,0.475138
52969,0.475138
52970,0.475138
52971,0.475138
52972,0.475138
52973,0.475138
52974,0.475138
52975,0.475138
52976,0.475138
52977,0.475138
52978,0.475138
52979,0.475138
52980,0.475138
52981,0.475138
52982,0.475138
52983,0.475138
52984,0.475138
52985,0.475138
52986,0.475138
52987,0.475138
52988,0.475138
52989,0.475138
52990,0.475138
52991,0.475138
52992,0.475138
52993,0.475138
52994,0.475138
52995,0.475138
52996,0.475138
52997,0.475138
52998,0.475138
52999,0.475138
53000,0.475138
53001,0.475138
53002,0.475138
53003,0.475138
53004,0.475138
53005,0.475138
53006,0.475138
53007,0.475138
53008,0.475138
53009,0.475138
53010,0.475138
53011,0.475138
53012,0.475138
53013,0.475138
53014,0.475138
53015,0.475138
53016,0.475138
53017,0.475138
53018,0.475138
53019,0.475138
53020,0.475138
53021,0.475138
53022,0.475138
53023,0.475138
53024,0.475138
53025,0.475138
53026,0.475138
53027,0.475138
53028,0.475138
53029,0.475138
53030,0.475138
53031,0.475138
53032,0.475138
53033,0.475138
53034,0.475138
53035,0.475138
53036,0.475138
53037,0.475138
53038,0.475138
53039,0.475138
53040,0.475138
53041,0.475138
53042,0.475138
53043,0.475138
53044,0.475138
53045,0.475138
53046,0.475138
53047,0.475138
53048,0.475138
53049,0.475138
53050,0.475138
53051,0.475138
53052,0.475138
53053,0.475138
53054,0.475138
53055,0.475138
53056,0.475138
53057,0.475138
53058,0.475138
53059,0.475138
53060,0.475138
53061,0.475138
53062,0.475138
53063,0.475138
53064,0.475138
53065,0.475138
53066,0.475138
53067,0.475138
53068,0.475138
53069,0.475138
53070,0.475138
53071,0.475138
53072,0.475138
53073,0.475138
53074,0.475138
53075,0.475138
53076,0.475138
53077,0.475138
53078,0.475138
53079,0.475138
53080,0.475138
53081,0.475138
53082,0.475138
53083,0.475138
53084,0.475138
53085,0.475138
53086,0.475138
53087,0.475138
53088,0.475138
53089,0.475138
53090,0.475138
53091,0.475138
53092,0.475138
53093,0.475138
53094,0.475138
53095,0.475138
53096,0.475138
53097,0.475138
53098,0.475138
53099,0.475138
53100,0.475138
53101,0.475138
53102,0.475138
53103,0.475138
53104,0.475138
53105,0.475138
53106,0.475138
53107,0.475138
53108,0.475138
53109,0.475138
53110,0.475138
53111,0.475138
53112,0.475138
53113,0.475138
53114,0.475138
53115,0.475138
53116,0.475138
53117,0.475138
53118,0.475138
53119,0.475138
53120,0.475138
53121,0.475138
53122,0.475138
53123,0.475138
53124,0.475138
53125,0.475138
53126,0.475138
53127,0.475138
53128,0.475138
53129,0.475138
53130,0.475138
53131,0.475138
53132,0.475138
53133,0.475138
53134,0.475138
53135,0.475138
53136,0.475138
53137,0.475138
53138,0.475138
53139,0.475138
53140,0.475138
53141,0.475138
53142,0.475138
53143,0.475138
53144,0.475138
53145,0.475138
53146,0.475138
53147,0.475138
53148,0.475138
53149,0.475138
53150,0.475138
53151,0.475138
53152,0.475138
53153,0.475138
53154,0.475138
53155,0.475138
53156,0.475138
53157,0.475138
53158,0.475138
53159,0.475138
53160,0.475138
53161,0.475138
53162,0.475138
53163,0.475138
53164,0.475138
53165,0.475138
53166,0.475138
53167,0.475138
53168,0.475138
53169,0.475138
53170,0.475138
53171,0.475138
53172,0.475138
53173,0.475138
53174,0.475138
53175,0.475138
53176,0.475138
53177,0.475138
53178,0.475138
53179,0.475138
53180,0.475138
53181,0.475138
53182,0.475138
53183,0.475138
53184,0.475138
53185,0.475138
53186,0.475138
53187,0.475138
53188,0.475138
53189,0.475138
53190,0.475138
53191,0.475138
53192,0.475138
53193,0.475138
53194,0.475138
53195,0.475138
53196,0.475138
53197,0.475138
53198,0.475138
53199,0.475138
53200,0.475138
53201,0.475138
53202,0.475138
53203,0.475138
53204,0.475138
53205,0.475138
53206,0.475138
53207,0.475138
53208,0.475138
53209,0.475138
53210,0.475138
53211,0.475138
53212,0.475138
53213,0.475138
53214,0.475138
53215,0.475138
53216,0.475138
53217,0.475138
53218,0.475138
53219,0.475138
53220,0.475138
53221,0.475138
53222,0.475138
53223,0.475138
53224,0.475138
53225,0.475138
53226,0.475138
53227,0.475138
53228,0.475138
53229,0.475138
53230,0.475138
53231,0.475138
53232,0.475138
53233,0.475138
53234,0.475138
53235,0.475138
53236,0.475138
53237,0.475138
53238,0.475138
53239,0.475138
53240,0.475138
53241,0.475138
53242,0.475138
53243,0.475138
53244,0.475138
53245,0.475138
53246,0.475138
53247,0.475138
53248,0.475138
53249,0.475138
53250,0.475138
53251,0.475138
53252,0.475138
53253,0.475138
53254,0.475138
53255,0.475138
53256,0.475138
53257,0.475138
53258,0.475138
53259,0.475138
53260,0.475138
53261,0.475138
53262,0.475138
53263,0.475138
53264,0.475138
53265,0.475138
53266,0.475138
53267,0.475138
53268,0.475138
53269,0.475138
53270,0.475138
53271,0.475138
53272,0.475138
53273,0.475138
53274,0.475138
53275,0.475138
53276,0.475138
53277,0.475138
53278,0.475138
53279,0.475138
53280,0.475138
53281,0.475138
53282,0.475138
53283,0.475138
53284,0.475138
53285,0.475138
53286,0.475138
53287,0.475138
53288,0.475138
53289,0.475138
53290,0.475138
53291,0.475138
53292,0.475138
53293,0.475138
53294,0.475138
53295,0.475138
53296,0.475138
53297,0.475138
53298,0.475138
53299,0.475138
53300,0.475138
53301,0.475138
53302,0.475138
53303,0.475138
53304,0.475138
53305,0.475138
53306,0.475138
53307,0.475138
53308,0.475138
53309,0.475138
53310,0.475138
53311,0.475138
53312,0.475138
53313,0.475138
53314,0.475138
53315,0.475138
53316,0.475138
53317,0.475138
53318,0.475138
53319,0.475138
53320,0.475138
53321,0.475138
53322,0.475138
53323,0.475138
53324,0.475138
53325,0.475138
53326,0.475138
53327,0.475138
53328,0.475138
53329,0.475138
53330,0.475138
53331,0.475138
53332,0.475138
53333,0.475138
53334,0.475138
53335,0.475138
53336,0.475138
53337,0.475138
53338,0.475138
53339,0.475138
53340,0.475138
53341,0.475138
53342,0.475138
53343,0.475138
53344,0.475138
53345,0.475138
53346,0.475138
53347,0.475138
53348,0.475138
53349,0.475138
53350,0.475138
53351,0.475138
53352,0.475138
53353,0.475138
53354,0.475138
53355,0.475138
53356,0.475138
53357,0.475138
53358,0.475138
53359,0.475138
53360,0.475138
53361,0.475138
53362,0.475138
53363,0.475138
53364,0.475138
53365,0.475138
53366,0.475138
53367,0.475138
53368,0.475138
53369,0.475138
53370,0.475138
53371,0.475138
53372,0.475138
53373,0.475138
53374,0.475138
53375,0.475138
53376,0.475138
53377,0.475138
53378,0.475138
53379,0.475138
53380,0.475138
53381,0.475138
53382,0.475138
53383,0.475138
53384,0.475138
53385,0.475138
53386,0.475138
53387,0.475138
53388,0.475138
53389,0.475138
53390,0.475138
53391,0.475138
53392,0.475138
53393,0.475138
53394,0.475138
53395,0.475138
53396,0.475138
53397,0.475138
53398,0.475138
53399,0.475138
53400,0.475138
53401,0.475138
53402,0.475138
53403,0.475138
53404,0.475138
53405,0.475138
53406,0.475138
53407,0.475138
53408,0.475138
53409,0.475138
53410,0.475138
53411,0.475138
53412,0.475138
53413,0.475138
53414,0.475138
53415,0.475138
53416,0.475138
53417,0.475138
53418,0.475138
53419,0.475138
53420,0.475138
53421,0.475138
53422,0.475138
53423,0.475138
53424,0.475138
53425,0.475138
53426,0.475138
53427,0.475138
53428,0.475138
53429,0.475138
53430,0.475138
53431,0.475138
53432,0.475138
53433,0.475138
53434,0.475138
53435,0.475138
53436,0.475138
53437,0.475138
53438,0.475138
53439,0.475138
53440,0.475138
53441,0.475138
53442,0.475138
53443,0.475138
53444,0.475138
53445,0.475138
53446,0.475138
53447,0.475138
53448,0.475138
53449,0.475138
53450,0.475138
53451,0.475138
53452,0.475138
53453,0.475138
53454,0.475138
53455,0.475138
53456,0.475138
53457,0.475138
53458,0.475138
53459,0.475138
53460,0.475138
53461,0.475138
53462,0.475138
53463,0.475138
53464,0.475138
53465,0.475138
53466,0.475138
53467,0.475138
53468,0.475138
53469,0.475138
53470,0.475138
53471,0.475138
53472,0.475138
53473,0.475138
53474,0.475138
53475,0.475138
53476,0.475138
53477,0.475138
53478,0.475138
53479,0.475138
53480,0.475138
53481,0.475138
53482,0.475138
53483,0.475138
53484,0.475138
53485,0.475138
53486,0.475138
53487,0.475138
53488,0.475138
53489,0.475138
53490,0.475138
53491,0.475138
53492,0.475138
53493,0.475138
53494,0.475138
53495,0.475138
53496,0.475138
53497,0.475138
53498,0.475138
53499,0.475138
53500,0.475138
53501,0.475138
53502,0.475138
53503,0.475138
53504,0.475138
53505,0.475138
53506,0.475138
53507,0.475138
53508,0.475138
53509,0.475138
53510,0.475138
53511,0.475138
53512,0.475138
53513,0.475138
53514,0.475138
53515,0.475138
53516,0.475138
53517,0.475138
53518,0.475138
53519,0.475138
53520,0.475138
53521,0.475138
53522,0.475138
53523,0.475138
53524,0.475138
53525,0.475138
53526,0.475138
53527,0.475138
53528,0.475138
53529,0.475138
53530,0.475138
53531,0.475138
53532,0.475138
53533,0.475138
53534,0.475138
53535,0.475138
53536,0.475138
53537,0.475138
53538,0.475138
53539,0.475138
53540,0.475138
53541,0.475138
53542,0.475138
53543,0.475138
53544,0.475138
53545,0.475138
53546,0.475138
53547,0.475138
53548,0.475138
53549,0.475138
53550,0.475138
53551,0.475138
53552,0.475138
53553,0.475138
53554,0.475138
53555,0.475138
53556,0.475138
53557,0.475138
53558,0.475138
53559,0.475138
53560,0.475138
53561,0.475138
53562,0.475138
53563,0.475138
53564,0.475138
53565,0.475138
53566,0.475138
53567,0.475138
53568,0.475138
53569,0.475138
53570,0.475138
53571,0.475138
53572,0.475138
53573,0.475138
53574,0.475138
53575,0.475138
53576,0.475138
53577,0.475138
53578,0.475138
53579,0.475138
53580,0.475138
53581,0.475138
53582,0.475138
53583,0.475138
53584,0.475138
53585,0.475138
53586,0.475138
53587,0.475138
53588,0.475138
53589,0.475138
53590,0.475138
53591,0.475138
53592,0.475138
53593,0.475138
53594,0.475138
53595,0.475138
53596,0.475138
53597,0.475138
53598,0.475138
53599,0.475138
53600,0.475138
53601,0.475138
53602,0.475138
53603,0.475138
53604,0.475138
53605,0.475138
53606,0.475138
53607,0.475138
53608,0.475138
53609,0.475138
53610,0.475138
53611,0.475138
53612,0.475138
53613,0.475138
53614,0.475138
53615,0.475138
53616,0.475138
53617,0.475138
53618,0.475138
53619,0.475138
53620,0.475138
53621,0.475138
53622,0.475138
53623,0.475138
53624,0.475138
53625,0.475138
53626,0.475138
53627,0.475138
53628,0.475138
53629,0.475138
53630,0.475138
53631,0.475138
53632,0.475138
53633,0.475138
53634,0.475138
53635,0.475138
53636,0.475138
53637,0.475138
53638,0.475138
53639,0.475138
53640,0.475138
53641,0.475138
53642,0.475138
53643,0.475138
53644,0.475138
53645,0.475138
53646,0.475138
53647,0.475138
53648,0.475138
53649,0.475138
53650,0.475138
53651,0.475138
53652,0.475138
53653,0.475138
53654,0.475138
53655,0.475138
53656,0.475138
53657,0.475138
53658,0.475138
53659,0.475138
53660,0.475138
53661,0.475138
53662,0.475138
53663,0.475138
53664,0.475138
53665,0.475138
53666,0.475138
53667,0.475138
53668,0.475138
53669,0.475138
53670,0.475138
53671,0.475138
53672,0.475138
53673,0.475138
53674,0.475138
53675,0.475138
53676,0.475138
53677,0.475138
53678,0.475138
53679,0.475138
53680,0.475138
53681,0.475138
53682,0.475138
53683,0.475138
53684,0.475138
53685,0.475138
53686,0.475138
53687,0.475138
53688,0.475138
53689,0.475138
53690,0.475138
53691,0.475138
53692,0.475138
53693,0.475138
53694,0.475138
53695,0.475138
53696,0.475138
53697,0.475138
53698,0.475138
53699,0.475138
53700,0.475138
53701,0.475138
53702,0.475138
53703,0.475138
53704,0.475138
53705,0.475138
53706,0.475138
53707,0.475138
53708,0.475138
53709,0.475138
53710,0.475138
53711,0.475138
53712,0.475138
53713,0.475138
53714,0.475138
53715,0.475138
53716,0.475138
53717,0.475138
53718,0.475138
53719,0.475138
53720,0.475138
53721,0.475138
53722,0.475138
53723,0.475138
53724,0.475138
53725,0.475138
53726,0.475138
53727,0.475138
53728,0.475138
53729,0.475138
53730,0.475138
53731,0.475138
53732,0.475138
53733,0.475138
53734,0.475138
53735,0.475138
53736,0.475138
53737,0.475138
53738,0.475138
53739,0.475138
53740,0.475138
53741,0.475138
53742,0.475138
53743,0.475138
53744,0.475138
53745,0.475138
53746,0.475138
53747,0.475138
53748,0.475138
53749,0.475138
53750,0.475138
53751,0.475138
53752,0.475138
53753,0.475138
53754,0.475138
53755,0.475138
53756,0.475138
53757,0.475138
53758,0.475138
53759,0.475138
53760,0.475138
53761,0.475138
53762,0.475138
53763,0.475138
53764,0.475138
53765,0.475138
53766,0.475138
53767,0.475138
53768,0.475138
53769,0.475138
53770,0.475138
53771,0.475138
53772,0.475138
53773,0.475138
53774,0.475138
53775,0.475138
53776,0.475138
53777,0.475138
53778,0.475138
53779,0.475138
53780,0.475138
53781,0.475138
53782,0.475138
53783,0.475138
53784,0.475138
53785,0.475138
53786,0.475138
53787,0.475138
53788,0.475138
53789,0.475138
53790,0.475138
53791,0.475138
53792,0.475138
53793,0.475138
53794,0.475138
53795,0.475138
53796,0.475138
53797,0.475138
53798,0.475138
53799,0.475138
53800,0.475138
53801,0.475138
53802,0.475138
53803,0.475138
53804,0.475138
53805,0.475138
53806,0.475138
53807,0.475138
53808,0.475138
53809,0.475138
53810,0.475138
53811,0.475138
53812,0.475138
53813,0.475138
53814,0.475138
53815,0.475138
53816,0.475138
53817,0.475138
53818,0.475138
53819,0.475138
53820,0.475138
53821,0.475138
53822,0.475138
53823,0.475138
53824,0.475138
53825,0.475138
53826,0.475138
53827,0.475138
53828,0.475138
53829,0.475138
53830,0.475138
53831,0.475138
53832,0.475138
53833,0.475138
53834,0.475138
53835,0.475138
53836,0.475138
53837,0.475138
53838,0.475138
53839,0.475138
53840,0.475138
53841,0.475138
53842,0.475138
53843,0.475138
53844,0.475138
53845,0.475138
53846,0.475138
53847,0.475138
53848,0.475138
53849,0.475138
53850,0.475138
53851,0.475138
53852,0.475138
53853,0.475138
53854,0.475138
53855,0.475138
53856,0.475138
53857,0.475138
53858,0.475138
53859,0.475138
53860,0.475138
53861,0.475138
53862,0.475138
53863,0.475138
53864,0.475138
53865,0.475138
53866,0.475138
53867,0.475138
53868,0.475138
53869,0.475138
53870,0.475138
53871,0.475138
53872,0.475138
53873,0.475138
53874,0.475138
53875,0.475138
53876,0.475138
53877,0.475138
53878,0.475138
53879,0.475138
53880,0.475138
53881,0.475138
53882,0.475138
53883,0.475138
53884,0.475138
53885,0.475138
53886,0.475138
53887,0.475138
53888,0.475138
53889,0.475138
53890,0.475138
53891,0.475138
53892,0.475138
53893,0.475138
53894,0.475138
53895,0.475138
53896,0.475138
53897,0.475138
53898,0.475138
53899,0.475138
53900,0.475138
53901,0.475138
53902,0.475138
53903,0.475138
53904,0.475138
53905,0.475138
53906,0.475138
53907,0.475138
53908,0.475138
53909,0.475138
53910,0.475138
53911,0.475138
53912,0.475138
53913,0.475138
53914,0.475138
53915,0.475138
53916,0.475138
53917,0.475138
53918,0.475138
53919,0.475138
53920,0.475138
53921,0.475138
53922,0.475138
53923,0.475138
53924,0.475138
53925,0.475138
53926,0.475138
53927,0.475138
53928,0.475138
53929,0.475138
53930,0.475138
53931,0.475138
53932,0.475138
53933,0.475138
53934,0.475138
53935,0.475138
53936,0.475138
53937,0.475138
53938,0.475138
53939,0.475138
53940,0.475138
53941,0.475138
53942,0.475138
53943,0.475138
53944,0.475138
53945,0.475138
53946,0.475138
53947,0.475138
53948,0.475138
53949,0.475138
53950,0.475138
53951,0.475138
53952,0.475138
53953,0.475138
53954,0.475138
53955,0.475138
53956,0.475138
53957,0.475138
53958,0.475138
53959,0.475138
53960,0.475138
53961,0.475138
53962,0.475138
53963,0.475138
53964,0.475138
53965,0.475138
53966,0.475138
53967,0.475138
53968,0.475138
53969,0.475138
53970,0.475138
53971,0.475138
53972,0.475138
53973,0.475138
53974,0.475138
53975,0.475138
53976,0.475138
53977,0.475138
53978,0.475138
53979,0.475138
53980,0.475138
53981,0.475138
53982,0.475138
53983,0.475138
53984,0.475138
53985,0.475138
53986,0.475138
53987,0.475138
53988,0.475138
53989,0.475138
53990,0.475138
53991,0.475138
53992,0.475138
53993,0.475138
53994,0.475138
53995,0.475138
53996,0.475138
53997,0.475138
53998,0.475138
53999,0.475138
54000,0.475138
54001,0.475138
54002,0.475138
54003,0.475138
54004,0.475138
54005,0.475138
54006,0.475138
54007,0.475138
54008,0.475138
54009,0.475138
54010,0.475138
54011,0.475138
54012,0.475138
54013,0.475138
54014,0.475138
54015,0.475138
54016,0.475138
54017,0.475138
54018,0.475138
54019,0.475138
54020,0.475138
54021,0.475138
54022,0.475138
54023,0.475138
54024,0.475138
54025,0.475138
54026,0.475138
54027,0.475138
54028,0.475138
54029,0.475138
54030,0.475138
54031,0.475138
54032,0.475138
54033,0.475138
54034,0.475138
54035,0.475138
54036,0.475138
54037,0.475138
54038,0.475138
54039,0.475138
54040,0.475138
54041,0.475138
54042,0.475138
54043,0.475138
54044,0.475138
54045,0.475138
54046,0.475138
54047,0.475138
54048,0.475138
54049,0.475138
54050,0.475138
54051,0.475138
54052,0.475138
54053,0.475138
54054,0.475138
54055,0.452035
54056,0.475138
54057,0.475138
54058,0.475138
54059,0.475138
54060,0.475138
54061,0.475138
54062,0.475138
54063,0.475138
54064,0.475138
54065,0.475138
54066,0.475138
54067,0.475138
54068,0.475138
54069,0.475138
54070,0.475138
54071,0.475138
54072,0.475138
54073,0.475138
54074,0.475138
54075,0.475138
54076,0.475138
54077,0.475138
54078,0.475138
54079,0.475138
54080,0.475138
54081,0.475138
54082,0.475138
54083,0.475138
54084,0.475138
54085,0.475138
54086,0.475138
54087,0.475138
54088,0.475138
54089,0.475138
54090,0.475138
54091,0.475138
54092,0.475138
54093,0.475138
54094,0.475138
54095,0.475138
54096,0.475138
54097,0.475138
54098,0.475138
54099,0.475138
54100,0.475138
54101,0.475138
54102,0.475138
54103,0.475138
54104,0.475138
54105,0.475138
54106,0.475138
54107,0.475138
54108,0.475138
54109,0.475138
54110,0.475138
54111,0.475138
54112,0.475138
54113,0.475138
54114,0.475138
54115,0.475138
54116,0.475138
54117,0.475138
54118,0.475138
54119,0.475138
54120,0.475138
54121,0.475138
54122,0.475138
54123,0.475138
54124,0.475138
54125,0.475138
54126,0.475138
54127,0.475138
54128,0.475138
54129,0.475138
54130,0.475138
54131,0.475138
54132,0.475138
54133,0.475138
54134,0.475138
54135,0.475138
54136,0.475138
54137,0.475138
54138,0.475138
54139,0.475138
54140,0.475138
54141,0.475138
54142,0.475138
54143,0.475138
54144,0.475138
54145,0.475138
54146,0.475138
54147,0.475138
54148,0.475138
54149,0.475138
54150,0.475138
54151,0.475138
54152,0.475138
54153,0.475138
54154,0.475138
54155,0.475138
54156,0.475138
54157,0.475138
54158,0.475138
54159,0.475138
54160,0.475138
54161,0.475138
54162,0.475138
54163,0.475138
54164,0.475138
54165,0.475138
54166,0.475138
54167,0.475138
54168,0.475138
54169,0.475138
54170,0.475138
54171,0.475138
54172,0.475138
54173,0.475138
54174,0.475138
54175,0.475138
54176,0.475138
54177,0.475138
54178,0.475138
54179,0.475138
54180,0.475138
54181,0.475138
54182,0.475138
54183,0.475138
54184,0.475138
54185,0.475138
54186,0.475138
54187,0.475138
54188,0.475138
54189,0.475138
54190,0.475138
54191,0.475138
54192,0.475138
54193,0.475138
54194,0.475138
54195,0.475138
54196,0.475138
54197,0.475138
54198,0.475138
54199,0.475138
54200,0.475138
54201,0.475138
54202,0.475138
54203,0.475138
54204,0.475138
54205,0.475138
54206,0.475138
54207,0.475138
54208,0.475138
54209,0.475138
54210,0.475138
54211,0.475138
54212,0.475138
54213,0.475138
54214,0.475138
54215,0.475138
54216,0.475138
54217,0.475138
54218,0.475138
54219,0.475138
54220,0.475138
54221,0.475138
54222,0.475138
54223,0.475138
54224,0.475138
54225,0.475138
54226,0.475138
54227,0.475138
54228,0.475138
54229,0.475138
54230,0.475138
54231,0.475138
54232,0.475138
54233,0.475138
54234,0.475138
54235,0.475138
54236,0.475138
54237,0.475138
54238,0.475138
54239,0.475138
54240,0.475138
54241,0.475138
54242,0.475138
54243,0.475138
54244,0.475138
54245,0.475138
54246,0.475138
54247,0.475138
54248,0.475138
54249,0.467697
54250,0.475138
54251,0.475138
54252,0.475138
54253,0.475138
54254,0.475138
54255,0.475138
54256,0.475138
54257,0.475138
54258,0.475138
54259,0.475138
54260,0.475138
54261,0.475138
54262,0.475138
54263,0.475138
54264,0.475138
54265,0.475138
54266,0.475138
54267,0.475138
54268,0.475138
54269,0.475138
54270,0.475138
54271,0.475138
54272,0.475138
54273,0.475138
54274,0.475138
54275,0.475138
54276,0.475138
54277,0.475138
54278,0.475138
54279,0.475138
54280,0.475138
54281,0.475138
54282,0.475138
54283,0.475138
54284,0.475138
54285,0.475138
54286,0.475138
54287,0.475138
54288,0.475138
54289,0.475138
54290,0.475138
54291,0.475138
54292,0.475138
54293,0.475138
54294,0.475138
54295,0.475138
54296,0.475138
54297,0.475138
54298,0.475138
54299,0.475138
54300,0.475138
54301,0.475138
54302,0.475138
54303,0.475138
54304,0.475138
54305,0.475138
54306,0.475138
54307,0.475138
54308,0.475138
54309,0.475138
54310,0.475138
54311,0.475138
54312,0.475138
54313,0.475138
54314,0.475138
54315,0.475138
54316,0.475138
54317,0.475138
54318,0.475138
54319,0.475138
54320,0.475138
54321,0.475138
54322,0.475138
54323,0.475138
54324,0.475138
54325,0.475138
54326,0.475138
54327,0.475138
54328,0.475138
54329,0.475138
54330,0.475138
54331,0.475138
54332,0.475138
54333,0.475138
54334,0.475138
54335,0.475138
54336,0.475138
54337,0.475138
54338,0.475138
54339,0.475138
54340,0.475138
54341,0.475138
54342,0.475138
54343,0.475138
54344,0.475138
54345,0.475138
54346,0.475138
54347,0.475138
54348,0.475138
54349,0.475138
54350,0.475138
54351,0.475138
54352,0.475138
54353,0.475138
54354,0.475138
54355,0.475138
54356,0.475138
54357,0.475138
54358,0.475138
54359,0.475138
54360,0.475138
54361,0.475138
54362,0.475138
54363,0.475138
54364,0.475138
54365,0.475138
54366,0.475138
54367,0.475138
54368,0.475138
54369,0.475138
54370,0.475138
54371,0.475138
54372,0.475138
54373,0.475138
54374,0.475138
54375,0.475138
54376,0.475138
54377,0.475138
54378,0.475138
54379,0.475138
54380,0.475138
54381,0.475138
54382,0.475138
54383,0.475138
54384,0.475138
54385,0.475138
54386,0.475138
54387,0.475138
54388,0.475138
54389,0.475138
54390,0.475138
54391,0.475138
54392,0.475138
54393,0.475138
54394,0.475138
54395,0.475138
54396,0.475138
54397,0.475138
54398,0.475138
54399,0.475138
54400,0.475138
54401,0.475138
54402,0.475138
54403,0.475138
54404,0.475138
54405,0.475138
54406,0.475138
54407,0.475138
54408,0.475138
54409,0.475138
54410,0.475138
54411,0.475138
54412,0.475138
54413,0.475138
54414,0.475138
54415,0.467433
54416,0.475138
54417,0.475138
54418,0.475138
54419,0.475138
54420,0.475138
54421,0.475138
54422,0.475138
54423,0.475138
54424,0.475138
54425,0.475138
54426,0.475138
54427,0.475138
54428,0.475138
54429,0.475138
54430,0.475138
54431,0.475138
54432,0.475138
54433,0.475138
54434,0.475138
54435,0.475138
54436,0.475138
54437,0.475138
54438,0.475138
54439,0.475138
54440,0.475138
54441,0.475138
54442,0.475138
54443,0.475138
54444,0.475138
54445,0.475138
54446,0.475138
54447,0.475138
54448,0.475138
54449,0.475138
54450,0.475138
54451,0.475138
54452,0.475138
54453,0.475138
54454,0.475138
54455,0.475138
54456,0.475138
54457,0.455405
54458,0.455405
54459,0.455405
54460,0.455405
54461,0.455405
54462,0.455405
54463,0.455405
54464,0.455405
54465,0.475138
54466,0.475138
54467,0.475138
54468,0.475138
54469,0.475138
54470,0.475138
54471,0.475138
54472,0.475138
54473,0.475138
54474,0.475138
54475,0.475138
54476,0.475138
54477,0.475138
54478,0.475138
54479,0.475138
54480,0.475138
54481,0.475138
54482,0.475138
54483,0.475138
54484,0.475138
54485,0.475138
54486,0.475138
54487,0.475138
54488,0.475138
54489,0.475138
54490,0.475138
54491,0.475138
54492,0.475138
54493,0.475138
54494,0.475138
54495,0.475138
54496,0.475138
54497,0.475138
54498,0.475138
54499,0.475138
54500,0.475138
54501,0.475138
54502,0.475138
54503,0.475138
54504,0.475138
54505,0.475138
54506,0.475138
54507,0.475138
54508,0.475138
54509,0.475138
54510,0.475138
54511,0.475138
54512,0.475138
54513,0.475138
54514,0.475138
54515,0.475138
54516,0.475138
54517,0.475138
54518,0.475138
54519,0.475138
54520,0.475138
54521,0.475475
54522,0.474080
54523,0.474080
54524,0.474080
54525,0.474080
54526,0.475138
54527,0.475138
54528,0.475138
54529,0.475138
54530,0.475138
54531,0.475138
54532,0.475138
54533,0.475138
54534,0.475138
54535,0.475138
54536,0.475138
54537,0.475138
54538,0.475138
54539,0.475138
54540,0.475138
54541,0.475138
54542,0.475138
54543,0.475138
54544,0.475138
54545,0.475138
54546,0.472370
54547,0.475138
54548,0.475138
54549,0.475138
54550,0.475138
54551,0.475138
54552,0.475138
54553,0.475138
54554,0.475138
54555,0.475138
54556,0.475138
54557,0.475138
54558,0.475138
54559,0.475138
54560,0.475138
54561,0.475138
54562,0.475138
54563,0.475138
54564,0.475138
54565,0.475138
54566,0.475138
54567,0.475138
54568,0.475138
54569,0.475138
54570,0.475138
54571,0.475138
54572,0.475138
54573,0.475138
54574,0.475138
54575,0.475138
54576,0.475138
54577,0.475138
54578,0.475138
54579,0.475138
54580,0.475138
54581,0.475138
54582,0.475138
54583,0.475138
54584,0.475138
54585,0.475138
54586,0.475138
54587,0.475138
54588,0.475138
54589,0.475138
54590,0.475138
54591,0.475138
54592,0.475138
54593,0.475138
54594,0.475138
54595,0.475138
54596,0.475138
54597,0.475138
54598,0.475138
54599,0.475138
54600,0.475138
54601,0.475138
54602,0.475138
54603,0.475138
54604,0.475138
54605,0.475138
54606,0.475138
54607,0.475138
54608,0.475138
54609,0.475138
54610,0.475138
54611,0.475138
54612,0.475138
54613,0.475138
54614,0.475138
54615,0.475138
54616,0.475138
54617,0.475138
54618,0.475138
54619,0.475138
54620,0.475138
54621,0.475138
54622,0.475138
54623,0.475138
54624,0.475138
54625,0.475138
54626,0.475138
54627,0.475138
54628,0.475138
54629,0.475138
54630,0.475138
54631,0.475138
54632,0.475138
54633,0.475138
54634,0.475138
54635,0.475138
54636,0.475138
54637,0.475138
54638,0.475138
54639,0.475138
54640,0.475138
54641,0.475138
54642,0.475138
54643,0.475138
54644,0.475138
54645,0.475138
54646,0.475138
54647,0.475138
54648,0.475138
54649,0.475138
54650,0.475138
54651,0.475138
54652,0.475138
54653,0.475138
54654,0.475138
54655,0.475138
54656,0.475138
54657,0.475138
54658,0.475138
54659,0.475138
54660,0.475138
54661,0.475138
54662,0.475138
54663,0.475138
54664,0.475138
54665,0.475138
54666,0.475138
54667,0.475138
54668,0.475138
54669,0.475138
54670,0.475138
54671,0.475138
54672,0.475138
54673,0.475138
54674,0.475138
54675,0.475138
54676,0.475138
54677,0.475138
54678,0.475138
54679,0.475138
54680,0.475138
54681,0.475138
54682,0.475138
54683,0.475138
54684,0.475138
54685,0.475138
54686,0.475138
54687,0.475138
54688,0.475138
54689,0.475138
54690,0.475138
54691,0.475138
54692,0.475138
54693,0.475138
54694,0.475138
54695,0.475138
54696,0.475138
54697,0.475138
54698,0.475138
54699,0.475138
54700,0.475138
54701,0.475138
54702,0.475138
54703,0.475138
54704,0.475138
54705,0.475138
54706,0.475138
54707,0.475138
54708,0.475138
54709,0.475138
54710,0.475138
54711,0.475138
54712,0.475138
54713,0.475138
54714,0.475138
54715,0.475138
54716,0.475138
54717,0.475138
54718,0.475138
54719,0.475138
54720,0.475138
54721,0.475138
54722,0.475138
54723,0.475138
54724,0.475138
54725,0.475138
54726,0.475138
54727,0.475138
54728,0.475138
54729,0.475138
54730,0.475138
54731,0.475138
54732,0.475138
54733,0.475138
54734,0.475138
54735,0.475138
54736,0.475138
54737,0.475138
54738,0.475138
54739,0.475138
54740,0.475138
54741,0.475138
54742,0.475138
54743,0.475138
54744,0.475138
54745,0.475138
54746,0.475138
54747,0.475138
54748,0.475138
54749,0.475138
54750,0.475138
54751,0.475138
54752,0.475138
54753,0.475138
54754,0.475138
54755,0.475138
54756,0.475138
54757,0.475138
54758,0.475138
54759,0.475138
54760,0.475138
54761,0.475138
54762,0.475138
54763,0.475138
54764,0.475138
54765,0.475138
54766,0.475138
54767,0.475138
54768,0.475138
54769,0.475138
54770,0.475138
54771,0.475138
54772,0.475138
54773,0.475138
54774,0.475138
54775,0.475138
54776,0.475138
54777,0.475138
54778,0.475138
54779,0.475138
54780,0.475138
54781,0.475138
54782,0.475138
54783,0.475138
54784,0.475138
54785,0.475138
54786,0.475138
54787,0.475138
54788,0.475138
54789,0.475138
54790,0.475138
54791,0.475138
54792,0.475138
54793,0.475138
54794,0.475138
54795,0.475138
54796,0.475138
54797,0.475138
54798,0.475138
54799,0.475138
54800,0.475138
54801,0.475138
54802,0.475138
54803,0.475138
54804,0.475138
54805,0.475138
54806,0.475138
54807,0.475138
54808,0.475138
54809,0.475138
54810,0.475138
54811,0.475138
54812,0.475138
54813,0.475138
54814,0.475138
54815,0.475138
54816,0.475138
54817,0.475138
54818,0.475138
54819,0.475138
54820,0.475138
54821,0.475138
54822,0.475138
54823,0.475138
54824,0.475138
54825,0.475138
54826,0.475138
54827,0.475138
54828,0.475138
54829,0.475138
54830,0.475138
54831,0.475138
54832,0.475138
54833,0.475138
54834,0.475138
54835,0.475138
54836,0.475138
54837,0.475138
54838,0.475138
54839,0.475138
54840,0.475138
54841,0.475138
54842,0.475138
54843,0.475138
54844,0.475138
54845,0.475138
54846,0.475138
54847,0.475138
54848,0.475138
54849,0.475138
54850,0.475138
54851,0.475138
54852,0.475138
54853,0.475138
54854,0.475138
54855,0.475138
54856,0.475138
54857,0.475138
54858,0.475138
54859,0.475138
54860,0.475138
54861,0.475138
54862,0.475138
54863,0.475138
54864,0.475138
54865,0.475138
54866,0.475138
54867,0.475138
54868,0.475138
54869,0.475138
54870,0.475138
54871,0.475138
54872,0.475138
54873,0.475138
54874,0.475138
54875,0.475138
54876,0.475138
54877,0.475138
54878,0.475138
54879,0.475138
54880,0.475138
54881,0.475138
54882,0.475138
54883,0.475138
54884,0.475138
54885,0.475138
54886,0.475138
54887,0.475138
54888,0.475138
54889,0.475138
54890,0.475138
54891,0.475138
54892,0.475138
54893,0.475138
54894,0.475138
54895,0.475138
54896,0.475138
54897,0.475138
54898,0.475138
54899,0.475138
54900,0.475138
54901,0.475138
54902,0.475138
54903,0.475138
54904,0.475138
54905,0.475138
54906,0.475138
54907,0.475138
54908,0.475138
54909,0.475138
54910,0.475138
54911,0.475138
54912,0.474970
54913,0.470015
54914,0.470015
54915,0.470015
54916,0.474970
54917,0.475138
54918,0.475138
54919,0.475138
54920,0.475138
54921,0.475138
54922,0.475138
54923,0.475138
54924,0.475138
54925,0.475138
54926,0.475138
54927,0.475138
54928,0.475138
54929,0.475138
54930,0.475138
54931,0.475138
54932,0.475138
54933,0.475138
54934,0.475138
54935,0.475138
54936,0.475138
54937,0.475138
54938,0.475138
54939,0.475138
54940,0.475138
54941,0.475138
54942,0.475138
54943,0.475138
54944,0.475138
54945,0.475138
54946,0.475138
54947,0.475138
54948,0.475138
54949,0.475138
54950,0.475138
54951,0.475138
54952,0.475138
54953,0.475138
54954,0.475138
54955,0.475138
54956,0.475138
54957,0.475138
54958,0.475138
54959,0.475138
54960,0.475138
54961,0.475138
54962,0.475138
54963,0.475138
54964,0.475138
54965,0.475138
54966,0.475138
54967,0.475138
54968,0.475138
54969,0.475138
54970,0.475138
54971,0.475138
54972,0.475138
54973,0.475138
54974,0.475138
54975,0.475138
54976,0.475138
54977,0.475138
54978,0.475138
54979,0.475138
54980,0.475138
54981,0.475138
54982,0.475138
54983,0.475138
54984,0.475138
54985,0.475138
54986,0.475138
54987,0.475138
54988,0.475138
54989,0.475138
54990,0.475138
54991,0.475138
54992,0.475138
54993,0.475138
54994,0.475138
54995,0.475138
54996,0.475138
54997,0.475138
54998,0.475138
54999,0.475138
55000,0.475138
55001,0.475138
55002,0.475138
55003,0.475138
55004,0.475138
55005,0.475138
55006,0.475138
55007,0.475138
55008,0.475138
55009,0.475138
55010,0.475138
55011,0.475138
55012,0.475138
55013,0.475138
55014,0.475138
55015,0.475138
55016,0.475138
55017,0.475138
55018,0.475138
55019,0.475138
55020,0.475138
55021,0.475138
55022,0.475138
55023,0.475138
55024,0.475138
55025,0.475138
55026,0.475138
55027,0.475138
55028,0.475138
55029,0.475138
55030,0.475138
55031,0.475138
55032,0.475138
55033,0.475138
55034,0.475138
55035,0.475138
55036,0.475138
55037,0.475138
55038,0.475138
55039,0.475138
55040,0.475138
55041,0.475138
55042,0.475138
55043,0.475138
55044,0.475138
55045,0.475138
55046,0.475138
55047,0.475138
55048,0.475138
55049,0.475138
55050,0.475138
55051,0.475138
55052,0.475138
55053,0.475138
55054,0.475138
55055,0.475138
55056,0.475138
55057,0.475138
55058,0.475138
55059,0.475138
55060,0.475138
55061,0.475138
55062,0.475138
55063,0.475138
55064,0.475138
55065,0.475138
55066,0.475138
55067,0.475138
55068,0.475138
55069,0.475138
55070,0.475138
55071,0.475138
55072,0.475138
55073,0.475138
55074,0.475138
55075,0.475138
55076,0.475138
55077,0.475138
55078,0.475138
55079,0.475138
55080,0.475138
55081,0.475138
55082,0.475138
55083,0.475138
55084,0.475138
55085,0.475138
55086,0.475138
55087,0.475138
55088,0.475138
55089,0.475138
55090,0.475138
55091,0.475138
55092,0.475138
55093,0.475138
55094,0.475138
55095,0.475138
55096,0.475138
55097,0.475138
55098,0.475138
55099,0.475138
55100,0.475138
55101,0.475138
55102,0.475138
55103,0.475138
55104,0.475138
55105,0.475138
55106,0.475138
55107,0.475138
55108,0.475138
55109,0.475138
55110,0.475138
55111,0.475138
55112,0.475138
55113,0.475138
55114,0.475138
55115,0.475138
55116,0.475138
55117,0.475138
55118,0.475138
55119,0.475138
55120,0.475138
55121,0.475138
55122,0.475138
55123,0.475138
55124,0.475138
55125,0.475138
55126,0.475138
55127,0.475138
55128,0.475138
55129,0.475138
55130,0.475138
55131,0.475138
55132,0.475138
55133,0.475138
55134,0.475138
55135,0.475138
55136,0.475138
55137,0.475138
55138,0.475138
55139,0.475138
55140,0.475138
55141,0.475138
55142,0.475138
55143,0.475138
55144,0.475138
55145,0.475138
55146,0.475138
55147,0.475138
55148,0.475138
55149,0.475138
55150,0.475138
55151,0.475138
55152,0.475138
55153,0.475138
55154,0.475138
55155,0.475138
55156,0.475138
55157,0.475138
55158,0.475138
55159,0.475138
55160,0.475138
55161,0.475138
55162,0.475138
55163,0.475138
55164,0.475138
55165,0.475138
55166,0.475138
55167,0.475138
55168,0.475138
55169,0.475138
55170,0.475138
55171,0.475138
55172,0.475138
55173,0.475138
55174,0.475138
55175,0.475138
55176,0.475138
55177,0.475138
55178,0.475138
55179,0.475138
55180,0.475138
55181,0.475138
55182,0.475138
55183,0.475138
55184,0.475138
55185,0.475138
55186,0.475138
55187,0.475138
55188,0.475138
55189,0.475138
55190,0.475138
55191,0.475138
55192,0.475138
55193,0.475138
55194,0.475138
55195,0.475138
55196,0.475138
55197,0.475138
55198,0.475138
55199,0.475138
55200,0.475138
55201,0.475138
55202,0.475138
55203,0.475138
55204,0.475138
55205,0.475138
55206,0.475138
55207,0.475138
55208,0.475138
55209,0.475138
55210,0.475138
55211,0.475138
55212,0.475138
55213,0.475138
55214,0.475138
55215,0.475138
55216,0.475138
55217,0.475138
55218,0.475138
55219,0.475138
55220,0.475138
55221,0.475138
55222,0.475138
55223,0.475138
55224,0.475138
55225,0.475138
55226,0.475138
55227,0.475138
55228,0.475138
55229,0.475138
55230,0.475138
55231,0.475138
55232,0.475138
55233,0.475138
55234,0.475138
55235,0.475138
55236,0.475138
55237,0.475138
55238,0.475138
55239,0.475138
55240,0.475138
55241,0.475138
55242,0.475138
55243,0.475138
55244,0.475138
55245,0.475138
55246,0.475138
55247,0.475138
55248,0.475138
55249,0.475138
55250,0.475138
55251,0.475138
55252,0.475138
55253,0.475138
55254,0.475138
55255,0.475138
55256,0.475138
55257,0.475138
55258,0.475138
55259,0.475138
55260,0.475138
55261,0.475138
55262,0.475138
55263,0.475138
55264,0.475138
55265,0.475138
55266,0.475138
55267,0.475138
55268,0.475138
55269,0.475138
55270,0.475138
55271,0.475138
55272,0.475138
55273,0.475138
55274,0.475138
55275,0.475138
55276,0.475138
55277,0.475138
55278,0.475138
55279,0.475138
55280,0.475138
55281,0.475138
55282,0.475138
55283,0.475138
55284,0.475138
55285,0.475138
55286,0.475138
55287,0.475138
55288,0.475138
55289,0.475138
55290,0.475138
55291,0.475138
55292,0.475138
55293,0.475138
55294,0.475138
55295,0.475138
55296,0.475138
55297,0.475138
55298,0.475138
55299,0.475138
55300,0.475138
55301,0.475138
55302,0.475138
55303,0.475138
55304,0.475138
55305,0.475138
55306,0.475138
55307,0.475138
55308,0.475138
55309,0.475138
55310,0.475138
55311,0.475138
55312,0.475138
55313,0.475138
55314,0.475138
55315,0.475138
55316,0.475138
55317,0.475138
55318,0.475138
55319,0.475138
55320,0.475138
55321,0.475138
55322,0.475138
55323,0.475138
55324,0.475138
55325,0.475138
55326,0.475138
55327,0.475138
55328,0.475138
55329,0.475138
55330,0.475138
55331,0.475138
55332,0.475138
55333,0.475138
55334,0.475138
55335,0.475138
55336,0.475138
55337,0.475138
55338,0.475138
55339,0.475138
55340,0.475138
55341,0.475138
55342,0.475138
55343,0.475138
55344,0.475138
55345,0.475138
55346,0.475138
55347,0.475138
55348,0.475138
55349,0.475138
55350,0.475138
55351,0.475138
55352,0.475138
55353,0.475138
55354,0.475138
55355,0.475138
55356,0.475138
55357,0.475138
55358,0.475138
55359,0.475138
55360,0.475138
55361,0.475138
55362,0.475138
55363,0.475138
55364,0.475138
55365,0.475138
55366,0.475138
55367,0.475138
55368,0.475138
55369,0.475138
55370,0.475138
55371,0.475138
55372,0.475138
55373,0.475138
55374,0.475138
55375,0.475138
55376,0.475138
55377,0.475138
55378,0.475138
55379,0.475138
55380,0.475138
55381,0.475138
55382,0.475138
55383,0.475138
55384,0.475138
55385,0.475138
55386,0.475138
55387,0.475138
55388,0.475138
55389,0.475138
55390,0.475138
55391,0.475138
55392,0.475138
55393,0.475138
55394,0.475138
55395,0.475138
55396,0.475138
55397,0.475138
55398,0.475138
55399,0.475138
55400,0.475138
55401,0.475138
55402,0.475138
55403,0.475138
55404,0.475138
55405,0.475138
55406,0.475138
55407,0.475138
55408,0.475138
55409,0.475138
55410,0.475138
55411,0.475138
55412,0.475138
55413,0.475138
55414,0.475138
55415,0.475138
55416,0.475138
55417,0.475138
55418,0.475138
55419,0.475138
55420,0.475138
55421,0.475138
55422,0.475138
55423,0.475138
55424,0.475138
55425,0.475138
55426,0.475138
55427,0.475138
55428,0.475138
55429,0.475138
55430,0.475138
55431,0.475138
55432,0.475138
55433,0.475138
55434,0.475138
55435,0.475138
55436,0.475138
55437,0.475138
55438,0.475138
55439,0.475138
55440,0.475138
55441,0.475138
55442,0.475138
55443,0.475138
55444,0.475138
55445,0.475138
55446,0.475138
55447,0.475138
55448,0.475138
55449,0.475138
55450,0.475138
55451,0.475138
55452,0.475138
55453,0.475138
55454,0.475138
55455,0.475138
55456,0.475138
55457,0.475138
55458,0.475138
55459,0.475138
55460,0.475138
55461,0.475138
55462,0.475138
55463,0.475138
55464,0.475138
55465,0.475138
55466,0.475138
55467,0.475138
55468,0.475138
55469,0.475138
55470,0.475138
55471,0.475138
55472,0.475138
55473,0.475138
55474,0.475138
55475,0.475138
55476,0.475138
55477,0.475138
55478,0.475138
55479,0.475138
55480,0.475138
55481,0.475138
55482,0.475138
55483,0.475138
55484,0.475138
55485,0.475138
55486,0.475138
55487,0.475138
55488,0.475138
55489,0.475138
55490,0.475138
55491,0.475138
55492,0.475138
55493,0.475138
55494,0.475138
55495,0.475138
55496,0.475138
55497,0.475138
55498,0.475138
55499,0.475138
55500,0.475138
55501,0.475138
55502,0.475138
55503,0.475138
55504,0.475138
55505,0.475138
55506,0.475138
55507,0.475138
55508,0.475138
55509,0.475138
55510,0.475138
55511,0.475138
55512,0.475138
55513,0.475138
55514,0.475138
55515,0.475138
55516,0.475138
55517,0.475138
55518,0.475138
55519,0.475138
55520,0.475138
55521,0.475138
55522,0.475138
55523,0.475138
55524,0.475138
55525,0.475138
55526,0.475138
55527,0.475138
55528,0.475138
55529,0.475138
55530,0.475138
55531,0.475138
55532,0.475138
55533,0.475138
55534,0.475138
55535,0.475138
55536,0.475138
55537,0.475138
55538,0.475138
55539,0.475138
55540,0.475138
55541,0.475138
55542,0.475138
55543,0.475138
55544,0.475138
55545,0.475138
55546,0.475138
55547,0.475138
55548,0.475138
55549,0.475138
55550,0.475138
55551,0.475138
55552,0.475138
55553,0.475138
55554,0.475138
55555,0.475138
55556,0.475138
55557,0.475138
55558,0.475138
55559,0.475138
55560,0.475138
55561,0.475138
55562,0.475138
55563,0.475138
55564,0.475138
55565,0.475138
55566,0.475138
55567,0.475138
55568,0.475138
55569,0.475138
55570,0.475138
55571,0.475138
55572,0.475138
55573,0.475138
55574,0.475138
55575,0.475138
55576,0.475138
55577,0.475138
55578,0.475138
55579,0.475138
55580,0.475138
55581,0.475138
55582,0.475138
55583,0.475138
55584,0.475138
55585,0.475138
55586,0.475138
55587,0.475138
55588,0.475138
55589,0.475138
55590,0.475138
55591,0.475138
55592,0.475138
55593,0.475138
55594,0.475138
55595,0.475138
55596,0.475138
55597,0.475138
55598,0.475138
55599,0.475138
55600,0.475138
55601,0.475138
55602,0.475138
55603,0.475138
55604,0.475138
55605,0.475138
55606,0.475138
55607,0.475138
55608,0.475138
55609,0.475138
55610,0.475138
55611,0.475138
55612,0.475138
55613,0.475138
55614,0.475138
55615,0.475138
55616,0.475138
55617,0.475138
55618,0.475138
55619,0.475138
55620,0.475138
55621,0.475138
55622,0.475138
55623,0.475138
55624,0.475138
55625,0.475138
55626,0.475138
55627,0.475138
55628,0.475138
55629,0.475138
55630,0.475138
55631,0.475138
55632,0.475138
55633,0.475138
55634,0.475138
55635,0.475138
55636,0.475138
55637,0.475138
55638,0.475138
55639,0.475138
55640,0.475138
55641,0.475138
55642,0.475138
55643,0.475138
55644,0.475138
55645,0.475138
55646,0.475138
55647,0.475138
55648,0.475138
55649,0.475138
55650,0.475138
55651,0.475138
55652,0.475138
55653,0.475138
55654,0.475138
55655,0.475138
55656,0.475138
55657,0.475138
55658,0.475138
55659,0.475138
55660,0.475138
55661,0.475138
55662,0.475138
55663,0.475138
55664,0.475138
55665,0.475138
55666,0.475138
55667,0.475138
55668,0.475138
55669,0.475138
55670,0.475138
55671,0.475138
55672,0.475138
55673,0.475138
55674,0.475138
55675,0.475138
55676,0.475138
55677,0.475138
55678,0.475138
55679,0.475138
55680,0.475138
55681,0.475138
55682,0.475138
55683,0.475138
55684,0.475138
55685,0.475138
55686,0.475138
55687,0.475138
55688,0.475138
55689,0.475138
55690,0.475138
55691,0.475138
55692,0.475138
55693,0.475138
55694,0.475138
55695,0.475138
55696,0.475138
55697,0.475138
55698,0.475138
55699,0.475138
55700,0.475138
55701,0.475138
55702,0.475138
55703,0.475138
55704,0.475138
55705,0.475138
55706,0.475138
55707,0.475138
55708,0.475138
55709,0.475138
55710,0.475138
55711,0.475138
55712,0.475138
55713,0.475138
55714,0.475138
55715,0.475138
55716,0.475138
55717,0.475138
55718,0.475138
55719,0.475138
55720,0.475138
55721,0.475138
55722,0.475138
55723,0.475138
55724,0.475138
55725,0.475138
55726,0.475138
55727,0.475138
55728,0.475138
55729,0.475138
55730,0.475138
55731,0.475138
55732,0.475138
55733,0.475138
55734,0.475138
55735,0.475138
55736,0.475138
55737,0.475138
55738,0.475138
55739,0.475138
55740,0.475138
55741,0.475138
55742,0.475138
55743,0.475138
55744,0.475138
55745,0.475138
55746,0.475138
55747,0.475138
55748,0.475138
55749,0.475138
55750,0.475138
55751,0.475138
55752,0.475138
55753,0.475138
55754,0.475138
55755,0.475138
55756,0.475138
55757,0.475138
55758,0.475138
55759,0.475138
55760,0.475138
55761,0.475138
55762,0.475138
55763,0.475138
55764,0.475138
55765,0.475138
55766,0.475138
55767,0.475138
55768,0.475138
55769,0.475138
55770,0.475138
55771,0.475138
55772,0.475138
55773,0.475138
55774,0.475138
55775,0.475138
55776,0.475138
55777,0.475138
55778,0.475138
55779,0.475138
55780,0.475138
55781,0.475138
55782,0.475138
55783,0.475138
55784,0.475138
55785,0.475138
55786,0.475138
55787,0.475138
55788,0.475138
55789,0.475138
55790,0.475138
55791,0.475138
55792,0.475138
55793,0.475138
55794,0.475138
55795,0.475138
55796,0.475138
55797,0.475138
55798,0.475138
55799,0.475138
55800,0.475138
55801,0.475138
55802,0.475138
55803,0.475138
55804,0.475138
55805,0.475138
55806,0.475138
55807,0.475138
55808,0.475138
55809,0.475138
55810,0.475138
55811,0.475138
55812,0.475138
55813,0.475138
55814,0.475138
55815,0.475138
55816,0.475138
55817,0.475138
55818,0.475138
55819,0.475138
55820,0.475138
55821,0.475138
55822,0.475138
55823,0.475138
55824,0.475138
55825,0.475138
55826,0.475138
55827,0.475138
55828,0.475138
55829,0.475138
55830,0.475138
55831,0.475138
55832,0.475138
55833,0.475138
55834,0.475138
55835,0.475138
55836,0.475138
55837,0.475138
55838,0.475138
55839,0.475138
55840,0.475138
55841,0.475138
55842,0.475138
55843,0.475138
55844,0.475138
55845,0.475138
55846,0.475138
55847,0.475138
55848,0.475138
55849,0.475138
55850,0.475138
55851,0.475138
55852,0.475138
55853,0.475138
55854,0.475138
55855,0.475138
55856,0.475138
55857,0.475138
55858,0.475138
55859,0.475138
55860,0.475138
55861,0.475138
55862,0.475138
55863,0.475138
55864,0.475138
55865,0.475138
55866,0.475138
55867,0.475138
55868,0.475138
55869,0.475138
55870,0.475138
55871,0.475138
55872,0.475138
55873,0.475138
55874,0.475138
55875,0.475138
55876,0.475138
55877,0.475138
55878,0.475138
55879,0.475138
55880,0.475138
55881,0.475138
55882,0.475138
55883,0.475138
55884,0.475138
55885,0.475138
55886,0.475138
55887,0.475138
55888,0.475138
55889,0.475138
55890,0.475138
55891,0.475138
55892,0.475138
55893,0.475138
55894,0.475138
55895,0.475138
55896,0.475138
55897,0.475138
55898,0.475138
55899,0.475138
55900,0.475138
55901,0.475138
55902,0.475138
55903,0.475138
55904,0.475138
55905,0.475138
55906,0.475138
55907,0.475138
55908,0.475138
55909,0.475138
55910,0.475138
55911,0.475138
55912,0.475138
55913,0.475138
55914,0.475138
55915,0.475138
55916,0.475138
55917,0.475138
55918,0.475138
55919,0.475138
55920,0.475138
55921,0.475138
55922,0.475138
55923,0.475138
55924,0.475138
55925,0.475138
55926,0.475138
55927,0.475138
55928,0.475138
55929,0.475138
55930,0.475138
55931,0.475138
55932,0.475138
55933,0.475138
55934,0.475138
55935,0.475138
55936,0.475138
55937,0.475138
55938,0.475138
55939,0.475138
55940,0.475138
55941,0.475138
55942,0.475138
55943,0.475138
55944,0.475138
55945,0.475138
55946,0.475138
55947,0.475138
55948,0.475138
55949,0.475138
55950,0.475138
55951,0.475138
55952,0.475138
55953,0.475138
55954,0.475138
55955,0.475138
55956,0.475138
55957,0.475138
55958,0.475138
55959,0.475138
55960,0.475138
55961,0.475138
55962,0.475138
55963,0.475138
55964,0.475138
55965,0.475138
55966,0.475138
55967,0.475138
55968,0.475138
55969,0.475138
55970,0.475138
55971,0.475138
55972,0.475138
55973,0.475138
55974,0.475138
55975,0.475138
55976,0.475138
55977,0.475138
55978,0.475138
55979,0.475138
55980,0.475138
55981,0.475138
55982,0.475138
55983,0.475138
55984,0.475138
55985,0.475138
55986,0.475138
55987,0.475138
55988,0.475138
55989,0.475138
55990,0.475138
55991,0.475138
55992,0.475138
55993,0.475138
55994,0.475138
55995,0.475138
55996,0.475138
55997,0.475138
55998,0.475138
55999,0.475138
56000,0.475138
56001,0.475138
56002,0.475138
56003,0.475138
56004,0.475138
56005,0.475138
56006,0.475138
56007,0.475138
56008,0.475138
56009,0.475138
56010,0.475138
56011,0.475138
56012,0.475138
56013,0.475138
56014,0.475138
56015,0.475138
56016,0.475138
56017,0.475138
56018,0.475138
56019,0.475138
56020,0.475138
56021,0.475138
56022,0.475138
56023,0.475138
56024,0.475138
56025,0.475138
56026,0.475138
56027,0.475138
56028,0.475138
56029,0.475138
56030,0.475138
56031,0.475138
56032,0.475138
56033,0.475138
56034,0.475138
56035,0.475138
56036,0.475138
56037,0.475138
56038,0.475138
56039,0.475138
56040,0.475138
56041,0.475138
56042,0.475138
56043,0.475138
56044,0.475138
56045,0.475138
56046,0.475138
56047,0.475138
56048,0.475138
56049,0.475138
56050,0.475138
56051,0.475138
56052,0.475138
56053,0.475138
56054,0.475138
56055,0.475138
56056,0.475138
56057,0.475138
56058,0.475138
56059,0.475138
56060,0.475138
56061,0.475138
56062,0.475138
56063,0.475138
56064,0.475138
56065,0.475138
56066,0.475138
56067,0.475138
56068,0.475138
56069,0.475138
56070,0.475138
56071,0.475138
56072,0.475138
56073,0.475138
56074,0.475138
56075,0.475138
56076,0.475138
56077,0.475138
56078,0.475138
56079,0.475138
56080,0.475138
56081,0.475138
56082,0.475138
56083,0.475138
56084,0.475138
56085,0.475138
56086,0.475138
56087,0.475138
56088,0.475138
56089,0.475138
56090,0.475138
56091,0.475138
56092,0.475138
56093,0.475138
56094,0.475138
56095,0.475138
56096,0.475138
56097,0.475138
56098,0.475138
56099,0.475138
56100,0.475138
56101,0.475138
56102,0.475138
56103,0.475138
56104,0.475138
56105,0.475138
56106,0.475138
56107,0.475138
56108,0.475138
56109,0.475138
56110,0.475138
56111,0.475138
56112,0.475138
56113,0.475138
56114,0.475138
56115,0.475138
56116,0.475138
56117,0.475138
56118,0.475138
56119,0.475138
56120,0.475138
56121,0.475138
56122,0.475138
56123,0.475138
56124,0.475138
56125,0.475138
56126,0.475138
56127,0.475138
56128,0.475138
56129,0.475138
56130,0.475138
56131,0.475138
56132,0.475138
56133,0.475138
56134,0.475138
56135,0.475138
56136,0.475138
56137,0.475138
56138,0.475138
56139,0.475138
56140,0.475138
56141,0.475138
56142,0.475138
56143,0.475138
56144,0.475138
56145,0.475138
56146,0.475138
56147,0.475138
56148,0.475138
56149,0.475138
56150,0.475138
56151,0.475138
56152,0.475138
56153,0.475138
56154,0.475138
56155,0.475138
56156,0.475138
56157,0.475138
56158,0.475138
56159,0.475138
56160,0.475138
56161,0.475138
56162,0.475138
56163,0.475138
56164,0.475138
56165,0.475138
56166,0.475138
56167,0.475138
56168,0.475138
56169,0.475138
56170,0.475138
56171,0.475138
56172,0.475138
56173,0.475138
56174,0.475138
56175,0.475138
56176,0.475138
56177,0.475138
56178,0.475138
56179,0.475138
56180,0.475138
56181,0.475138
56182,0.475138
56183,0.475138
56184,0.475138
56185,0.475138
56186,0.475138
56187,0.475138
56188,0.475138
56189,0.475138
56190,0.475138
56191,0.475138
56192,0.475138
56193,0.475138
56194,0.475138
56195,0.475138
56196,0.475138
56197,0.475138
56198,0.475138
56199,0.475138
56200,0.475138
56201,0.475138
56202,0.475138
56203,0.475138
56204,0.475138
56205,0.475138
56206,0.475138
56207,0.475138
56208,0.475138
56209,0.475138
56210,0.475138
56211,0.475138
56212,0.475138
56213,0.475138
56214,0.475138
56215,0.475138
56216,0.475138
56217,0.475138
56218,0.475138
56219,0.475138
56220,0.475138
56221,0.475138
56222,0.475138
56223,0.475138
56224,0.475138
56225,0.475138
56226,0.475138
56227,0.475138
56228,0.475138
56229,0.475138
56230,0.475138
56231,0.475138
56232,0.475138
56233,0.475138
56234,0.475138
56235,0.475138
56236,0.475138
56237,0.475138
56238,0.475138
56239,0.475138
56240,0.475138
56241,0.475138
56242,0.475138
56243,0.475138
56244,0.475138
56245,0.475138
56246,0.475138
56247,0.475138
56248,0.475138
56249,0.475138
56250,0.475138
56251,0.475138
56252,0.475138
56253,0.475138
56254,0.475138
56255,0.475138
56256,0.475138
56257,0.475138
56258,0.475138
56259,0.475138
56260,0.475138
56261,0.475138
56262,0.475138
56263,0.475138
56264,0.475138
56265,0.475138
56266,0.475138
56267,0.475138
56268,0.475138
56269,0.475138
56270,0.475138
56271,0.475138
56272,0.475138
56273,0.475138
56274,0.475138
56275,0.475138
56276,0.475138
56277,0.475138
56278,0.475138
56279,0.475138
56280,0.475138
56281,0.475138
56282,0.475138
56283,0.475138
56284,0.475138
56285,0.475138
56286,0.475138
56287,0.475138
56288,0.475138
56289,0.475138
56290,0.475138
56291,0.475138
56292,0.475138
56293,0.475138
56294,0.475138
56295,0.475138
56296,0.475138
56297,0.475138
56298,0.475138
56299,0.475138
56300,0.475138
56301,0.475138
56302,0.475138
56303,0.475138
56304,0.475138
56305,0.475138
56306,0.475138
56307,0.475138
56308,0.475138
56309,0.475138
56310,0.475138
56311,0.475138
56312,0.475138
56313,0.475138
56314,0.475138
56315,0.475138
56316,0.475138
56317,0.475138
56318,0.475138
56319,0.475138
56320,0.475138
56321,0.475138
56322,0.475138
56323,0.475138
56324,0.475138
56325,0.475138
56326,0.475138
56327,0.475138
56328,0.475138
56329,0.475138
56330,0.475138
56331,0.475138
56332,0.475138
56333,0.475138
56334,0.475138
56335,0.475138
56336,0.475138
56337,0.475138
56338,0.475138
56339,0.475138
56340,0.475138
56341,0.475138
56342,0.475138
56343,0.475138
56344,0.475138
56345,0.475138
56346,0.475138
56347,0.475138
56348,0.475138
56349,0.475138
56350,0.475138
56351,0.475138
56352,0.475138
56353,0.475138
56354,0.475138
56355,0.475138
56356,0.475138
56357,0.475138
56358,0.475138
56359,0.475138
56360,0.475138
56361,0.475138
56362,0.475138
56363,0.475138
56364,0.475138
56365,0.475138
56366,0.475138
56367,0.475138
56368,0.475138
56369,0.475138
56370,0.475138
56371,0.475138
56372,0.475138
56373,0.475138
56374,0.475138
56375,0.475138
56376,0.475138
56377,0.475138
56378,0.475138
56379,0.475138
56380,0.475138
56381,0.475138
56382,0.475138
56383,0.475138
56384,0.475138
56385,0.475138
56386,0.475138
56387,0.475138
56388,0.475138
56389,0.475138
56390,0.475138
56391,0.475138
56392,0.475138
56393,0.475138
56394,0.475138
56395,0.475138
56396,0.475138
56397,0.475138
56398,0.475138
56399,0.475138
56400,0.475138
56401,0.475138
56402,0.475138
56403,0.475138
56404,0.475138
56405,0.475138
56406,0.475138
56407,0.475138
56408,0.475138
56409,0.475138
56410,0.475138
56411,0.475138
56412,0.475138
56413,0.475138
56414,0.475138
56415,0.475138
56416,0.475138
56417,0.475138
56418,0.475138
56419,0.475138
56420,0.475138
56421,0.475138
56422,0.475138
56423,0.475138
56424,0.475138
56425,0.475138
56426,0.475138
56427,0.475138
56428,0.475138
56429,0.475138
56430,0.475138
56431,0.475138
56432,0.475138
56433,0.475138
56434,0.475138
56435,0.475138
56436,0.475138
56437,0.475138
56438,0.475138
56439,0.475138
56440,0.475138
56441,0.475138
56442,0.475138
56443,0.475138
56444,0.475138
56445,0.475138
56446,0.475138
56447,0.475138
56448,0.475138
56449,0.475138
56450,0.475138
56451,0.475138
56452,0.475138
56453,0.475138
56454,0.475138
56455,0.475138
56456,0.475138
56457,0.475138
56458,0.475138
56459,0.475138
56460,0.475138
56461,0.475138
56462,0.475138
56463,0.475138
56464,0.475138
56465,0.475138
56466,0.475138
56467,0.475138
56468,0.475138
56469,0.475138
56470,0.475138
56471,0.444521
56472,0.475138
56473,0.475138
56474,0.475138
56475,0.475138
56476,0.475138
56477,0.475138
56478,0.475138
56479,0.475138
56480,0.475138
56481,0.475138
56482,0.475138
56483,0.475138
56484,0.475138
56485,0.475138
56486,0.475138
56487,0.475138
56488,0.475138
56489,0.475138
56490,0.475138
56491,0.475138
56492,0.475138
56493,0.475138
56494,0.475138
56495,0.475138
56496,0.475138
56497,0.475138
56498,0.475138
56499,0.475138
56500,0.475138
56501,0.475138
56502,0.475138
56503,0.475138
56504,0.475138
56505,0.475138
56506,0.475138
56507,0.475138
56508,0.475138
56509,0.475138
56510,0.475138
56511,0.475138
56512,0.475138
56513,0.475138
56514,0.475138
56515,0.475138
56516,0.475138
56517,0.475138
56518,0.475138
56519,0.475138
56520,0.475138
56521,0.475138
56522,0.475138
56523,0.475138
56524,0.475138
56525,0.475138
56526,0.475138
56527,0.475138
56528,0.475138
56529,0.475138
56530,0.475138
56531,0.475138
56532,0.475138
56533,0.475138
56534,0.475138
56535,0.475138
56536,0.475138
56537,0.475138
56538,0.475138
56539,0.475138
56540,0.475138
56541,0.475138
56542,0.475138
56543,0.475138
56544,0.475138
56545,0.475138
56546,0.475138
56547,0.475138
56548,0.475138
56549,0.475138
56550,0.475138
56551,0.475138
56552,0.475138
56553,0.475138
56554,0.475138
56555,0.475138
56556,0.475138
56557,0.475138
56558,0.475138
56559,0.475138
56560,0.475138
56561,0.475138
56562,0.475138
56563,0.475138
56564,0.475138
56565,0.475138
56566,0.475138
56567,0.475138
56568,0.475138
56569,0.475138
56570,0.475138
56571,0.475138
56572,0.475138
56573,0.475138
56574,0.475138
56575,0.475138
56576,0.475138
56577,0.475138
56578,0.475138
56579,0.475138
56580,0.475138
56581,0.475138
56582,0.475138
56583,0.475138
56584,0.475138
56585,0.475138
56586,0.475138
56587,0.475138
56588,0.475138
56589,0.475138
56590,0.475138
56591,0.475138
56592,0.475138
56593,0.475138
56594,0.475138
56595,0.475138
56596,0.475138
56597,0.475138
56598,0.475138
56599,0.475138
56600,0.475138
56601,0.475138
56602,0.475138
56603,0.475138
56604,0.475138
56605,0.475138
56606,0.475138
56607,0.475138
56608,0.455397
56609,0.475138
56610,0.475138
56611,0.475138
56612,0.475138
56613,0.475138
56614,0.475138
56615,0.475138
56616,0.475138
56617,0.475138
56618,0.475138
56619,0.475138
56620,0.475138
56621,0.475138
56622,0.475138
56623,0.475138
56624,0.475138
56625,0.475138
56626,0.475138
56627,0.475138
56628,0.475138
56629,0.475138
56630,0.475138
56631,0.475138
56632,0.475138
56633,0.475138
56634,0.475138
56635,0.475138
56636,0.475138
56637,0.475138
56638,0.475138
56639,0.475138
56640,0.475138
56641,0.475138
56642,0.475138
56643,0.475138
56644,0.475138
56645,0.475138
56646,0.475138
56647,0.475138
56648,0.475138
56649,0.475138
56650,0.475138
56651,0.475138
56652,0.475138
56653,0.475138
56654,0.475138
56655,0.475138
56656,0.475138
56657,0.475138
56658,0.475138
56659,0.475138
56660,0.475138
56661,0.475138
56662,0.475138
56663,0.475138
56664,0.475138
56665,0.475138
56666,0.475138
56667,0.475138
56668,0.475138
56669,0.475138
56670,0.475138
56671,0.475138
56672,0.475138
56673,0.475138
56674,0.475138
56675,0.475138
56676,0.475138
56677,0.475138
56678,0.475138
56679,0.475138
56680,0.475138
56681,0.475138
56682,0.475138
56683,0.475138
56684,0.475138
56685,0.475138
56686,0.475138
56687,0.475138
56688,0.475138
56689,0.475138
56690,0.475138
56691,0.475138
56692,0.475138
56693,0.475138
56694,0.475138
56695,0.475138
56696,0.475138
56697,0.475138
56698,0.475138
56699,0.475138
56700,0.475138
56701,0.475138
56702,0.475138
56703,0.475138
56704,0.475138
56705,0.475138
56706,0.475138
56707,0.475138
56708,0.475138
56709,0.475138
56710,0.475138
56711,0.475138
56712,0.475138
56713,0.475138
56714,0.475138
56715,0.475138
56716,0.475138
56717,0.475138
56718,0.475138
56719,0.475138
56720,0.469428
56721,0.469428
56722,0.475138
56723,0.475138
56724,0.475138
56725,0.475138
56726,0.475138
56727,0.475138
56728,0.475138
56729,0.475138
56730,0.475138
56731,0.475138
56732,0.475138
56733,0.475138
56734,0.475138
56735,0.475138
56736,0.475138
56737,0.475138
56738,0.475138
56739,0.475138
56740,0.475138
56741,0.475138
56742,0.475138
56743,0.475138
56744,0.475138
56745,0.475138
56746,0.475138
56747,0.475138
56748,0.475138
56749,0.475138
56750,0.475138
56751,0.475138
56752,0.475138
56753,0.475138
56754,0.475138
56755,0.475138
56756,0.475138
56757,0.475138
56758,0.475138
56759,0.475138
56760,0.475138
56761,0.475138
56762,0.475138
56763,0.475138
56764,0.475138
56765,0.475138
56766,0.475138
56767,0.475138
56768,0.475138
56769,0.475138
56770,0.475138
56771,0.475138
56772,0.475138
56773,0.475138
56774,0.475138
56775,0.475138
56776,0.475138
56777,0.475138
56778,0.475138
56779,0.475138
56780,0.475138
56781,0.475138
56782,0.475138
56783,0.475138
56784,0.475138
56785,0.475138
56786,0.475138
56787,0.475138
56788,0.475138
56789,0.475138
56790,0.475138
56791,0.475138
56792,0.475138
56793,0.475138
56794,0.475138
56795,0.475138
56796,0.475138
56797,0.475138
56798,0.475138
56799,0.475138
56800,0.475138
56801,0.475138
56802,0.475138
56803,0.475138
56804,0.475138
56805,0.475138
56806,0.475138
56807,0.475138
56808,0.475138
56809,0.475138
56810,0.475138
56811,0.475138
56812,0.475138
56813,0.475138
56814,0.475138
56815,0.475138
56816,0.475138
56817,0.475138
56818,0.475138
56819,0.475138
56820,0.475138
56821,0.475138
56822,0.475138
56823,0.475138
56824,0.475138
56825,0.475138
56826,0.475138
56827,0.475138
56828,0.475138
56829,0.475138
56830,0.475138
56831,0.475138
56832,0.475138
56833,0.475138
56834,0.475138
56835,0.475138
56836,0.475138
56837,0.475138
56838,0.475138
56839,0.475138
56840,0.475138
56841,0.475138
56842,0.475138
56843,0.475138
56844,0.475138
56845,0.475138
56846,0.475138
56847,0.475138
56848,0.475138
56849,0.475138
56850,0.475138
56851,0.475138
56852,0.475138
56853,0.475138
56854,0.475138
56855,0.475138
56856,0.475138
56857,0.475138
56858,0.475138
56859,0.475138
56860,0.475138
56861,0.475138
56862,0.475138
56863,0.475138
56864,0.475138
56865,0.475138
56866,0.475138
56867,0.475138
56868,0.475138
56869,0.475138
56870,0.475138
56871,0.475138
56872,0.475138
56873,0.475138
56874,0.475138
56875,0.475138
56876,0.475138
56877,0.475138
56878,0.475138
56879,0.475138
56880,0.475138
56881,0.475138
56882,0.475138
56883,0.475138
56884,0.475138
56885,0.475138
56886,0.475138
56887,0.475138
56888,0.475138
56889,0.475138
56890,0.475138
56891,0.475138
56892,0.475138
56893,0.475138
56894,0.475138
56895,0.475138
56896,0.475138
56897,0.475138
56898,0.475138
56899,0.475138
56900,0.475138
56901,0.475138
56902,0.475138
56903,0.475138
56904,0.475138
56905,0.475138
56906,0.475138
56907,0.475138
56908,0.475138
56909,0.475138
56910,0.475138
56911,0.475138
56912,0.475138
56913,0.475138
56914,0.475138
56915,0.475138
56916,0.475138
56917,0.475138
56918,0.475138
56919,0.475138
56920,0.475138
56921,0.475138
56922,0.475138
56923,0.475138
56924,0.475138
56925,0.475138
56926,0.475138
56927,0.475138
56928,0.475138
56929,0.475138
56930,0.475138
56931,0.475138
56932,0.475138
56933,0.475138
56934,0.475138
56935,0.475138
56936,0.475138
56937,0.475138
56938,0.475138
56939,0.475138
56940,0.475138
56941,0.475138
56942,0.475138
56943,0.475138
56944,0.475138
56945,0.475138
56946,0.475138
56947,0.475138
56948,0.475138
56949,0.475138
56950,0.475138
56951,0.475138
56952,0.475138
56953,0.475138
56954,0.475138
56955,0.475138
56956,0.475138
56957,0.475138
56958,0.475138
56959,0.475138
56960,0.475138
56961,0.475138
56962,0.475138
56963,0.475138
56964,0.475138
56965,0.475138
56966,0.475138
56967,0.475138
56968,0.475138
56969,0.475138
56970,0.475138
56971,0.475138
56972,0.475138
56973,0.475138
56974,0.475138
56975,0.475138
56976,0.475138
56977,0.475138
56978,0.475138
56979,0.475138
56980,0.475138
56981,0.475138
56982,0.475138
56983,0.475138
56984,0.475138
56985,0.475138
56986,0.475138
56987,0.475138
56988,0.475138
56989,0.475138
56990,0.475138
56991,0.475138
56992,0.475138
56993,0.475138
56994,0.475138
56995,0.475138
56996,0.475138
56997,0.475138
56998,0.475138
56999,0.475138
57000,0.475138
57001,0.475138
57002,0.475138
57003,0.475138
57004,0.475138
57005,0.475138
57006,0.475138
57007,0.475138
57008,0.475138
57009,0.475138
57010,0.475138
57011,0.475138
57012,0.475138
57013,0.475138
57014,0.475138
57015,0.475138
57016,0.475138
57017,0.475138
57018,0.475138
57019,0.475138
57020,0.475138
57021,0.475138
57022,0.475138
57023,0.475138
57024,0.475138
57025,0.475138
57026,0.475138
57027,0.475138
57028,0.475138
57029,0.475138
57030,0.475138
57031,0.475138
57032,0.475138
57033,0.475138
57034,0.475138
57035,0.475138
57036,0.475138
57037,0.475138
57038,0.475138
57039,0.475138
57040,0.475138
57041,0.475138
57042,0.475138
57043,0.475138
57044,0.475138
57045,0.475138
57046,0.475138
57047,0.475138
57048,0.475138
57049,0.475138
57050,0.475138
57051,0.475138
57052,0.475138
57053,0.475138
57054,0.475138
57055,0.475138
57056,0.475138
57057,0.475138
57058,0.475138
57059,0.475138
57060,0.475138
57061,0.475138
57062,0.475138
57063,0.475138
57064,0.475138
57065,0.475138
57066,0.475138
57067,0.475138
57068,0.475138
57069,0.475138
57070,0.475138
57071,0.475138
57072,0.475138
57073,0.475138
57074,0.475138
57075,0.475138
57076,0.475138
57077,0.475138
57078,0.475138
57079,0.475138
57080,0.475138
57081,0.475138
57082,0.475138
57083,0.475138
57084,0.475138
57085,0.475138
57086,0.475138
57087,0.475138
57088,0.475138
57089,0.475138
57090,0.475138
57091,0.475138
57092,0.475138
57093,0.475138
57094,0.475138
57095,0.475138
57096,0.475138
57097,0.475138
57098,0.475138
57099,0.475138
57100,0.475138
57101,0.475138
57102,0.475138
57103,0.475138
57104,0.475138
57105,0.475138
57106,0.475138
57107,0.475138
57108,0.475138
57109,0.475138
57110,0.475138
57111,0.475138
57112,0.475138
57113,0.475138
57114,0.475138
57115,0.475138
57116,0.475138
57117,0.475138
57118,0.475138
57119,0.475138
57120,0.475138
57121,0.475138
57122,0.475138
57123,0.475138
57124,0.475138
57125,0.475138
57126,0.475138
57127,0.475138
57128,0.475138
57129,0.475138
57130,0.475138
57131,0.475138
57132,0.475138
57133,0.475138
57134,0.475138
57135,0.475138
57136,0.475138
57137,0.475138
57138,0.475138
57139,0.475138
57140,0.475138
57141,0.475138
57142,0.475138
57143,0.475138
57144,0.475138
57145,0.475138
57146,0.475138
57147,0.475138
57148,0.475138
57149,0.475138
57150,0.475138
57151,0.475138
57152,0.475138
57153,0.475138
57154,0.475138
57155,0.475138
57156,0.475138
57157,0.475138
57158,0.475138
57159,0.475138
57160,0.475138
57161,0.475138
57162,0.475138
57163,0.475138
57164,0.475138
57165,0.475138
57166,0.475138
57167,0.475138
57168,0.475138
57169,0.475138
57170,0.475138
57171,0.475138
57172,0.475138
57173,0.475138
57174,0.475138
57175,0.475138
57176,0.475138
57177,0.475138
57178,0.475138
57179,0.475138
57180,0.475138
57181,0.475138
57182,0.475138
57183,0.475138
57184,0.475138
57185,0.475138
57186,0.475138
57187,0.475138
57188,0.475138
57189,0.475138
57190,0.475138
57191,0.475138
57192,0.475138
57193,0.475138
57194,0.475138
57195,0.475138
57196,0.475138
57197,0.475138
57198,0.475138
57199,0.475138
57200,0.475138
57201,0.475138
57202,0.475138
57203,0.475138
57204,0.475138
57205,0.475138
57206,0.475138
57207,0.475138
57208,0.475138
57209,0.475138
57210,0.475138
57211,0.475138
57212,0.475138
57213,0.475138
57214,0.475138
57215,0.475138
57216,0.475138
57217,0.475138
57218,0.475138
57219,0.475138
57220,0.475138
57221,0.475138
57222,0.475138
57223,0.475138
57224,0.475138
57225,0.475138
57226,0.475138
57227,0.475138
57228,0.475138
57229,0.475138
57230,0.475138
57231,0.475138
57232,0.475138
57233,0.475138
57234,0.475138
57235,0.475138
57236,0.475138
57237,0.475138
57238,0.475138
57239,0.475138
57240,0.475138
57241,0.475138
57242,0.475138
57243,0.475138
57244,0.475138
57245,0.475138
57246,0.475138
57247,0.475138
57248,0.475138
57249,0.475138
57250,0.475138
57251,0.475138
57252,0.475138
57253,0.475138
57254,0.475138
57255,0.475138
57256,0.475138
57257,0.475138
57258,0.475138
57259,0.475138
57260,0.475138
57261,0.475138
57262,0.475138
57263,0.475138
57264,0.475138
57265,0.475138
57266,0.475138
57267,0.475138
57268,0.475138
57269,0.475138
57270,0.475138
57271,0.475138
57272,0.475138
57273,0.475138
57274,0.475138
57275,0.475138
57276,0.475138
57277,0.475138
57278,0.475138
57279,0.475138
57280,0.475138
57281,0.475138
57282,0.475138
57283,0.475138
57284,0.475138
57285,0.475138
57286,0.475138
57287,0.475138
57288,0.475138
57289,0.475138
57290,0.475138
57291,0.475138
57292,0.475138
57293,0.475138
57294,0.475138
57295,0.475138
57296,0.475138
57297,0.475138
57298,0.475138
57299,0.475138
57300,0.475138
57301,0.475138
57302,0.475138
57303,0.475138
57304,0.475138
57305,0.475138
57306,0.475138
57307,0.475138
57308,0.475138
57309,0.475138
57310,0.475138
57311,0.475138
57312,0.475138
57313,0.475138
57314,0.475138
57315,0.475138
57316,0.475138
57317,0.475138
57318,0.475138
57319,0.475138
57320,0.475138
57321,0.475138
57322,0.475138
57323,0.475138
57324,0.475138
57325,0.475138
57326,0.475138
57327,0.475138
57328,0.475138
57329,0.475138
57330,0.475138
57331,0.475138
57332,0.475138
57333,0.475138
57334,0.475138
57335,0.475138
57336,0.475138
57337,0.475138
57338,0.475138
57339,0.475138
57340,0.475138
57341,0.475138
57342,0.475138
57343,0.475138
57344,0.475138
57345,0.475138
57346,0.475138
57347,0.475138
57348,0.475138
57349,0.475138
57350,0.475138
57351,0.475138
57352,0.475138
57353,0.475138
57354,0.475138
57355,0.475138
57356,0.475138
57357,0.475138
57358,0.475138
57359,0.475138
57360,0.475138
57361,0.475138
57362,0.475138
57363,0.475138
57364,0.475138
57365,0.475138
57366,0.475138
57367,0.475138
57368,0.475138
57369,0.475138
57370,0.475138
57371,0.475138
57372,0.475138
57373,0.475138
57374,0.475138
57375,0.475138
57376,0.475138
57377,0.475138
57378,0.475138
57379,0.475138
57380,0.475138
57381,0.475138
57382,0.475138
57383,0.475138
57384,0.475138
57385,0.475138
57386,0.475138
57387,0.475138
57388,0.475138
57389,0.475138
57390,0.475138
57391,0.475138
57392,0.475138
57393,0.475138
57394,0.475138
57395,0.475138
57396,0.475138
57397,0.475138
57398,0.475138
57399,0.475138
57400,0.475138
57401,0.475138
57402,0.475138
57403,0.475138
57404,0.475138
57405,0.475138
57406,0.475138
57407,0.475138
57408,0.475138
57409,0.475138
57410,0.475138
57411,0.475138
57412,0.475138
57413,0.475138
57414,0.475138
57415,0.475138
57416,0.475138
57417,0.475138
57418,0.475138
57419,0.475138
57420,0.475138
57421,0.475138
57422,0.475138
57423,0.475138
57424,0.475138
57425,0.475138
57426,0.475138
57427,0.475138
57428,0.475138
57429,0.475138
57430,0.475138
57431,0.475138
57432,0.475138
57433,0.475138
57434,0.475138
57435,0.475138
57436,0.475138
57437,0.475138
57438,0.475138
57439,0.475138
57440,0.475138
57441,0.475138
57442,0.475138
57443,0.475138
57444,0.475138
57445,0.475138
57446,0.475138
57447,0.475138
57448,0.475138
57449,0.475138
57450,0.475138
57451,0.475138
57452,0.475138
57453,0.475138
57454,0.475138
57455,0.475138
57456,0.475138
57457,0.475138
57458,0.475138
57459,0.475138
57460,0.475138
57461,0.475138
57462,0.475138
57463,0.475138
57464,0.475138
57465,0.475138
57466,0.475138
57467,0.475138
57468,0.475138
57469,0.475138
57470,0.475138
57471,0.475138
57472,0.475138
57473,0.475138
57474,0.475138
57475,0.475138
57476,0.475138
57477,0.475138
57478,0.475138
57479,0.475138
57480,0.475138
57481,0.475138
57482,0.475138
57483,0.475138
57484,0.475138
57485,0.475138
57486,0.475138
57487,0.475138
57488,0.475138
57489,0.475138
57490,0.475138
57491,0.475138
57492,0.475138
57493,0.475138
57494,0.475138
57495,0.475138
57496,0.475138
57497,0.475138
57498,0.475138
57499,0.475138
57500,0.475138
57501,0.475138
57502,0.475138
57503,0.475138
57504,0.475138
57505,0.475138
57506,0.475138
57507,0.475138
57508,0.475138
57509,0.475138
57510,0.475138
57511,0.475138
57512,0.475138
57513,0.475138
57514,0.475138
57515,0.475138
57516,0.475138
57517,0.475138
57518,0.475138
57519,0.475138
57520,0.475138
57521,0.475138
57522,0.475138
57523,0.475138
57524,0.475138
57525,0.475138
57526,0.475138
57527,0.475138
57528,0.475138
57529,0.475138
57530,0.475138
57531,0.475138
57532,0.475138
57533,0.475138
57534,0.475138
57535,0.475138
57536,0.475138
57537,0.475138
57538,0.475138
57539,0.475138
57540,0.475138
57541,0.475138
57542,0.475138
57543,0.475138
57544,0.475138
57545,0.475138
57546,0.475138
57547,0.475138
57548,0.475138
57549,0.475138
57550,0.475138
57551,0.475138
57552,0.475138
57553,0.475138
57554,0.475138
57555,0.475138
57556,0.475138
57557,0.475138
57558,0.475138
57559,0.475138
57560,0.475138
57561,0.475138
57562,0.475138
57563,0.475138
57564,0.475138
57565,0.475138
57566,0.475138
57567,0.475138
57568,0.475138
57569,0.475138
57570,0.475138
57571,0.475138
57572,0.475138
57573,0.475138
57574,0.475138
57575,0.475138
57576,0.475138
57577,0.475138
57578,0.475138
57579,0.475138
57580,0.475138
57581,0.475138
57582,0.475138
57583,0.475138
57584,0.475138
57585,0.475138
57586,0.475138
57587,0.475138
57588,0.475138
57589,0.475138
57590,0.475138
57591,0.475138
57592,0.475138
57593,0.475138
57594,0.475138
57595,0.475138
57596,0.475138
57597,0.475138
57598,0.475138
57599,0.475138
57600,0.475138
57601,0.475138
57602,0.475138
57603,0.475138
57604,0.475138
57605,0.475138
57606,0.475138
57607,0.475138
57608,0.475138
57609,0.475138
57610,0.475138
57611,0.475138
57612,0.475138
57613,0.475138
57614,0.475138
57615,0.475138
57616,0.475138
57617,0.475138
57618,0.475138
57619,0.475138
57620,0.475138
57621,0.475138
57622,0.475138
57623,0.475138
57624,0.475138
57625,0.475138
57626,0.475138
57627,0.475138
57628,0.475138
57629,0.475138
57630,0.475138
57631,0.475138
57632,0.475138
57633,0.475138
57634,0.475138
57635,0.475138
57636,0.475138
57637,0.475138
57638,0.475138
57639,0.475138
57640,0.475138
57641,0.475138
57642,0.475138
57643,0.475138
57644,0.475138
57645,0.475138
57646,0.475138
57647,0.475138
57648,0.475138
57649,0.475138
57650,0.475138
57651,0.475138
57652,0.475138
57653,0.475138
57654,0.475138
57655,0.475138
57656,0.475138
57657,0.475138
57658,0.475138
57659,0.475138
57660,0.475138
57661,0.475138
57662,0.475138
57663,0.475138
57664,0.475138
57665,0.475138
57666,0.475138
57667,0.475138
57668,0.475138
57669,0.475138
57670,0.475138
57671,0.475138
57672,0.475138
57673,0.475138
57674,0.475138
57675,0.475138
57676,0.475138
57677,0.475138
57678,0.475138
57679,0.475138
57680,0.475138
57681,0.475138
57682,0.475138
57683,0.475138
57684,0.475138
57685,0.475138
57686,0.475138
57687,0.475138
57688,0.475138
57689,0.475138
57690,0.475138
57691,0.475138
57692,0.475138
57693,0.475138
57694,0.475138
57695,0.475138
57696,0.475138
57697,0.475138
57698,0.475138
57699,0.475138
57700,0.475138
57701,0.475138
57702,0.475138
57703,0.475138
57704,0.475138
57705,0.475138
57706,0.475138
57707,0.475138
57708,0.475138
57709,0.475138
57710,0.475138
57711,0.475138
57712,0.475138
57713,0.475138
57714,0.475138
57715,0.475138
57716,0.475138
57717,0.475138
57718,0.475138
57719,0.475138
57720,0.475138
57721,0.475138
57722,0.475138
57723,0.475138
57724,0.475138
57725,0.475138
57726,0.475138
57727,0.475138
57728,0.475138
57729,0.475138
57730,0.475138
57731,0.475138
57732,0.475138
57733,0.475138
57734,0.475138
57735,0.475138
57736,0.475138
57737,0.475138
57738,0.475138
57739,0.475138
57740,0.475138
57741,0.475138
57742,0.475138
57743,0.475138
57744,0.475138
57745,0.475138
57746,0.475138
57747,0.475138
57748,0.475138
57749,0.475138
57750,0.475138
57751,0.475138
57752,0.475138
57753,0.475138
57754,0.475138
57755,0.475138
57756,0.475138
57757,0.475138
57758,0.475138
57759,0.475138
57760,0.475138
57761,0.475138
57762,0.475138
57763,0.475138
57764,0.475138
57765,0.475138
57766,0.475138
57767,0.475138
57768,0.475138
57769,0.475138
57770,0.475138
57771,0.475138
57772,0.475138
57773,0.475138
57774,0.475138
57775,0.475138
57776,0.475138
57777,0.475138
57778,0.475138
57779,0.475138
57780,0.475138
57781,0.475138
57782,0.475138
57783,0.475138
57784,0.475138
57785,0.475138
57786,0.475138
57787,0.475138
57788,0.475138
57789,0.475138
57790,0.475138
57791,0.475138
57792,0.475138
57793,0.475138
57794,0.475138
57795,0.475138
57796,0.475138
57797,0.475138
57798,0.475138
57799,0.475138
57800,0.475138
57801,0.475138
57802,0.475138
57803,0.475138
57804,0.475138
57805,0.475138
57806,0.475138
57807,0.475138
57808,0.475138
57809,0.475138
57810,0.475138
57811,0.475138
57812,0.475138
57813,0.475138
57814,0.475138
57815,0.475138
57816,0.475138
57817,0.475138
57818,0.475138
57819,0.475138
57820,0.475138
57821,0.475138
57822,0.475138
57823,0.475138
57824,0.475138
57825,0.475138
57826,0.475138
57827,0.475138
57828,0.475138
57829,0.475138
57830,0.475138
57831,0.475138
57832,0.475138
57833,0.475138
57834,0.475138
57835,0.475138
57836,0.475138
57837,0.475138
57838,0.475138
57839,0.475138
57840,0.475138
57841,0.475138
57842,0.475138
57843,0.475138
57844,0.475138
57845,0.475138
57846,0.475138
57847,0.475138
57848,0.475138
57849,0.475138
57850,0.475138
57851,0.475138
57852,0.475138
57853,0.475138
57854,0.475138
57855,0.475138
57856,0.475138
57857,0.475138
57858,0.475138
57859,0.475138
57860,0.475138
57861,0.475138
57862,0.475138
57863,0.475138
57864,0.475138
57865,0.475138
57866,0.475138
57867,0.475138
57868,0.475138
57869,0.475138
57870,0.475138
57871,0.475138
57872,0.475138
57873,0.475138
57874,0.475138
57875,0.475138
57876,0.475138
57877,0.475138
57878,0.475138
57879,0.475138
57880,0.475138
57881,0.475138
57882,0.475138
57883,0.475138
57884,0.475138
57885,0.475138
57886,0.475138
57887,0.475138
57888,0.475138
57889,0.475138
57890,0.475138
57891,0.475138
57892,0.475138
57893,0.475138
57894,0.475138
57895,0.475138
57896,0.475138
57897,0.475138
57898,0.475138
57899,0.475138
57900,0.475138
57901,0.475138
57902,0.475138
57903,0.475138
57904,0.475138
57905,0.475138
57906,0.475138
57907,0.475138
57908,0.475138
57909,0.475138
57910,0.475138
57911,0.475138
57912,0.475138
57913,0.475138
57914,0.475138
57915,0.475138
57916,0.475138
57917,0.475138
57918,0.475138
57919,0.475138
57920,0.475138
57921,0.475138
57922,0.475138
57923,0.475138
57924,0.475138
57925,0.475138
57926,0.475138
57927,0.475138
57928,0.475138
57929,0.475138
57930,0.475138
57931,0.475138
57932,0.475138
57933,0.475138
57934,0.475138
57935,0.475138
57936,0.475138
57937,0.475138
57938,0.475138
57939,0.475138
57940,0.475138
57941,0.475138
57942,0.475138
57943,0.475138
57944,0.475138
57945,0.475138
57946,0.475138
57947,0.475138
57948,0.475138
57949,0.475138
57950,0.475138
57951,0.475138
57952,0.475138
57953,0.475138
57954,0.475138
57955,0.475138
57956,0.475138
57957,0.475138
57958,0.475138
57959,0.475138
57960,0.475138
57961,0.475138
57962,0.475138
57963,0.475138
57964,0.475138
57965,0.475138
57966,0.475138
57967,0.475138
57968,0.475138
57969,0.475138
57970,0.475138
57971,0.475138
57972,0.475138
57973,0.475138
57974,0.475138
57975,0.475138
57976,0.475138
57977,0.475138
57978,0.475138
57979,0.475138
57980,0.475138
57981,0.475138
57982,0.475138
57983,0.475138
57984,0.475138
57985,0.475138
57986,0.475138
57987,0.475138
57988,0.475138
57989,0.475138
57990,0.475138
57991,0.475138
57992,0.475138
57993,0.475138
57994,0.475138
57995,0.475138
57996,0.475138
57997,0.475138
57998,0.475138
57999,0.475138
58000,0.475138
58001,0.475138
58002,0.475138
58003,0.475138
58004,0.475138
58005,0.475138
58006,0.475138
58007,0.475138
58008,0.475138
58009,0.475138
58010,0.475138
58011,0.475138
58012,0.475138
58013,0.475138
58014,0.475138
58015,0.475138
58016,0.475138
58017,0.475138
58018,0.475138
58019,0.475138
58020,0.475138
58021,0.475138
58022,0.475138
58023,0.475138
58024,0.475138
58025,0.475138
58026,0.475138
58027,0.475138
58028,0.475138
58029,0.475138
58030,0.475138
58031,0.475138
58032,0.475138
58033,0.475138
58034,0.475138
58035,0.475138
58036,0.475138
58037,0.475138
58038,0.475138
58039,0.475138
58040,0.475138
58041,0.475138
58042,0.475138
58043,0.475138
58044,0.475138
58045,0.475138
58046,0.475138
58047,0.475138
58048,0.475138
58049,0.475138
58050,0.475138
58051,0.475138
58052,0.475138
58053,0.475138
58054,0.475138
58055,0.475138
58056,0.475138
58057,0.475138
58058,0.475138
58059,0.475138
58060,0.475138
58061,0.475138
58062,0.475138
58063,0.475138
58064,0.475138
58065,0.475138
58066,0.475138
58067,0.475138
58068,0.475138
58069,0.475138
58070,0.475138
58071,0.475138
58072,0.475138
58073,0.475138
58074,0.475138
58075,0.475138
58076,0.475138
58077,0.475138
58078,0.475138
58079,0.475138
58080,0.475138
58081,0.475138
58082,0.475138
58083,0.475138
58084,0.475138
58085,0.475138
58086,0.475138
58087,0.475138
58088,0.475138
58089,0.475138
58090,0.475138
58091,0.475138
58092,0.475138
58093,0.475138
58094,0.475138
58095,0.475138
58096,0.475138
58097,0.475138
58098,0.475138
58099,0.475138
58100,0.475138
58101,0.475138
58102,0.475138
58103,0.475138
58104,0.475138
58105,0.475138
58106,0.475138
58107,0.475138
58108,0.475138
58109,0.475138
58110,0.475138
58111,0.475138
58112,0.475138
58113,0.475138
58114,0.475138
58115,0.475138
58116,0.475138
58117,0.475138
58118,0.475138
58119,0.475138
58120,0.475138
58121,0.475138
58122,0.475138
58123,0.475138
58124,0.475138
58125,0.475138
58126,0.475138
58127,0.475138
58128,0.475138
58129,0.475138
58130,0.475138
58131,0.475138
58132,0.475138
58133,0.475138
58134,0.475138
58135,0.475138
58136,0.475138
58137,0.475138
58138,0.475138
58139,0.475138
58140,0.475138
58141,0.475138
58142,0.475138
58143,0.475138
58144,0.475138
58145,0.475138
58146,0.475138
58147,0.475138
58148,0.475138
58149,0.475138
58150,0.475138
58151,0.475138
58152,0.475138
58153,0.475138
58154,0.475138
58155,0.475138
58156,0.475138
58157,0.475138
58158,0.475138
58159,0.475138
58160,0.475138
58161,0.475138
58162,0.475138
58163,0.475138
58164,0.475138
58165,0.475138
58166,0.475138
58167,0.475138
58168,0.475138
58169,0.475138
58170,0.475138
58171,0.475138
58172,0.475138
58173,0.475138
58174,0.475138
58175,0.475138
58176,0.475138
58177,0.475138
58178,0.475138
58179,0.475138
58180,0.475138
58181,0.475138
58182,0.475138
58183,0.475138
58184,0.475138
58185,0.475138
58186,0.475138
58187,0.475138
58188,0.475138
58189,0.475138
58190,0.475138
58191,0.475138
58192,0.475138
58193,0.475138
58194,0.475138
58195,0.475138
58196,0.475138
58197,0.475138
58198,0.475138
58199,0.475138
58200,0.475138
58201,0.475138
58202,0.475138
58203,0.475138
58204,0.475138
58205,0.475138
58206,0.475138
58207,0.475138
58208,0.475138
58209,0.475138
58210,0.475138
58211,0.475138
58212,0.475138
58213,0.475138
58214,0.475138
58215,0.475138
58216,0.475138
58217,0.475138
58218,0.475138
58219,0.475138
58220,0.475138
58221,0.475138
58222,0.475138
58223,0.472435
58224,0.475138
58225,0.475138
58226,0.475138
58227,0.475138
58228,0.475138
58229,0.475138
58230,0.475138
58231,0.475138
58232,0.475138
58233,0.475138
58234,0.475138
58235,0.475138
58236,0.475138
58237,0.475138
58238,0.475138
58239,0.475138
58240,0.475138
58241,0.475138
58242,0.475138
58243,0.475138
58244,0.475138
58245,0.475138
58246,0.475138
58247,0.475138
58248,0.475138
58249,0.475138
58250,0.475138
58251,0.475138
58252,0.475138
58253,0.475138
58254,0.475138
58255,0.475138
58256,0.475138
58257,0.475138
58258,0.475138
58259,0.475138
58260,0.475138
58261,0.475138
58262,0.475138
58263,0.475138
58264,0.475138
58265,0.475138
58266,0.475138
58267,0.475138
58268,0.475138
58269,0.475138
58270,0.475138
58271,0.475138
58272,0.475138
58273,0.475138
58274,0.475138
58275,0.475138
58276,0.475138
58277,0.475138
58278,0.475138
58279,0.475138
58280,0.475138
58281,0.475138
58282,0.475138
58283,0.475138
58284,0.475138
58285,0.475138
58286,0.475138
58287,0.475138
58288,0.475138
58289,0.475138
58290,0.475138
58291,0.475138
58292,0.475138
58293,0.475138
58294,0.475138
58295,0.475138
58296,0.475138
58297,0.475138
58298,0.475138
58299,0.475138
58300,0.475138
58301,0.475138
58302,0.475138
58303,0.475138
58304,0.475138
58305,0.475138
58306,0.475138
58307,0.475138
58308,0.475138
58309,0.475138
58310,0.475138
58311,0.475138
58312,0.475138
58313,0.475138
58314,0.475138
58315,0.475138
58316,0.475138
58317,0.475138
58318,0.475138
58319,0.475138
58320,0.475138
58321,0.475138
58322,0.475138
58323,0.475138
58324,0.475138
58325,0.475138
58326,0.475138
58327,0.475138
58328,0.475138
58329,0.475138
58330,0.475138
58331,0.475138
58332,0.475138
58333,0.475138
58334,0.475138
58335,0.475138
58336,0.475138
58337,0.475138
58338,0.475138
58339,0.475138
58340,0.475138
58341,0.475138
58342,0.475138
58343,0.475138
58344,0.475138
58345,0.475138
58346,0.475138
58347,0.475138
58348,0.475138
58349,0.475138
58350,0.475138
58351,0.475138
58352,0.475138
58353,0.475138
58354,0.475138
58355,0.475138
58356,0.475138
58357,0.475138
58358,0.475138
58359,0.475138
58360,0.475138
58361,0.475138
58362,0.475138
58363,0.475138
58364,0.475138
58365,0.475138
58366,0.475138
58367,0.475138
58368,0.475138
58369,0.475138
58370,0.475138
58371,0.475138
58372,0.475138
58373,0.475138
58374,0.475138
58375,0.475138
58376,0.475138
58377,0.475138
58378,0.475138
58379,0.475138
58380,0.475138
58381,0.475138
58382,0.475138
58383,0.475138
58384,0.475138
58385,0.475138
58386,0.475138
58387,0.475138
58388,0.475138
58389,0.475138
58390,0.475138
58391,0.475138
58392,0.475138
58393,0.475138
58394,0.475138
58395,0.475138
58396,0.475138
58397,0.475138
58398,0.475138
58399,0.475138
58400,0.475138
58401,0.475138
58402,0.475138
58403,0.475138
58404,0.475138
58405,0.475138
58406,0.475138
58407,0.475138
58408,0.475138
58409,0.475138
58410,0.475138
58411,0.475138
58412,0.475138
58413,0.475138
58414,0.475138
58415,0.475138
58416,0.475138
58417,0.475138
58418,0.475138
58419,0.475138
58420,0.475138
58421,0.475138
58422,0.475138
58423,0.475138
58424,0.475138
58425,0.475138
58426,0.475138
58427,0.475138
58428,0.475138
58429,0.475138
58430,0.475138
58431,0.475138
58432,0.475138
58433,0.475138
58434,0.475138
58435,0.475138
58436,0.475138
58437,0.475138
58438,0.475138
58439,0.475138
58440,0.475138
58441,0.475138
58442,0.475138
58443,0.475138
58444,0.475138
58445,0.475138
58446,0.475138
58447,0.475138
58448,0.475138
58449,0.475138
58450,0.475138
58451,0.475138
58452,0.475138
58453,0.475138
58454,0.475138
58455,0.475138
58456,0.475138
58457,0.475138
58458,0.475138
58459,0.475138
58460,0.475138
58461,0.475138
58462,0.475138
58463,0.475138
58464,0.475138
58465,0.475138
58466,0.475138
58467,0.475138
58468,0.475138
58469,0.475138
58470,0.475138
58471,0.475138
58472,0.475138
58473,0.475138
58474,0.475138
58475,0.475138
58476,0.475138
58477,0.475138
58478,0.475138
58479,0.475138
58480,0.475138
58481,0.475138
58482,0.475138
58483,0.475138
58484,0.475138
58485,0.475138
58486,0.475138
58487,0.475138
58488,0.475138
58489,0.475138
58490,0.475138
58491,0.475138
58492,0.475138
58493,0.475138
58494,0.475138
58495,0.475138
58496,0.475138
58497,0.475138
58498,0.475138
58499,0.475138
58500,0.475138
58501,0.475138
58502,0.475138
58503,0.475138
58504,0.475138
58505,0.475138
58506,0.475138
58507,0.475138
58508,0.475138
58509,0.475138
58510,0.475138
58511,0.475138
58512,0.475138
58513,0.475138
58514,0.475138
58515,0.475138
58516,0.475138
58517,0.475138
58518,0.475138
58519,0.475138
58520,0.475138
58521,0.475138
58522,0.475138
58523,0.475138
58524,0.475138
58525,0.475138
58526,0.475138
58527,0.475138
58528,0.475138
58529,0.475138
58530,0.475138
58531,0.475138
58532,0.475138
58533,0.475138
58534,0.475138
58535,0.475138
58536,0.475138
58537,0.475138
58538,0.475138
58539,0.475138
58540,0.475138
58541,0.475138
58542,0.475138
58543,0.475138
58544,0.475138
58545,0.475138
58546,0.475138
58547,0.475138
58548,0.475138
58549,0.475138
58550,0.475138
58551,0.475138
58552,0.475138
58553,0.475138
58554,0.475138
58555,0.475138
58556,0.475138
58557,0.475138
58558,0.475138
58559,0.475138
58560,0.475138
58561,0.475138
58562,0.475138
58563,0.475138
58564,0.475138
58565,0.475138
58566,0.475138
58567,0.475138
58568,0.475138
58569,0.475138
58570,0.475138
58571,0.475138
58572,0.475138
58573,0.475138
58574,0.475138
58575,0.475138
58576,0.475138
58577,0.475138
58578,0.475138
58579,0.475138
58580,0.475138
58581,0.475138
58582,0.475138
58583,0.475138
58584,0.475138
58585,0.475138
58586,0.475138
58587,0.475138
58588,0.475138
58589,0.475138
58590,0.475138
58591,0.475138
58592,0.475138
58593,0.475138
58594,0.475138
58595,0.475138
58596,0.475138
58597,0.475138
58598,0.475138
58599,0.475138
58600,0.475138
58601,0.475138
58602,0.475138
58603,0.475138
58604,0.475138
58605,0.475138
58606,0.475138
58607,0.475138
58608,0.475138
58609,0.475138
58610,0.475138
58611,0.475138
58612,0.475138
58613,0.475138
58614,0.475138
58615,0.475138
58616,0.475138
58617,0.475138
58618,0.475138
58619,0.475138
58620,0.475138
58621,0.475138
58622,0.475138
58623,0.475138
58624,0.475138
58625,0.475138
58626,0.475138
58627,0.475138
58628,0.475138
58629,0.475138
58630,0.475138
58631,0.475138
58632,0.475138
58633,0.475138
58634,0.475138
58635,0.475138
58636,0.475138
58637,0.475138
58638,0.475138
58639,0.475138
58640,0.475138
58641,0.475138
58642,0.475138
58643,0.475138
58644,0.475138
58645,0.475138
58646,0.475138
58647,0.475138
58648,0.475138
58649,0.475138
58650,0.475138
58651,0.475138
58652,0.475138
58653,0.475138
58654,0.475138
58655,0.475138
58656,0.475138
58657,0.475138
58658,0.475138
58659,0.475138
58660,0.475138
58661,0.475138
58662,0.475138
58663,0.475138
58664,0.475138
58665,0.475138
58666,0.475138
58667,0.475138
58668,0.475138
58669,0.475138
58670,0.475138
58671,0.475138
58672,0.475138
58673,0.475138
58674,0.475138
58675,0.475138
58676,0.475138
58677,0.475138
58678,0.475138
58679,0.475138
58680,0.475138
58681,0.475138
58682,0.475138
58683,0.475138
58684,0.475138
58685,0.475138
58686,0.475138
58687,0.475138
58688,0.475138
58689,0.475138
58690,0.475138
58691,0.475138
58692,0.475138
58693,0.475138
58694,0.475138
58695,0.475138
58696,0.475138
58697,0.475138
58698,0.475138
58699,0.475138
58700,0.475138
58701,0.475138
58702,0.475138
58703,0.475138
58704,0.475138
58705,0.475138
58706,0.475138
58707,0.475138
58708,0.475138
58709,0.475138
58710,0.475138
58711,0.475138
58712,0.475138
58713,0.475138
58714,0.475138
58715,0.475138
58716,0.475138
58717,0.475138
58718,0.475138
58719,0.475138
58720,0.475138
58721,0.475138
58722,0.475138
58723,0.475138
58724,0.475138
58725,0.475138
58726,0.475138
58727,0.475138
58728,0.475138
58729,0.475138
58730,0.475138
58731,0.475138
58732,0.475138
58733,0.475138
58734,0.475138
58735,0.475138
58736,0.475138
58737,0.475138
58738,0.475138
58739,0.475138
58740,0.475138
58741,0.475138
58742,0.475138
58743,0.475138
58744,0.475138
58745,0.475138
58746,0.475138
58747,0.475138
58748,0.475138
58749,0.475138
58750,0.475138
58751,0.475138
58752,0.475138
58753,0.475138
58754,0.475138
58755,0.475138
58756,0.475138
58757,0.475138
58758,0.475138
58759,0.475138
58760,0.475138
58761,0.475138
58762,0.475138
58763,0.475138
58764,0.475138
58765,0.475138
58766,0.475138
58767,0.475138
58768,0.475138
58769,0.475138
58770,0.475138
58771,0.475138
58772,0.475138
58773,0.475138
58774,0.475138
58775,0.475138
58776,0.475138
58777,0.475138
58778,0.475138
58779,0.475138
58780,0.475138
58781,0.475138
58782,0.475138
58783,0.475138
58784,0.475138
58785,0.475138
58786,0.475138
58787,0.475138
58788,0.475138
58789,0.475138
58790,0.475138
58791,0.475138
58792,0.475138
58793,0.475138
58794,0.475138
58795,0.475138
58796,0.475138
58797,0.475138
58798,0.475138
58799,0.475138
58800,0.475138
58801,0.475138
58802,0.475138
58803,0.475138
58804,0.475138
58805,0.475138
58806,0.475138
58807,0.475138
58808,0.475138
58809,0.475138
58810,0.475138
58811,0.475138
58812,0.475138
58813,0.475138
58814,0.475138
58815,0.475138
58816,0.475138
58817,0.475138
58818,0.475138
58819,0.475138
58820,0.475138
58821,0.475138
58822,0.475138
58823,0.475138
58824,0.475138
58825,0.475138
58826,0.475138
58827,0.475138
58828,0.475138
58829,0.475138
58830,0.475138
58831,0.475138
58832,0.475138
58833,0.475138
58834,0.475138
58835,0.475138
58836,0.475138
58837,0.475138
58838,0.475138
58839,0.475138
58840,0.475138
58841,0.475138
58842,0.475138
58843,0.475138
58844,0.475138
58845,0.475138
58846,0.475138
58847,0.475138
58848,0.475138
58849,0.475138
58850,0.475138
58851,0.475138
58852,0.475138
58853,0.475138
58854,0.475138
58855,0.475138
58856,0.475138
58857,0.475138
58858,0.475138
58859,0.475138
58860,0.475138
58861,0.475138
58862,0.475138
58863,0.475138
58864,0.475138
58865,0.475138
58866,0.475138
58867,0.475138
58868,0.475138
58869,0.475138
58870,0.475138
58871,0.475138
58872,0.475138
58873,0.475138
58874,0.475138
58875,0.475138
58876,0.475138
58877,0.475138
58878,0.475138
58879,0.475138
58880,0.475138
58881,0.475138
58882,0.475138
58883,0.475138
58884,0.475138
58885,0.475138
58886,0.475138
58887,0.475138
58888,0.475138
58889,0.475138
58890,0.475138
58891,0.475138
58892,0.475138
58893,0.475138
58894,0.475138
58895,0.475138
58896,0.475138
58897,0.475138
58898,0.475138
58899,0.475138
58900,0.475138
58901,0.475138
58902,0.475138
58903,0.475138
58904,0.475138
58905,0.475138
58906,0.475138
58907,0.475138
58908,0.475138
58909,0.475138
58910,0.475138
58911,0.475138
58912,0.475138
58913,0.475138
58914,0.475138
58915,0.475138
58916,0.475138
58917,0.475138
58918,0.475138
58919,0.475138
58920,0.475138
58921,0.475138
58922,0.475138
58923,0.475138
58924,0.475138
58925,0.475138
58926,0.475138
58927,0.475138
58928,0.475138
58929,0.475138
58930,0.475138
58931,0.475138
58932,0.475138
58933,0.475138
58934,0.475138
58935,0.475138
58936,0.475138
58937,0.475138
58938,0.475138
58939,0.475138
58940,0.475138
58941,0.475138
58942,0.475138
58943,0.475138
58944,0.475138
58945,0.475138
58946,0.475138
58947,0.475138
58948,0.475138
58949,0.475138
58950,0.475138
58951,0.475138
58952,0.475138
58953,0.475138
58954,0.475138
58955,0.475138
58956,0.475138
58957,0.475138
58958,0.475138
58959,0.475138
58960,0.475138
58961,0.475138
58962,0.475138
58963,0.475138
58964,0.475138
58965,0.475138
58966,0.475138
58967,0.475138
58968,0.475138
58969,0.475138
58970,0.475138
58971,0.475138
58972,0.475138
58973,0.475138
58974,0.475138
58975,0.475138
58976,0.475138
58977,0.475138
58978,0.475138
58979,0.475138
58980,0.475138
58981,0.475138
58982,0.475138
58983,0.475138
58984,0.475138
58985,0.475138
58986,0.475138
58987,0.475138
58988,0.475138
58989,0.475138
58990,0.475138
58991,0.475138
58992,0.475138
58993,0.475138
58994,0.475138
58995,0.475138
58996,0.475138
58997,0.475138
58998,0.475138
58999,0.475138
59000,0.475138
59001,0.475138
59002,0.475138
59003,0.475138
59004,0.475138
59005,0.475138
59006,0.475138
59007,0.475138
59008,0.475138
59009,0.475138
59010,0.475138
59011,0.475138
59012,0.475138
59013,0.475138
59014,0.475138
59015,0.475138
59016,0.475138
59017,0.475138
59018,0.475138
59019,0.475138
59020,0.475138
59021,0.475138
59022,0.475138
59023,0.475138
59024,0.475138
59025,0.475138
59026,0.475138
59027,0.475138
59028,0.475138
59029,0.475138
59030,0.475138
59031,0.475138
59032,0.475138
59033,0.475138
59034,0.475138
59035,0.475138
59036,0.475138
59037,0.475138
59038,0.475138
59039,0.475138
59040,0.475138
59041,0.475138
59042,0.475138
59043,0.475138
59044,0.475138
59045,0.475138
59046,0.475138
59047,0.475138
59048,0.475138
59049,0.475138
59050,0.475138
59051,0.475138
59052,0.475138
59053,0.475138
59054,0.475138
59055,0.475138
59056,0.475138
59057,0.475138
59058,0.475138
59059,0.475138
59060,0.475138
59061,0.475138
59062,0.475138
59063,0.475138
59064,0.475138
59065,0.475138
59066,0.475138
59067,0.475138
59068,0.475138
59069,0.475138
59070,0.475138
59071,0.475138
59072,0.475138
59073,0.475138
59074,0.475138
59075,0.475138
59076,0.475138
59077,0.475138
59078,0.475138
59079,0.475138
59080,0.475138
59081,0.475138
59082,0.475138
59083,0.475138
59084,0.475138
59085,0.475138
59086,0.475138
59087,0.475138
59088,0.475138
59089,0.475138
59090,0.475138
59091,0.475138
59092,0.475138
59093,0.475138
59094,0.475138
59095,0.475138
59096,0.475138
59097,0.475138
59098,0.475138
59099,0.475138
59100,0.475138
59101,0.475138
59102,0.475138
59103,0.475138
59104,0.475138
59105,0.475138
59106,0.475138
59107,0.475138
59108,0.475138
59109,0.475138
59110,0.475138
59111,0.475138
59112,0.475138
59113,0.475138
59114,0.475138
59115,0.475138
59116,0.475138
59117,0.475138
59118,0.475138
59119,0.475138
59120,0.475138
59121,0.475138
59122,0.475138
59123,0.475138
59124,0.475138
59125,0.475138
59126,0.475138
59127,0.475138
59128,0.475138
59129,0.475138
59130,0.475138
59131,0.475138
59132,0.475138
59133,0.475138
59134,0.475138
59135,0.475138
59136,0.475138
59137,0.475138
59138,0.475138
59139,0.475138
59140,0.475138
59141,0.475138
59142,0.475138
59143,0.475138
59144,0.475138
59145,0.475138
59146,0.475138
59147,0.475138
59148,0.475138
59149,0.475138
59150,0.475138
59151,0.475138
59152,0.475138
59153,0.475138
59154,0.475138
59155,0.475138
59156,0.475138
59157,0.475138
59158,0.475138
59159,0.475138
59160,0.475138
59161,0.475138
59162,0.475138
59163,0.475138
59164,0.475138
59165,0.475138
59166,0.475138
59167,0.475138
59168,0.475138
59169,0.475138
59170,0.475138
59171,0.475138
59172,0.475138
59173,0.475138
59174,0.475138
59175,0.475138
59176,0.475138
59177,0.475138
59178,0.475138
59179,0.475138
59180,0.475138
59181,0.475138
59182,0.475138
59183,0.475138
59184,0.475138
59185,0.475138
59186,0.475138
59187,0.475138
59188,0.475138
59189,0.475138
59190,0.475138
59191,0.475138
59192,0.475138
59193,0.475138
59194,0.475138
59195,0.475138
59196,0.475138
59197,0.475138
59198,0.475138
59199,0.475138
59200,0.475138
59201,0.475138
59202,0.475138
59203,0.475138
59204,0.475138
59205,0.475138
59206,0.475138
59207,0.475138
59208,0.475138
59209,0.475138
59210,0.475138
59211,0.475138
59212,0.475138
59213,0.475138
59214,0.475138
59215,0.475138
59216,0.475138
59217,0.475138
59218,0.475138
59219,0.475138
59220,0.475138
59221,0.475138
59222,0.475138
59223,0.475138
59224,0.475138
59225,0.475138
59226,0.475138
59227,0.475138
59228,0.475138
59229,0.475138
59230,0.475138
59231,0.475138
59232,0.475138
59233,0.475138
59234,0.475138
59235,0.475138
59236,0.475138
59237,0.475138
59238,0.475138
59239,0.475138
59240,0.475138
59241,0.475138
59242,0.475138
59243,0.475138
59244,0.475138
59245,0.475138
59246,0.475138
59247,0.475138
59248,0.475138
59249,0.475138
59250,0.475138
59251,0.475138
59252,0.475138
59253,0.475138
59254,0.475138
59255,0.475138
59256,0.475138
59257,0.475138
59258,0.475138
59259,0.475138
59260,0.475138
59261,0.475138
59262,0.475138
59263,0.475138
59264,0.475138
59265,0.475138
59266,0.475138
59267,0.475138
59268,0.475138
59269,0.475138
59270,0.475138
59271,0.475138
59272,0.475138
59273,0.475138
59274,0.475138
59275,0.475138
59276,0.475138
59277,0.475138
59278,0.475138
59279,0.475138
59280,0.475138
59281,0.475138
59282,0.475138
59283,0.475138
59284,0.475138
59285,0.475138
59286,0.475138
59287,0.475138
59288,0.475138
59289,0.475138
59290,0.475138
59291,0.475138
59292,0.475138
59293,0.475138
59294,0.475138
59295,0.475138
59296,0.475138
59297,0.475138
59298,0.475138
59299,0.475138
59300,0.475138
59301,0.475138
59302,0.475138
59303,0.475138
59304,0.475138
59305,0.475138
59306,0.475138
59307,0.475138
59308,0.475138
59309,0.475138
59310,0.475138
59311,0.475138
59312,0.475138
59313,0.475138
59314,0.475138
59315,0.475138
59316,0.475138
59317,0.475138
59318,0.475138
59319,0.475138
59320,0.475138
59321,0.475138
59322,0.475138
59323,0.475138
59324,0.475138
59325,0.475138
59326,0.475138
59327,0.475138
59328,0.475138
59329,0.475138
59330,0.475138
59331,0.475138
59332,0.475138
59333,0.475138
59334,0.475138
59335,0.475138
59336,0.475138
59337,0.475138
59338,0.475138
59339,0.475138
59340,0.475138
59341,0.475138
59342,0.475138
59343,0.475138
59344,0.475138
59345,0.475138
59346,0.475138
59347,0.475138
59348,0.475138
59349,0.475138
59350,0.475138
59351,0.475138
59352,0.475138
59353,0.475138
59354,0.475138
59355,0.475138
59356,0.475138
59357,0.475138
59358,0.475138
59359,0.475138
59360,0.475138
59361,0.475138
59362,0.475138
59363,0.475138
59364,0.475138
59365,0.475138
59366,0.475138
59367,0.475138
59368,0.475138
59369,0.475138
59370,0.475138
59371,0.475138
59372,0.475138
59373,0.475138
59374,0.475138
59375,0.475138
59376,0.475138
59377,0.475138
59378,0.475138
59379,0.475138
59380,0.475138
59381,0.475138
59382,0.475138
59383,0.475138
59384,0.475138
59385,0.475138
59386,0.475138
59387,0.475138
59388,0.475138
59389,0.475138
59390,0.475138
59391,0.475138
59392,0.475138
59393,0.475138
59394,0.475138
59395,0.475138
59396,0.475138
59397,0.475138
59398,0.475138
59399,0.475138
59400,0.475138
59401,0.475138
59402,0.475138
59403,0.475138
59404,0.475138
59405,0.475138
59406,0.475138
59407,0.475138
59408,0.475138
59409,0.475138
59410,0.475138
59411,0.475138
59412,0.475138
59413,0.475138
59414,0.475138
59415,0.475138
59416,0.475138
59417,0.475138
59418,0.475138
59419,0.475138
59420,0.475138
59421,0.475138
59422,0.475138
59423,0.475138
59424,0.475138
59425,0.475138
59426,0.475138
59427,0.475138
59428,0.475138
59429,0.475138
59430,0.475138
59431,0.475138
59432,0.475138
59433,0.475138
59434,0.475138
59435,0.475138
59436,0.475138
59437,0.475138
59438,0.475138
59439,0.475138
59440,0.475138
59441,0.475138
59442,0.475138
59443,0.475138
59444,0.475138
59445,0.475138
59446,0.475138
59447,0.475138
59448,0.475138
59449,0.475138
59450,0.475138
59451,0.475138
59452,0.475138
59453,0.475138
59454,0.475138
59455,0.475138
59456,0.475138
59457,0.475138
59458,0.475138
59459,0.475138
59460,0.475138
59461,0.475138
59462,0.475138
59463,0.475138
59464,0.475138
59465,0.475138
59466,0.475138
59467,0.475138
59468,0.475138
59469,0.475138
59470,0.475138
59471,0.475138
59472,0.475138
59473,0.475138
59474,0.475138
59475,0.475138
59476,0.475138
59477,0.475138
59478,0.475138
59479,0.475138
59480,0.475138
59481,0.475138
59482,0.475138
59483,0.475138
59484,0.475138
59485,0.475138
59486,0.475138
59487,0.475138
59488,0.475138
59489,0.475138
59490,0.475138
59491,0.475138
59492,0.475138
59493,0.475138
59494,0.475138
59495,0.475138
59496,0.475138
59497,0.475138
59498,0.475138
59499,0.475138
59500,0.475138
59501,0.475138
59502,0.475138
59503,0.475138
59504,0.475138
59505,0.475138
59506,0.475138
59507,0.475138
59508,0.475138
59509,0.475138
59510,0.475138
59511,0.475138
59512,0.475138
59513,0.475138
59514,0.475138
59515,0.475138
59516,0.475138
59517,0.475138
59518,0.475138
59519,0.475138
59520,0.475138
59521,0.475138
59522,0.475138
59523,0.475138
59524,0.475138
59525,0.475138
59526,0.475138
59527,0.475138
59528,0.475138
59529,0.475138
59530,0.475138
59531,0.475138
59532,0.475138
59533,0.475138
59534,0.475138
59535,0.475138
59536,0.475138
59537,0.475138
59538,0.475138
59539,0.475138
59540,0.475138
59541,0.475138
59542,0.475138
59543,0.475138
59544,0.475138
59545,0.475138
59546,0.475138
59547,0.475138
59548,0.475138
59549,0.475138
59550,0.475138
59551,0.475138
59552,0.475138
59553,0.475138
59554,0.475138
59555,0.475138
59556,0.475138
59557,0.475138
59558,0.475138
59559,0.475138
59560,0.475138
59561,0.475138
59562,0.475138
59563,0.475138
59564,0.475138
59565,0.475138
59566,0.475138
59567,0.475138
59568,0.475138
59569,0.475138
59570,0.475138
59571,0.475138
59572,0.475138
59573,0.475138
59574,0.475138
59575,0.475138
59576,0.475138
59577,0.475138
59578,0.475138
59579,0.475138
59580,0.475138
59581,0.475138
59582,0.475138
59583,0.475138
59584,0.475138
59585,0.475138
59586,0.475138
59587,0.475138
59588,0.475138
59589,0.475138
59590,0.475138
59591,0.475138
59592,0.475138
59593,0.475138
59594,0.475138
59595,0.475138
59596,0.475138
59597,0.475138
59598,0.475138
59599,0.475138
59600,0.475138
59601,0.475138
59602,0.475138
59603,0.475138
59604,0.475138
59605,0.475138
59606,0.475138
59607,0.475138
59608,0.475138
59609,0.475138
59610,0.475138
59611,0.475138
59612,0.475138
59613,0.475138
59614,0.475138
59615,0.475138
59616,0.475138
59617,0.475138
59618,0.475138
59619,0.475138
59620,0.475138
59621,0.475138
59622,0.475138
59623,0.475138
59624,0.475138
59625,0.475138
59626,0.475138
59627,0.475138
59628,0.475138
59629,0.475138
59630,0.475138
59631,0.475138
59632,0.475138
59633,0.475138
59634,0.475138
59635,0.475138
59636,0.475138
59637,0.475138
59638,0.475138
59639,0.475138
59640,0.475138
59641,0.475138
59642,0.475138
59643,0.475138
59644,0.475138
59645,0.475138
59646,0.475138
59647,0.475138
59648,0.475138
59649,0.475138
59650,0.475138
59651,0.475138
59652,0.475138
59653,0.475138
59654,0.475138
59655,0.475138
59656,0.475138
59657,0.475138
59658,0.475138
59659,0.475138
59660,0.475138
59661,0.475138
59662,0.475138
59663,0.475138
59664,0.475138
59665,0.475138
59666,0.475138
59667,0.475138
59668,0.475138
59669,0.475138
59670,0.475138
59671,0.475138
59672,0.475138
59673,0.475138
59674,0.475138
59675,0.475138
59676,0.475138
59677,0.475138
59678,0.475138
59679,0.475138
59680,0.475138
59681,0.475138
59682,0.475138
59683,0.475138
59684,0.475138
59685,0.475138
59686,0.475138
59687,0.475138
59688,0.475138
59689,0.475138
59690,0.475138
59691,0.475138
59692,0.475138
59693,0.475138
59694,0.475138
59695,0.475138
59696,0.475138
59697,0.475138
59698,0.475138
59699,0.475138
59700,0.475138
59701,0.475138
59702,0.475138
59703,0.475138
59704,0.475138
59705,0.475138
59706,0.475138
59707,0.475138
59708,0.475138
59709,0.475138
59710,0.475138
59711,0.475138
59712,0.475138
59713,0.475138
59714,0.475138
59715,0.475138
59716,0.475138
59717,0.475138
59718,0.475138
59719,0.475138
59720,0.475138
59721,0.475138
59722,0.475138
59723,0.475138
59724,0.475138
59725,0.475138
59726,0.475138
59727,0.475138
59728,0.475138
59729,0.475138
59730,0.475138
59731,0.475138
59732,0.475138
59733,0.475138
59734,0.475138
59735,0.475138
59736,0.475138
59737,0.475138
59738,0.475138
59739,0.475138
59740,0.475138
59741,0.475138
59742,0.475138
59743,0.475138
59744,0.475138
59745,0.475138
59746,0.475138
59747,0.475138
59748,0.475138
59749,0.475138
59750,0.475138
59751,0.475138
59752,0.475138
59753,0.475138
59754,0.475138
59755,0.475138
59756,0.475138
59757,0.475138
59758,0.475138
59759,0.475138
59760,0.475138
59761,0.475138
59762,0.475138
59763,0.475138
59764,0.475138
59765,0.475138
59766,0.475138
59767,0.475138
59768,0.475138
59769,0.475138
59770,0.475138
59771,0.475138
59772,0.475138
59773,0.475138
59774,0.475138
59775,0.475138
59776,0.475138
59777,0.475138
59778,0.475138
59779,0.475138
59780,0.475138
59781,0.475138
59782,0.475138
59783,0.475138
59784,0.475138
59785,0.475138
59786,0.475138
59787,0.475138
59788,0.475138
59789,0.475138
59790,0.475138
59791,0.475138
59792,0.475138
59793,0.475138
59794,0.475138
59795,0.475138
59796,0.475138
59797,0.475138
59798,0.475138
59799,0.475138
59800,0.475138
59801,0.475138
59802,0.475138
59803,0.475138
59804,0.475138
59805,0.475138
59806,0.475138
59807,0.475138
59808,0.475138
59809,0.475138
59810,0.475138
59811,0.475138
59812,0.475138
59813,0.475138
59814,0.475138
59815,0.475138
59816,0.475138
59817,0.475138
59818,0.475138
59819,0.475138
59820,0.475138
59821,0.475138
59822,0.475138
59823,0.475138
59824,0.475138
59825,0.475138
59826,0.475138
59827,0.475138
59828,0.475138
59829,0.475138
59830,0.475138
59831,0.475138
59832,0.475138
59833,0.475138
59834,0.475138
59835,0.475138
59836,0.472785
59837,0.472785
59838,0.472785
59839,0.472785
59840,0.475138
59841,0.475138
59842,0.475138
59843,0.475138
59844,0.475138
59845,0.475138
59846,0.475138
59847,0.475138
59848,0.475138
59849,0.475138
59850,0.475138
59851,0.475138
59852,0.475138
59853,0.475138
59854,0.475138
59855,0.475138
59856,0.475138
59857,0.475138
59858,0.475138
59859,0.475138
59860,0.475138
59861,0.475138
59862,0.475138
59863,0.475138
59864,0.475138
59865,0.475138
59866,0.475138
59867,0.475138
59868,0.475138
59869,0.475138
59870,0.475138
59871,0.475138
59872,0.475138
59873,0.475138
59874,0.475138
59875,0.475138
59876,0.475138
59877,0.475138
59878,0.475138
59879,0.475138
59880,0.475138
59881,0.475138
59882,0.475138
59883,0.475138
59884,0.475138
59885,0.475138
59886,0.475138
59887,0.475138
59888,0.475138
59889,0.475138
59890,0.475138
59891,0.475138
59892,0.475138
59893,0.475138
59894,0.475138
59895,0.475138
59896,0.475138
59897,0.475138
59898,0.475138
59899,0.475138
59900,0.475138
59901,0.475138
59902,0.475138
59903,0.475138
59904,0.475138
59905,0.475138
59906,0.475138
59907,0.475138
59908,0.475138
59909,0.475138
59910,0.475138
59911,0.475138
59912,0.475138
59913,0.475138
59914,0.475138
59915,0.475138
59916,0.475138
59917,0.475138
59918,0.475138
59919,0.475138
59920,0.475138
59921,0.475138
59922,0.475138
59923,0.475138
59924,0.475138
59925,0.475138
59926,0.475138
59927,0.475138
59928,0.475138
59929,0.475138
59930,0.475138
59931,0.475138
59932,0.475138
59933,0.475138
59934,0.475138
59935,0.475138
59936,0.475138
59937,0.475138
59938,0.475138
59939,0.475138
59940,0.475138
59941,0.475138
59942,0.475138
59943,0.475138
59944,0.475138
59945,0.475138
59946,0.475138
59947,0.475138
59948,0.475138
59949,0.475138
59950,0.475138
59951,0.475138
59952,0.475138
59953,0.475138
59954,0.475138
59955,0.475138
59956,0.475138
59957,0.475138
59958,0.475138
59959,0.475138
59960,0.475138
59961,0.475138
59962,0.475138
59963,0.475138
59964,0.475138
59965,0.475138
59966,0.475138
59967,0.475138
59968,0.475138
59969,0.475138
59970,0.475138
59971,0.475138
59972,0.475138
59973,0.475138
59974,0.475138
59975,0.475138
59976,0.475138
59977,0.475138
59978,0.475138
59979,0.475138
59980,0.475138
59981,0.475138
59982,0.475138
59983,0.475138
59984,0.475138
59985,0.475138
59986,0.475138
59987,0.475138
59988,0.475138
59989,0.475138
59990,0.475138
59991,0.475138
59992,0.475138
59993,0.475138
59994,0.475138
59995,0.475138
59996,0.475138
59997,0.475138
59998,0.475138
59999,0.475138
60000,0.475481
60001,0.475138
60002,0.475138
60003,0.475138
60004,0.475138
60005,0.475138
60006,0.475138
60007,0.475138
60008,0.475138
60009,0.475138
60010,0.475138
60011,0.475138
60012,0.475138
60013,0.475138
60014,0.475138
60015,0.475138
60016,0.475138
60017,0.475138
60018,0.475138
60019,0.475138
60020,0.475138
60021,0.475138
60022,0.475138
60023,0.475138
60024,0.475138
60025,0.475138
60026,0.475138
60027,0.475138
60028,0.475138
60029,0.475138
60030,0.475138
60031,0.475138
60032,0.475138
60033,0.475138
60034,0.475138
60035,0.475138
60036,0.475138
60037,0.475138
60038,0.475138
60039,0.475138
60040,0.475138
60041,0.475138
60042,0.475138
60043,0.475138
60044,0.475138
60045,0.475138
60046,0.475138
60047,0.475138
60048,0.475138
60049,0.475138
60050,0.475138
60051,0.475138
60052,0.475138
60053,0.475138
60054,0.475138
60055,0.475138
60056,0.475138
60057,0.475138
60058,0.475138
60059,0.475138
60060,0.475138
60061,0.475138
60062,0.475138
60063,0.475138
60064,0.475138
60065,0.475138
60066,0.475138
60067,0.475138
60068,0.475138
60069,0.475138
60070,0.475138
60071,0.475138
60072,0.475138
60073,0.475138
60074,0.475138
60075,0.475138
60076,0.475138
60077,0.475138
60078,0.475138
60079,0.475138
60080,0.475138
60081,0.475138
60082,0.475138
60083,0.475138
60084,0.475138
60085,0.475138
60086,0.475138
60087,0.475138
60088,0.475138
60089,0.475138
60090,0.475138
60091,0.475138
60092,0.475138
60093,0.475138
60094,0.475138
60095,0.475138
60096,0.475138
60097,0.475138
60098,0.475138
60099,0.475138
60100,0.475138
60101,0.475138
60102,0.475138
60103,0.475138
60104,0.475138
60105,0.475138
60106,0.475138
60107,0.475138
60108,0.475138
60109,0.475138
60110,0.475138
60111,0.475138
60112,0.475138
60113,0.475138
60114,0.475138
60115,0.475138
60116,0.475138
60117,0.475138
60118,0.475138
60119,0.475138
60120,0.475138
60121,0.475138
60122,0.475138
60123,0.475138
60124,0.475138
60125,0.475138
60126,0.475138
60127,0.475138
60128,0.475138
60129,0.475138
60130,0.475138
60131,0.475138
60132,0.475138
60133,0.475138
60134,0.475138
60135,0.475138
60136,0.475138
60137,0.475138
60138,0.475138
60139,0.475138
60140,0.475138
60141,0.475138
60142,0.475138
60143,0.475138
60144,0.475138
60145,0.475138
60146,0.475138
60147,0.475138
60148,0.475138
60149,0.475138
60150,0.475138
60151,0.475138
60152,0.475138
60153,0.475138
60154,0.475138
60155,0.475138
60156,0.475138
60157,0.475138
60158,0.475138
60159,0.475138
60160,0.475138
60161,0.475138
60162,0.475138
60163,0.475138
60164,0.475138
60165,0.475138
60166,0.475138
60167,0.475138
60168,0.475138
60169,0.475138
60170,0.475138
60171,0.475138
60172,0.475138
60173,0.475138
60174,0.475138
60175,0.475138
60176,0.475138
60177,0.475138
60178,0.475138
60179,0.475138
60180,0.475138
60181,0.475138
60182,0.475138
60183,0.475138
60184,0.475138
60185,0.475138
60186,0.475138
60187,0.475138
60188,0.475138
60189,0.475138
60190,0.475138
60191,0.475138
60192,0.475138
60193,0.475138
60194,0.475138
60195,0.475138
60196,0.475138
60197,0.475138
60198,0.475138
60199,0.475138
60200,0.475138
60201,0.475138
60202,0.475138
60203,0.475138
60204,0.475138
60205,0.475138
60206,0.475138
60207,0.475138
60208,0.475138
60209,0.475138
60210,0.475138
60211,0.475138
60212,0.475138
60213,0.475138
60214,0.475138
60215,0.475138
60216,0.475138
60217,0.475138
60218,0.475138
60219,0.475138
60220,0.475138
60221,0.475138
60222,0.475138
60223,0.475138
60224,0.475138
60225,0.475138
60226,0.475138
60227,0.475138
60228,0.475138
60229,0.475138
60230,0.475138
60231,0.475138
60232,0.475138
60233,0.475138
60234,0.475138
60235,0.475138
60236,0.475138
60237,0.475138
60238,0.475138
60239,0.475138
60240,0.475138
60241,0.475138
60242,0.475138
60243,0.475138
60244,0.475138
60245,0.475138
60246,0.475138
60247,0.475138
60248,0.475138
60249,0.475138
60250,0.475138
60251,0.475138
60252,0.475138
60253,0.475138
60254,0.475138
60255,0.475138
60256,0.475138
60257,0.475138
60258,0.475138
60259,0.475138
60260,0.475138
60261,0.475138
60262,0.475138
60263,0.475138
60264,0.475138
60265,0.475138
60266,0.475138
60267,0.475138
60268,0.475138
60269,0.475138
60270,0.475138
60271,0.475138
60272,0.475138
60273,0.475138
60274,0.475138
60275,0.475138
60276,0.475138
60277,0.475138
60278,0.475138
60279,0.475138
60280,0.475138
60281,0.475138
60282,0.475138
60283,0.475138
60284,0.475138
60285,0.475138
60286,0.475138
60287,0.475138
60288,0.475138
60289,0.475138
60290,0.475138
60291,0.475138
60292,0.475138
60293,0.475138
60294,0.475138
60295,0.475138
60296,0.475138
60297,0.475138
60298,0.475138
60299,0.475138
60300,0.475138
60301,0.475138
60302,0.475138
60303,0.475138
60304,0.475138
60305,0.475138
60306,0.475138
60307,0.475138
60308,0.475138
60309,0.475138
60310,0.475138
60311,0.475138
60312,0.475138
60313,0.475138
60314,0.475138
60315,0.475138
60316,0.475138
60317,0.475138
60318,0.475138
60319,0.475138
60320,0.475138
60321,0.475138
60322,0.475138
60323,0.475138
60324,0.475138
60325,0.475138
60326,0.475138
60327,0.475138
60328,0.475138
60329,0.475138
60330,0.475138
60331,0.475138
60332,0.475138
60333,0.475138
60334,0.475138
60335,0.475138
60336,0.475138
60337,0.475138
60338,0.475138
60339,0.475138
60340,0.475138
60341,0.475138
60342,0.475138
60343,0.475138
60344,0.475138
60345,0.475138
60346,0.475138
60347,0.475138
60348,0.475138
60349,0.475138
60350,0.475138
60351,0.475138
60352,0.475138
60353,0.475138
60354,0.475138
60355,0.475138
60356,0.475138
60357,0.475138
60358,0.475138
60359,0.475138
60360,0.475138
60361,0.475138
60362,0.475138
60363,0.475138
60364,0.475138
60365,0.475138
60366,0.475138
60367,0.475138
60368,0.475138
60369,0.475138
60370,0.475138
60371,0.475138
60372,0.475138
60373,0.475138
60374,0.475138
60375,0.475138
60376,0.475138
60377,0.475138
60378,0.475138
60379,0.475138
60380,0.475138
60381,0.475138
60382,0.475138
60383,0.475138
60384,0.475138
60385,0.475138
60386,0.475138
60387,0.475138
60388,0.475138
60389,0.475138
60390,0.475138
60391,0.475138
60392,0.475138
60393,0.475138
60394,0.475138
60395,0.475138
60396,0.475138
60397,0.475138
60398,0.475138
60399,0.475138
60400,0.475138
60401,0.475138
60402,0.475138
60403,0.475138
60404,0.475138
60405,0.475138
60406,0.475138
60407,0.475138
60408,0.475138
60409,0.475138
60410,0.475138
60411,0.475138
60412,0.475138
60413,0.475138
60414,0.475138
60415,0.475138
60416,0.475138
60417,0.475138
60418,0.475138
60419,0.475138
60420,0.475138
60421,0.475138
60422,0.475138
60423,0.475138
60424,0.475138
60425,0.475138
60426,0.475138
60427,0.475138
60428,0.475138
60429,0.475138
60430,0.475138
60431,0.475138
60432,0.475138
60433,0.475138
60434,0.475138
60435,0.475138
60436,0.475138
60437,0.475138
60438,0.475138
60439,0.475138
60440,0.475138
60441,0.475138
60442,0.475138
60443,0.475138
60444,0.475138
60445,0.475138
60446,0.475138
60447,0.475138
60448,0.475138
60449,0.475138
60450,0.475138
60451,0.475138
60452,0.475138
60453,0.475138
60454,0.475138
60455,0.475138
60456,0.475138
60457,0.475138
60458,0.475138
60459,0.475138
60460,0.475138
60461,0.475138
60462,0.475138
60463,0.475138
60464,0.475138
60465,0.475138
60466,0.475138
60467,0.475138
60468,0.475138
60469,0.475138
60470,0.475138
60471,0.475138
60472,0.475138
60473,0.475138
60474,0.475138
60475,0.475138
60476,0.475138
60477,0.475138
60478,0.475138
60479,0.475138
60480,0.475138
60481,0.475138
60482,0.475138
60483,0.475138
60484,0.475138
60485,0.475138
60486,0.475138
60487,0.475138
60488,0.475138
60489,0.475138
60490,0.475138
60491,0.475138
60492,0.475138
60493,0.475138
60494,0.475138
60495,0.475138
60496,0.475138
60497,0.475138
60498,0.475138
60499,0.475138
60500,0.475138
60501,0.475138
60502,0.475138
60503,0.475138
60504,0.475138
60505,0.475138
60506,0.475138
60507,0.475138
60508,0.475138
60509,0.475138
60510,0.475138
60511,0.475138
60512,0.475138
60513,0.475138
60514,0.475138
60515,0.475138
60516,0.475138
60517,0.475138
60518,0.475138
60519,0.475138
60520,0.475138
60521,0.475138
60522,0.475138
60523,0.475138
60524,0.475138
60525,0.475138
60526,0.475138
60527,0.475138
60528,0.475138
60529,0.475138
60530,0.475138
60531,0.475138
60532,0.475138
60533,0.475138
60534,0.475138
60535,0.475138
60536,0.475138
60537,0.475138
60538,0.475138
60539,0.475138
60540,0.475138
60541,0.475138
60542,0.475138
60543,0.475138
60544,0.475138
60545,0.475138
60546,0.475138
60547,0.475138
60548,0.475138
60549,0.475138
60550,0.475138
60551,0.475138
60552,0.475138
60553,0.475138
60554,0.475138
60555,0.221191
60556,0.475138
60557,0.475138
60558,0.475138
60559,0.475138
60560,0.475138
60561,0.475138
60562,0.475138
60563,0.475138
60564,0.475138
60565,0.475138
60566,0.475138
60567,0.475138
60568,0.475138
60569,0.475138
60570,0.475138
60571,0.475138
60572,0.475138
60573,0.475138
60574,0.475138
60575,0.475138
60576,0.475138
60577,0.475138
60578,0.475138
60579,0.475138
60580,0.475138
60581,0.475138
60582,0.475138
60583,0.475138
60584,0.475138
60585,0.475138
60586,0.475138
60587,0.475138
60588,0.475138
60589,0.475138
60590,0.475138
60591,0.475138
60592,0.475138
60593,0.475138
60594,0.475138
60595,0.475138
60596,0.475138
60597,0.475138
60598,0.475138
60599,0.475138
60600,0.475138
60601,0.475138
60602,0.475138
60603,0.475138
60604,0.475138
60605,0.475138
60606,0.475138
60607,0.475138
60608,0.475138
60609,0.475138
60610,0.475138
60611,0.475138
60612,0.475138
60613,0.475138
60614,0.475138
60615,0.475138
60616,0.475138
60617,0.475138
60618,0.475138
60619,0.475138
60620,0.475138
60621,0.475138
60622,0.475138
60623,0.475138
60624,0.475138
60625,0.475138
60626,0.475138
60627,0.475138
60628,0.475138
60629,0.475138
60630,0.475138
60631,0.475138
60632,0.475138
60633,0.475138
60634,0.475138
60635,0.475138
60636,0.475138
60637,0.475138
60638,0.475138
60639,0.475138
60640,0.475138
60641,0.475138
60642,0.475138
60643,0.475138
60644,0.475138
60645,0.475138
60646,0.475138
60647,0.475138
60648,0.475138
60649,0.475138
60650,0.475138
60651,0.475138
60652,0.475138
60653,0.475138
60654,0.475138
60655,0.475138
60656,0.475138
60657,0.475138
60658,0.475138
60659,0.475138
60660,0.475138
60661,0.475138
60662,0.475138
60663,0.475138
60664,0.475138
60665,0.475138
60666,0.475138
60667,0.475138
60668,0.475138
60669,0.475138
60670,0.475138
60671,0.475138
60672,0.475138
60673,0.475138
60674,0.475138
60675,0.475138
60676,0.475138
60677,0.475138
60678,0.475138
60679,0.475138
60680,0.475138
60681,0.475138
60682,0.475138
60683,0.475138
60684,0.475138
60685,0.475138
60686,0.475138
60687,0.475138
60688,0.475138
60689,0.475138
60690,0.475138
60691,0.475138
60692,0.475138
60693,0.475138
60694,0.475138
60695,0.475138
60696,0.475138
60697,0.475138
60698,0.475138
60699,0.475138
60700,0.475138
60701,0.475138
60702,0.475138
60703,0.475138
60704,0.475138
60705,0.475138
60706,0.475138
60707,0.475138
60708,0.475138
60709,0.475138
60710,0.475138
60711,0.475138
60712,0.475138
60713,0.475138
60714,0.475138
60715,0.475138
60716,0.475138
60717,0.475138
60718,0.475138
60719,0.475138
60720,0.475138
60721,0.475138
60722,0.475138
60723,0.475138
60724,0.475138
60725,0.475138
60726,0.475138
60727,0.475138
60728,0.475138
60729,0.475138
60730,0.475138
60731,0.475138
60732,0.475138
60733,0.475138
60734,0.475138
60735,0.475138
60736,0.475138
60737,0.475138
60738,0.475138
60739,0.475138
60740,0.475138
60741,0.475138
60742,0.475138
60743,0.475138
60744,0.475138
60745,0.475138
60746,0.475138
60747,0.475138
60748,0.475138
60749,0.475138
60750,0.475138
60751,0.475138
60752,0.475138
60753,0.475138
60754,0.475138
60755,0.475138
60756,0.475138
60757,0.475138
60758,0.475138
60759,0.475138
60760,0.475138
60761,0.475138
60762,0.475138
60763,0.475138
60764,0.475138
60765,0.475138
60766,0.475138
60767,0.475138
60768,0.475138
60769,0.475138
60770,0.475138
60771,0.475138
60772,0.475138
60773,0.475138
60774,0.475138
60775,0.475138
60776,0.475138
60777,0.475138
60778,0.475138
60779,0.475138
60780,0.475138
60781,0.475138
60782,0.475138
60783,0.475138
60784,0.475138
60785,0.475138
60786,0.475138
60787,0.475138
60788,0.475138
60789,0.475138
60790,0.475138
60791,0.475138
60792,0.475138
60793,0.475138
60794,0.475138
60795,0.475138
60796,0.475138
60797,0.475138
60798,0.475138
60799,0.475138
60800,0.475138
60801,0.475138
60802,0.475138
60803,0.475138
60804,0.475138
60805,0.475138
60806,0.475138
60807,0.475138
60808,0.475138
60809,0.475138
60810,0.475138
60811,0.475138
60812,0.475138
60813,0.475138
60814,0.475138
60815,0.475138
60816,0.475138
60817,0.475138
60818,0.475138
60819,0.475138
60820,0.475138
60821,0.475138
60822,0.475138
60823,0.475138
60824,0.475138
60825,0.475138
60826,0.475138
60827,0.475138
60828,0.475138
60829,0.475138
60830,0.475138
60831,0.475138
60832,0.475138
60833,0.475138
60834,0.475138
60835,0.475138
60836,0.475138
60837,0.475138
60838,0.475138
60839,0.475138
60840,0.475138
60841,0.475138
60842,0.475138
60843,0.475138
60844,0.475138
60845,0.475138
60846,0.475138
60847,0.475138
60848,0.475138
60849,0.475138
60850,0.475138
60851,0.475138
60852,0.475138
60853,0.475138
60854,0.475138
60855,0.475138
60856,0.475138
60857,0.475138
60858,0.475138
60859,0.475138
60860,0.475138
60861,0.475138
60862,0.475138
60863,0.475138
60864,0.475138
60865,0.475138
60866,0.475138
60867,0.475138
60868,0.475138
60869,0.475138
60870,0.475138
60871,0.475138
60872,0.475138
60873,0.475138
60874,0.475138
60875,0.475138
60876,0.475138
60877,0.475138
60878,0.475138
60879,0.475138
60880,0.475138
60881,0.475138
60882,0.475138
60883,0.475138
60884,0.475138
60885,0.475138
60886,0.475138
60887,0.475138
60888,0.475138
60889,0.475138
60890,0.475138
60891,0.475138
60892,0.475138
60893,0.475138
60894,0.475138
60895,0.475138
60896,0.475138
60897,0.475138
60898,0.475138
60899,0.475138
60900,0.475138
60901,0.475138
60902,0.475138
60903,0.475138
60904,0.475138
60905,0.475138
60906,0.475138
60907,0.475138
60908,0.475138
60909,0.475138
60910,0.475138
60911,0.475138
60912,0.475138
60913,0.475138
60914,0.475138
60915,0.475138
60916,0.475138
60917,0.475138
60918,0.475138
60919,0.475138
60920,0.475138
60921,0.475138
60922,0.475138
60923,0.475138
60924,0.475138
60925,0.475138
60926,0.475138
60927,0.475138
60928,0.475138
60929,0.475138
60930,0.475138
60931,0.475138
60932,0.475138
60933,0.475138
60934,0.475138
60935,0.475138
60936,0.475138
60937,0.475138
60938,0.475138
60939,0.475138
60940,0.475138
60941,0.475138
60942,0.475138
60943,0.475138
60944,0.475138
60945,0.475138
60946,0.475138
60947,0.475138
60948,0.475138
60949,0.475138
60950,0.475138
60951,0.475138
60952,0.475138
60953,0.475138
60954,0.475138
60955,0.475138
60956,0.475138
60957,0.475138
60958,0.475138
60959,0.475138
60960,0.475138
60961,0.475138
60962,0.475138
60963,0.475138
60964,0.475138
60965,0.475138
60966,0.475138
60967,0.475138
60968,0.475138
60969,0.475138
60970,0.475138
60971,0.475138
60972,0.475138
60973,0.475138
60974,0.475138
60975,0.475138
60976,0.475138
60977,0.475138
60978,0.475138
60979,0.475138
60980,0.475138
60981,0.475138
60982,0.475138
60983,0.475138
60984,0.475138
60985,0.475138
60986,0.475138
60987,0.475138
60988,0.475138
60989,0.475138
60990,0.475138
60991,0.475138
60992,0.475138
60993,0.475138
60994,0.475138
60995,0.475138
60996,0.475138
60997,0.475138
60998,0.475138
60999,0.475138
61000,0.475138
61001,0.475138
61002,0.475138
61003,0.475138
61004,0.475138
61005,0.475138
61006,0.475138
61007,0.475138
61008,0.475138
61009,0.475138
61010,0.475138
61011,0.475138
61012,0.475138
61013,0.475138
61014,0.475138
61015,0.475138
61016,0.475138
61017,0.475138
61018,0.475138
61019,0.475138
61020,0.475138
61021,0.475138
61022,0.475138
61023,0.475138
61024,0.475138
61025,0.475138
61026,0.475138
61027,0.475138
61028,0.475138
61029,0.475138
61030,0.475138
61031,0.475138
61032,0.475138
61033,0.475138
61034,0.475138
61035,0.475138
61036,0.475138
61037,0.475138
61038,0.475138
61039,0.475138
61040,0.475138
61041,0.475138
61042,0.475138
61043,0.475138
61044,0.475138
61045,0.475138
61046,0.475138
61047,0.475138
61048,0.475138
61049,0.475138
61050,0.475138
61051,0.475138
61052,0.475138
61053,0.475138
61054,0.475138
61055,0.475138
61056,0.475138
61057,0.475138
61058,0.475138
61059,0.475138
61060,0.475138
61061,0.475138
61062,0.475138
61063,0.475138
61064,0.475138
61065,0.475138
61066,0.475138
61067,0.475138
61068,0.475138
61069,0.475138
61070,0.475138
61071,0.475138
61072,0.475138
61073,0.475138
61074,0.475138
61075,0.475138
61076,0.475138
61077,0.475138
61078,0.475138
61079,0.475138
61080,0.475138
61081,0.475138
61082,0.475138
61083,0.475138
61084,0.475138
61085,0.475138
61086,0.475138
61087,0.475138
61088,0.475138
61089,0.475138
61090,0.475138
61091,0.475138
61092,0.475138
61093,0.475138
61094,0.475138
61095,0.475138
61096,0.475138
61097,0.475138
61098,0.475138
61099,0.475138
61100,0.475138
61101,0.475138
61102,0.475138
61103,0.475138
61104,0.475138
61105,0.475138
61106,0.475138
61107,0.475138
61108,0.475138
61109,0.475138
61110,0.475138
61111,0.475138
61112,0.475138
61113,0.475138
61114,0.475138
61115,0.475138
61116,0.475138
61117,0.475138
61118,0.475138
61119,0.475138
61120,0.475138
61121,0.475138
61122,0.475138
61123,0.475138
61124,0.475138
61125,0.475138
61126,0.475138
61127,0.475138
61128,0.475138
61129,0.475138
61130,0.475138
61131,0.475138
61132,0.475138
61133,0.475138
61134,0.475138
61135,0.475138
61136,0.475138
61137,0.475138
61138,0.475138
61139,0.475138
61140,0.475138
61141,0.475138
61142,0.475138
61143,0.475138
61144,0.475138
61145,0.475138
61146,0.475138
61147,0.475138
61148,0.475138
61149,0.475138
61150,0.475138
61151,0.475138
61152,0.475138
61153,0.475138
61154,0.475138
61155,0.475138
61156,0.475138
61157,0.475138
61158,0.475138
61159,0.475138
61160,0.475138
61161,0.475138
61162,0.475138
61163,0.475138
61164,0.475138
61165,0.475138
61166,0.475138
61167,0.475138
61168,0.475138
61169,0.475138
61170,0.475138
61171,0.475138
61172,0.475138
61173,0.475138
61174,0.475138
61175,0.475138
61176,0.475138
61177,0.475138
61178,0.475138
61179,0.475138
61180,0.475138
61181,0.475138
61182,0.475138
61183,0.475138
61184,0.475138
61185,0.475138
61186,0.475138
61187,0.475138
61188,0.475138
61189,0.475138
61190,0.475138
61191,0.472785
61192,0.467697
61193,0.467697
61194,0.467697
61195,0.467697
61196,0.467697
61197,0.467697
61198,0.467697
61199,0.467697
61200,0.467697
61201,0.467697
61202,0.467697
61203,0.467697
61204,0.467697
61205,0.467697
61206,0.475138
61207,0.475138
61208,0.475138
61209,0.475138
61210,0.475138
61211,0.475138
61212,0.475138
61213,0.475138
61214,0.475138
61215,0.475138
61216,0.475138
61217,0.475138
61218,0.475138
61219,0.475138
61220,0.475138
61221,0.475138
61222,0.475138
61223,0.475138
61224,0.475138
61225,0.475138
61226,0.475138
61227,0.475138
61228,0.475138
61229,0.475138
61230,0.475138
61231,0.475138
61232,0.475138
61233,0.475138
61234,0.472785
61235,0.472785
61236,0.472785
61237,0.472785
61238,0.475138
61239,0.475138
61240,0.475138
61241,0.475138
61242,0.475138
61243,0.475138
61244,0.475138
61245,0.475138
61246,0.472785
61247,0.472785
61248,0.472785
61249,0.472785
61250,0.475138
61251,0.475138
61252,0.475138
61253,0.475138
61254,0.475138
61255,0.475138
61256,0.475138
61257,0.475138
61258,0.475138
61259,0.475138
61260,0.475138
61261,0.475138
61262,0.475138
61263,0.475138
61264,0.475138
61265,0.475138
61266,0.475138
61267,0.475138
61268,0.475138
61269,0.467975
61270,0.454172
61271,0.454172
61272,0.453009
61273,0.475138
61274,0.475138
61275,0.475138
61276,0.475138
61277,0.475138
61278,0.475138
61279,0.475138
61280,0.475138
61281,0.475138
61282,0.475138
61283,0.475138
61284,0.475138
61285,0.475138
61286,0.475138
61287,0.475138
61288,0.475138
61289,0.475138
61290,0.475138
61291,0.475138
61292,0.475138
61293,0.475138
61294,0.475138
61295,0.475138
61296,0.475138
61297,0.475138
61298,0.475138
61299,0.475138
61300,0.475138
61301,0.475138
61302,0.475138
61303,0.475138
61304,0.475138
61305,0.475138
61306,0.475138
61307,0.475138
61308,0.475138
61309,0.475138
61310,0.475138
61311,0.475138
61312,0.475138
61313,0.475138
61314,0.472785
61315,0.472785
61316,0.472785
61317,0.472785
61318,0.456971
61319,0.456971
61320,0.456971
61321,0.456971
61322,0.456971
61323,0.456971
61324,0.456971
61325,0.475138
61326,0.475138
61327,0.475138
61328,0.467975
61329,0.467975
61330,0.467975
61331,0.475138
61332,0.475138
61333,0.475138
61334,0.475138
61335,0.475138
61336,0.475138
61337,0.475138
61338,0.475138
61339,0.475138
61340,0.475138
61341,0.475138
61342,0.467975
61343,0.467975
61344,0.467975
61345,0.475138
61346,0.475138
61347,0.475138
61348,0.475138
61349,0.475138
61350,0.475138
61351,0.475138
61352,0.475138
61353,0.475138
61354,0.475138
61355,0.475138
61356,0.475138
61357,0.475138
61358,0.475138
61359,0.475138
61360,0.475138
61361,0.475138
61362,0.475138
61363,0.475138
61364,0.475138
61365,0.475138
61366,0.475138
61367,0.475138
61368,0.475138
61369,0.475138
61370,0.475138
61371,0.475138
61372,0.475138
61373,0.475138
61374,0.475138
61375,0.475138
61376,0.475138
61377,0.475138
61378,0.475138
61379,0.475138
61380,0.475138
61381,0.475138
61382,0.475138
61383,0.475138
61384,0.475138
61385,0.475138
61386,0.475138
61387,0.475138
61388,0.475138
61389,0.475138
61390,0.475138
61391,0.475138
61392,0.475138
61393,0.475138
61394,0.475138
61395,0.475138
61396,0.475138
61397,0.475138
61398,0.475138
61399,0.475138
61400,0.475138
61401,0.475138
61402,0.475138
61403,0.475138
61404,0.475138
61405,0.475138
61406,0.475138
61407,0.475138
61408,0.475138
61409,0.475138
61410,0.475138
61411,0.475138
61412,0.475138
61413,0.475138
61414,0.475138
61415,0.475138
61416,0.475138
61417,0.475138
61418,0.475138
61419,0.475138
61420,0.475138
61421,0.475138
61422,0.475138
61423,0.475138
61424,0.475138
61425,0.475138
61426,0.475138
61427,0.475138
61428,0.475138
61429,0.475138
61430,0.475138
61431,0.475138
61432,0.475138
61433,0.475138
61434,0.475138
61435,0.475138
61436,0.475138
61437,0.475138
61438,0.475138
61439,0.475138
61440,0.475138
61441,0.475138
61442,0.475138
61443,0.475138
61444,0.475138
61445,0.475138
61446,0.475138
61447,0.475138
61448,0.475138
61449,0.475138
61450,0.475138
61451,0.475138
61452,0.475138
61453,0.475138
61454,0.475138
61455,0.475138
61456,0.475138
61457,0.475138
61458,0.475138
61459,0.475138
61460,0.475138
61461,0.475138
61462,0.475138
61463,0.475138
61464,0.475138
61465,0.475138
61466,0.475138
61467,0.475138
61468,0.475138
61469,0.475138
61470,0.475138
61471,0.475138
61472,0.475138
61473,0.475138
61474,0.475138
61475,0.475138
61476,0.475138
61477,0.475138
61478,0.475138
61479,0.475138
61480,0.475138
61481,0.475138
61482,0.475138
61483,0.475138
61484,0.475138
61485,0.475138
61486,0.475138
61487,0.475138
61488,0.475138
61489,0.475138
61490,0.475138
61491,0.475138
61492,0.475138
61493,0.475138
61494,0.475138
61495,0.475138
61496,0.475138
61497,0.475138
61498,0.475138
61499,0.475138
61500,0.475138
61501,0.475138
61502,0.475138
61503,0.475138
61504,0.475138
61505,0.475138
61506,0.475138
61507,0.475138
61508,0.475138
61509,0.475138
61510,0.475138
61511,0.475138
61512,0.475138
61513,0.475138
61514,0.475138
61515,0.475138
61516,0.475138
61517,0.475138
61518,0.475138
61519,0.475138
61520,0.475138
61521,0.475138
61522,0.475138
61523,0.475138
61524,0.475138
61525,0.475138
61526,0.475138
61527,0.475138
61528,0.475138
61529,0.475138
61530,0.475138
61531,0.475138
61532,0.475138
61533,0.475138
61534,0.475138
61535,0.475138
61536,0.475138
61537,0.475138
61538,0.475138
61539,0.475138
61540,0.475138
61541,0.475138
61542,0.475138
61543,0.475138
61544,0.475138
61545,0.475138
61546,0.475138
61547,0.475138
61548,0.475138
61549,0.475138
61550,0.475138
61551,0.475138
61552,0.475138
61553,0.475138
61554,0.475138
61555,0.475138
61556,0.475138
61557,0.475138
61558,0.475138
61559,0.475138
61560,0.475138
61561,0.475138
61562,0.475138
61563,0.475138
61564,0.475138
61565,0.475138
61566,0.475138
61567,0.475138
61568,0.475138
61569,0.475138
61570,0.475138
61571,0.475138
61572,0.475138
61573,0.475138
61574,0.475138
61575,0.475138
61576,0.475138
61577,0.475138
61578,0.475138
61579,0.475138
61580,0.475138
61581,0.475138
61582,0.475138
61583,0.475138
61584,0.475138
61585,0.475138
61586,0.475138
61587,0.475138
61588,0.475138
61589,0.475138
61590,0.475138
61591,0.475138
61592,0.475138
61593,0.475138
61594,0.475138
61595,0.475138
61596,0.475138
61597,0.475138
61598,0.475138
61599,0.475138
61600,0.475138
61601,0.475138
61602,0.475138
61603,0.475138
61604,0.475138
61605,0.475138
61606,0.475138
61607,0.475138
61608,0.475138
61609,0.475138
61610,0.475138
61611,0.475138
61612,0.475138
61613,0.475138
61614,0.475138
61615,0.475138
61616,0.475138
61617,0.475138
61618,0.475138
61619,0.475138
61620,0.475138
61621,0.475138
61622,0.475138
61623,0.475138
61624,0.475138
61625,0.475138
61626,0.475138
61627,0.475138
61628,0.475138
61629,0.475138
61630,0.475138
61631,0.475138
61632,0.475138
61633,0.475138
61634,0.475138
61635,0.475138
61636,0.475138
61637,0.475138
61638,0.475138
61639,0.475138
61640,0.475138
61641,0.475138
61642,0.475138
61643,0.475138
61644,0.475138
61645,0.475138
61646,0.475138
61647,0.475138
61648,0.475138
61649,0.475138
61650,0.475138
61651,0.475138
61652,0.475138
61653,0.475138
61654,0.475138
61655,0.475138
61656,0.475138
61657,0.475138
61658,0.475138
61659,0.475138
61660,0.475138
61661,0.475138
61662,0.475138
61663,0.475138
61664,0.475138
61665,0.475138
61666,0.475138
61667,0.475138
61668,0.475138
61669,0.475138
61670,0.475138
61671,0.475138
61672,0.475138
61673,0.475138
61674,0.475138
61675,0.475138
61676,0.475138
61677,0.475138
61678,0.475138
61679,0.475138
61680,0.475138
61681,0.475138
61682,0.475138
61683,0.475138
61684,0.475138
61685,0.475138
61686,0.475138
61687,0.475138
61688,0.475138
61689,0.475138
61690,0.475138
61691,0.475138
61692,0.475138
61693,0.475138
61694,0.475138
61695,0.475138
61696,0.475138
61697,0.475138
61698,0.475138
61699,0.475138
61700,0.475138
61701,0.475138
61702,0.475138
61703,0.475138
61704,0.475138
61705,0.475138
61706,0.475138
61707,0.475138
61708,0.475138
61709,0.475138
61710,0.475138
61711,0.475138
61712,0.475138
61713,0.475138
61714,0.475138
61715,0.475138
61716,0.475138
61717,0.475138
61718,0.475138
61719,0.475138
61720,0.475138
61721,0.475138
61722,0.475138
61723,0.475138
61724,0.475138
61725,0.475138
61726,0.475138
61727,0.475138
61728,0.475138
61729,0.475138
61730,0.475138
61731,0.475138
61732,0.475138
61733,0.475138
61734,0.475138
61735,0.475138
61736,0.475138
61737,0.475138
61738,0.475138
61739,0.475138
61740,0.475138
61741,0.475138
61742,0.475138
61743,0.475138
61744,0.475138
61745,0.475138
61746,0.475138
61747,0.475138
61748,0.475138
61749,0.475138
61750,0.475138
61751,0.475138
61752,0.475138
61753,0.475138
61754,0.475138
61755,0.475138
61756,0.475138
61757,0.475138
61758,0.475138
61759,0.475138
61760,0.475138
61761,0.475138
61762,0.475138
61763,0.475138
61764,0.475138
61765,0.475138
61766,0.475138
61767,0.475138
61768,0.475138
61769,0.475138
61770,0.475138
61771,0.475138
61772,0.475138
61773,0.475138
61774,0.475138
61775,0.475138
61776,0.475138
61777,0.475138
61778,0.475138
61779,0.475138
61780,0.475138
61781,0.475138
61782,0.475138
61783,0.475138
61784,0.475138
61785,0.475138
61786,0.475138
61787,0.475138
61788,0.475138
61789,0.475138
61790,0.475138
61791,0.475138
61792,0.475138
61793,0.475138
61794,0.475138
61795,0.475138
61796,0.475138
61797,0.475138
61798,0.475138
61799,0.475138
61800,0.475138
61801,0.475138
61802,0.475138
61803,0.475138
61804,0.475138
61805,0.475138
61806,0.475138
61807,0.475138
61808,0.475138
61809,0.475138
61810,0.475138
61811,0.475138
61812,0.475138
61813,0.475138
61814,0.475138
61815,0.475138
61816,0.475138
61817,0.475138
61818,0.475138
61819,0.475138
61820,0.475138
61821,0.475138
61822,0.469636
61823,0.475138
61824,0.475138
61825,0.475138
61826,0.475138
61827,0.475138
61828,0.475138
61829,0.475138
61830,0.475138
61831,0.475138
61832,0.475138
61833,0.475138
61834,0.475138
61835,0.475138
61836,0.475138
61837,0.475138
61838,0.475138
61839,0.475138
61840,0.475138
61841,0.475138
61842,0.475138
61843,0.475138
61844,0.475138
61845,0.475138
61846,0.475138
61847,0.475138
61848,0.475138
61849,0.475138
61850,0.475138
61851,0.475138
61852,0.475138
61853,0.475138
61854,0.475138
61855,0.475138
61856,0.475138
61857,0.475138
61858,0.475138
61859,0.475138
61860,0.475138
61861,0.475138
61862,0.475138
61863,0.475138
61864,0.475138
61865,0.475138
61866,0.475138
61867,0.475138
61868,0.475138
61869,0.475138
61870,0.475138
61871,0.475138
61872,0.475138
61873,0.475138
61874,0.475138
61875,0.475138
61876,0.475138
61877,0.475138
61878,0.475138
61879,0.475138
61880,0.475138
61881,0.475138
61882,0.475138
61883,0.475138
61884,0.475138
61885,0.475138
61886,0.475138
61887,0.475138
61888,0.475138
61889,0.475138
61890,0.475138
61891,0.475138
61892,0.475138
61893,0.475138
61894,0.475138
61895,0.475138
61896,0.475138
61897,0.475138
61898,0.475138
61899,0.475138
61900,0.475138
61901,0.475138
61902,0.475138
61903,0.475138
61904,0.475138
61905,0.475138
61906,0.475138
61907,0.475138
61908,0.475138
61909,0.475138
61910,0.475138
61911,0.475138
61912,0.475138
61913,0.475138
61914,0.475138
61915,0.475138
61916,0.475138
61917,0.475138
61918,0.475138
61919,0.475138
61920,0.475138
61921,0.475138
61922,0.475138
61923,0.475138
61924,0.475138
61925,0.475138
61926,0.475138
61927,0.475138
61928,0.475138
61929,0.475138
61930,0.475138
61931,0.475138
61932,0.475138
61933,0.475138
61934,0.475138
61935,0.475138
61936,0.475138
61937,0.475138
61938,0.475138
61939,0.475138
61940,0.475138
61941,0.475138
61942,0.475138
61943,0.475138
61944,0.475138
61945,0.475138
61946,0.475138
61947,0.475138
61948,0.475138
61949,0.475138
61950,0.475138
61951,0.475138
61952,0.475138
61953,0.475138
61954,0.475138
61955,0.475138
61956,0.475138
61957,0.475138
61958,0.475138
61959,0.475138
61960,0.475138
61961,0.475138
61962,0.475138
61963,0.475138
61964,0.475138
61965,0.475138
61966,0.475138
61967,0.475138
61968,0.475138
61969,0.475138
61970,0.475138
61971,0.475138
61972,0.475138
61973,0.475138
61974,0.475138
61975,0.475138
61976,0.475138
61977,0.475138
61978,0.475138
61979,0.475138
61980,0.475138
61981,0.475138
61982,0.475138
61983,0.475138
61984,0.475138
61985,0.475138
61986,0.475138
61987,0.475138
61988,0.475138
61989,0.475138
61990,0.475138
61991,0.475138
61992,0.475138
61993,0.475138
61994,0.475138
61995,0.475138
61996,0.475138
61997,0.475138
61998,0.475138
61999,0.475138
62000,0.475138
62001,0.475138
62002,0.475138
62003,0.475138
62004,0.475138
62005,0.475138
62006,0.475138
62007,0.475138
62008,0.475138
62009,0.475138
62010,0.475138
62011,0.475138
62012,0.475138
62013,0.475138
62014,0.475138
62015,0.475138
62016,0.475138
62017,0.475138
62018,0.475138
62019,0.475138
62020,0.475138
62021,0.475138
62022,0.475138
62023,0.475138
62024,0.475138
62025,0.475138
62026,0.475138
62027,0.475138
62028,0.475138
62029,0.475138
62030,0.475138
62031,0.475138
62032,0.475138
62033,0.475138
62034,0.475138
62035,0.475138
62036,0.475138
62037,0.475138
62038,0.475138
62039,0.475138
62040,0.475138
62041,0.475138
62042,0.475138
62043,0.475138
62044,0.475138
62045,0.475138
62046,0.475138
62047,0.475138
62048,0.475138
62049,0.475138
62050,0.475138
62051,0.475138
62052,0.475138
62053,0.475138
62054,0.475138
62055,0.475138
62056,0.475138
62057,0.475138
62058,0.475138
62059,0.475138
62060,0.475138
62061,0.475138
62062,0.475138
62063,0.475138
62064,0.475138
62065,0.475138
62066,0.475138
62067,0.475138
62068,0.475138
62069,0.475138
62070,0.475138
62071,0.475138
62072,0.475138
62073,0.475138
62074,0.475138
62075,0.475138
62076,0.475138
62077,0.475138
62078,0.475138
62079,0.475138
62080,0.475138
62081,0.475138
62082,0.475138
62083,0.475138
62084,0.475138
62085,0.475138
62086,0.475138
62087,0.475138
62088,0.475138
62089,0.475138
62090,0.475138
62091,0.475138
62092,0.475138
62093,0.475138
62094,0.475138
62095,0.475138
62096,0.475138
62097,0.475138
62098,0.475138
62099,0.475138
62100,0.475138
62101,0.475138
62102,0.475138
62103,0.475138
62104,0.475138
62105,0.475138
62106,0.475138
62107,0.475138
62108,0.475138
62109,0.475138
62110,0.475138
62111,0.475138
62112,0.475138
62113,0.475138
62114,0.475138
62115,0.475138
62116,0.475138
62117,0.475138
62118,0.475138
62119,0.475138
62120,0.475138
62121,0.475138
62122,0.475138
62123,0.475138
62124,0.475138
62125,0.475138
62126,0.475138
62127,0.475138
62128,0.475138
62129,0.475138
62130,0.475138
62131,0.475138
62132,0.475138
62133,0.475138
62134,0.475138
62135,0.475138
62136,0.475138
62137,0.475138
62138,0.475138
62139,0.475138
62140,0.475138
62141,0.475138
62142,0.475138
62143,0.475138
62144,0.475138
62145,0.475138
62146,0.475138
62147,0.475138
62148,0.475138
62149,0.475138
62150,0.475138
62151,0.475138
62152,0.475138
62153,0.475138
62154,0.475138
62155,0.475138
62156,0.475138
62157,0.475138
62158,0.475138
62159,0.475138
62160,0.475138
62161,0.475138
62162,0.475138
62163,0.475138
62164,0.475138
62165,0.475138
62166,0.475138
62167,0.475138
62168,0.475138
62169,0.475138
62170,0.475138
62171,0.475138
62172,0.475138
62173,0.475138
62174,0.475138
62175,0.475138
62176,0.475138
62177,0.475138
62178,0.475138
62179,0.475138
62180,0.475138
62181,0.475138
62182,0.475138
62183,0.475138
62184,0.475138
62185,0.475138
62186,0.475138
62187,0.475138
62188,0.475138
62189,0.475138
62190,0.475138
62191,0.475138
62192,0.475138
62193,0.475138
62194,0.475138
62195,0.475138
62196,0.475138
62197,0.475138
62198,0.475138
62199,0.475138
62200,0.475138
62201,0.475138
62202,0.475138
62203,0.475138
62204,0.475138
62205,0.475138
62206,0.475138
62207,0.475138
62208,0.475138
62209,0.475138
62210,0.475138
62211,0.475138
62212,0.475138
62213,0.475138
62214,0.475138
62215,0.475138
62216,0.475138
62217,0.475138
62218,0.475138
62219,0.475138
62220,0.475138
62221,0.475138
62222,0.475138
62223,0.475138
62224,0.475138
62225,0.475138
62226,0.475138
62227,0.475138
62228,0.475138
62229,0.475138
62230,0.475138
62231,0.475138
62232,0.475138
62233,0.475138
62234,0.475138
62235,0.475138
62236,0.475138
62237,0.475138
62238,0.475138
62239,0.475138
62240,0.475138
62241,0.475138
62242,0.475138
62243,0.475138
62244,0.475138
62245,0.475138
62246,0.475138
62247,0.475138
62248,0.475138
62249,0.475138
62250,0.475138
62251,0.475138
62252,0.475138
62253,0.475138
62254,0.475138
62255,0.475138
62256,0.475138
62257,0.475138
62258,0.475138
62259,0.475138
62260,0.475138
62261,0.475138
62262,0.475138
62263,0.475138
62264,0.475138
62265,0.475138
62266,0.475138
62267,0.475138
62268,0.475138
62269,0.475138
62270,0.475138
62271,0.475138
62272,0.475138
62273,0.475138
62274,0.475138
62275,0.475138
62276,0.475138
62277,0.475138
62278,0.475138
62279,0.475138
62280,0.475138
62281,0.475138
62282,0.475138
62283,0.475138
62284,0.475138
62285,0.475138
62286,0.475138
62287,0.475138
62288,0.475138
62289,0.475138
62290,0.475138
62291,0.475138
62292,0.475138
62293,0.475138
62294,0.475138
62295,0.475138
62296,0.475138
62297,0.475138
62298,0.475138
62299,0.475138
62300,0.475138
62301,0.475138
62302,0.475138
62303,0.475138
62304,0.475138
62305,0.475138
62306,0.475138
62307,0.475138
62308,0.475138
62309,0.475138
62310,0.475138
62311,0.475138
62312,0.475138
62313,0.475138
62314,0.475138
62315,0.475138
62316,0.475138
62317,0.475138
62318,0.475138
62319,0.475138
62320,0.475138
62321,0.475138
62322,0.475138
62323,0.475138
62324,0.475138
62325,0.475138
62326,0.475138
62327,0.475138
62328,0.475138
62329,0.475138
62330,0.475138
62331,0.475138
62332,0.475138
62333,0.475138
62334,0.475138
62335,0.475138
62336,0.475138
62337,0.475138
62338,0.475138
62339,0.475138
62340,0.475138
62341,0.475138
62342,0.475138
62343,0.475138
62344,0.475138
62345,0.475138
62346,0.475138
62347,0.475138
62348,0.475138
62349,0.475138
62350,0.475138
62351,0.475138
62352,0.475138
62353,0.475138
62354,0.475138
62355,0.475138
62356,0.475138
62357,0.475138
62358,0.475138
62359,0.475138
62360,0.475138
62361,0.475138
62362,0.475138
62363,0.475138
62364,0.475138
62365,0.475138
62366,0.475138
62367,0.475138
62368,0.475138
62369,0.475138
62370,0.475138
62371,0.475138
62372,0.475138
62373,0.475138
62374,0.475138
62375,0.475138
62376,0.475138
62377,0.475138
62378,0.475138
62379,0.475138
62380,0.475138
62381,0.475138
62382,0.475138
62383,0.475138
62384,0.475138
62385,0.475138
62386,0.475138
62387,0.475138
62388,0.475138
62389,0.475138
62390,0.475138
62391,0.475138
62392,0.475138
62393,0.475138
62394,0.475138
62395,0.475138
62396,0.475138
62397,0.475138
62398,0.475138
62399,0.475138
62400,0.475138
62401,0.475138
62402,0.475138
62403,0.475138
62404,0.475138
62405,0.475138
62406,0.475138
62407,0.475138
62408,0.475138
62409,0.475138
62410,0.475138
62411,0.475138
62412,0.456954
62413,0.475138
62414,0.475138
62415,0.475138
62416,0.475138
62417,0.475138
62418,0.475138
62419,0.475138
62420,0.475138
62421,0.475138
62422,0.475138
62423,0.475138
62424,0.475138
62425,0.475138
62426,0.475138
62427,0.475138
62428,0.475138
62429,0.475138
62430,0.475138
62431,0.475138
62432,0.475138
62433,0.475138
62434,0.475138
62435,0.475138
62436,0.475138
62437,0.475138
62438,0.475138
62439,0.475138
62440,0.475138
62441,0.475138
62442,0.475138
62443,0.475138
62444,0.475138
62445,0.475138
62446,0.475138
62447,0.475138
62448,0.475138
62449,0.475138
62450,0.475138
62451,0.475138
62452,0.475138
62453,0.475138
62454,0.475138
62455,0.475138
62456,0.475138
62457,0.475138
62458,0.475138
62459,0.475138
62460,0.475138
62461,0.475138
62462,0.475138
62463,0.475138
62464,0.475138
62465,0.475138
62466,0.475138
62467,0.475138
62468,0.475138
62469,0.475138
62470,0.475138
62471,0.475138
62472,0.475138
62473,0.475138
62474,0.475138
62475,0.475138
62476,0.475138
62477,0.475138
62478,0.475138
62479,0.475138
62480,0.475138
62481,0.475138
62482,0.475138
62483,0.475138
62484,0.475138
62485,0.475138
62486,0.475138
62487,0.475138
62488,0.475138
62489,0.475138
62490,0.475138
62491,0.475138
62492,0.475138
62493,0.475138
62494,0.475138
62495,0.475138
62496,0.475138
62497,0.475138
62498,0.475138
62499,0.475138
62500,0.475138
62501,0.475138
62502,0.475138
62503,0.475138
62504,0.475138
62505,0.475138
62506,0.475138
62507,0.475138
62508,0.475138
62509,0.475138
62510,0.475138
62511,0.475138
62512,0.475138
62513,0.475138
62514,0.475138
62515,0.475138
62516,0.475138
62517,0.475138
62518,0.475138
62519,0.475138
62520,0.475138
62521,0.475138
62522,0.475138
62523,0.475138
62524,0.475138
62525,0.475138
62526,0.475138
62527,0.475138
62528,0.475138
62529,0.475138
62530,0.475138
62531,0.475138
62532,0.475138
62533,0.475138
62534,0.475138
62535,0.475138
62536,0.475138
62537,0.475138
62538,0.475138
62539,0.475138
62540,0.475138
62541,0.475138
62542,0.475138
62543,0.475138
62544,0.475138
62545,0.475138
62546,0.475138
62547,0.475138
62548,0.475138
62549,0.475138
62550,0.475138
62551,0.475138
62552,0.475138
62553,0.472383
62554,0.475138
62555,0.475138
62556,0.475138
62557,0.475138
62558,0.475138
62559,0.475138
62560,0.475138
62561,0.475138
62562,0.475138
62563,0.475138
62564,0.475138
62565,0.475138
62566,0.475138
62567,0.475138
62568,0.475138
62569,0.475138
62570,0.475138
62571,0.475138
62572,0.475138
62573,0.475138
62574,0.475138
62575,0.475138
62576,0.475138
62577,0.475138
62578,0.475138
62579,0.475138
62580,0.475138
62581,0.475138
62582,0.475138
62583,0.475138
62584,0.475138
62585,0.475138
62586,0.475138
62587,0.475138
62588,0.475138
62589,0.475138
62590,0.475138
62591,0.475138
62592,0.475138
62593,0.475138
62594,0.475138
62595,0.475138
62596,0.475138
62597,0.475138
62598,0.475138
62599,0.475138
62600,0.475138
62601,0.475138
62602,0.475138
62603,0.475138
62604,0.475138
62605,0.475138
62606,0.475138
62607,0.475138
62608,0.475138
62609,0.475138
62610,0.475138
62611,0.475138
62612,0.475138
62613,0.475138
62614,0.475138
62615,0.475138
62616,0.475138
62617,0.475138
62618,0.475138
62619,0.475138
62620,0.475138
62621,0.475138
62622,0.475138
62623,0.475138
62624,0.475138
62625,0.475138
62626,0.475138
62627,0.475138
62628,0.475138
62629,0.475138
62630,0.475138
62631,0.475138
62632,0.475138
62633,0.475138
62634,0.475138
62635,0.475138
62636,0.475138
62637,0.475138
62638,0.475138
62639,0.475138
62640,0.475138
62641,0.475138
62642,0.475138
62643,0.475138
62644,0.475138
62645,0.475138
62646,0.475138
62647,0.475138
62648,0.475138
62649,0.475138
62650,0.475138
62651,0.475138
62652,0.475138
62653,0.475138
62654,0.475138
62655,0.475138
62656,0.475138
62657,0.475138
62658,0.475138
62659,0.475138
62660,0.475138
62661,0.475138
62662,0.475138
62663,0.475138
62664,0.476153
62665,0.476153
62666,0.476153
62667,0.476153
62668,0.476153
62669,0.472915
62670,0.472915
62671,0.476153
62672,0.476153
62673,0.476153
62674,0.476153
62675,0.475138
62676,0.475138
62677,0.475138
62678,0.475138
62679,0.475138
62680,0.475138
62681,0.475138
62682,0.475138
62683,0.475138
62684,0.475138
62685,0.475138
62686,0.475138
62687,0.475138
62688,0.475138
62689,0.475138
62690,0.475138
62691,0.475138
62692,0.475138
62693,0.475138
62694,0.475138
62695,0.475138
62696,0.475138
62697,0.475138
62698,0.475138
62699,0.475138
62700,0.475138
62701,0.475138
62702,0.475138
62703,0.475138
62704,0.475138
62705,0.475138
62706,0.475138
62707,0.475138
62708,0.475138
62709,0.475138
62710,0.475138
62711,0.475138
62712,0.475138
62713,0.475138
62714,0.475138
62715,0.475138
62716,0.475138
62717,0.475138
62718,0.475138
62719,0.475138
62720,0.475138
62721,0.475138
62722,0.475138
62723,0.475138
62724,0.475138
62725,0.475138
62726,0.475138
62727,0.475138
62728,0.475138
62729,0.475138
62730,0.475138
62731,0.475138
62732,0.475138
62733,0.475138
62734,0.475138
62735,0.475138
62736,0.475138
62737,0.475138
62738,0.475138
62739,0.475138
62740,0.475138
62741,0.475138
62742,0.475138
62743,0.475138
62744,0.475138
62745,0.475138
62746,0.475138
62747,0.475138
62748,0.475138
62749,0.475138
62750,0.475138
62751,0.475138
62752,0.475138
62753,0.475138
62754,0.475138
62755,0.475138
62756,0.475138
62757,0.475138
62758,0.475138
62759,0.475138
62760,0.475138
62761,0.475138
62762,0.475138
62763,0.475138
62764,0.475138
62765,0.475138
62766,0.475138
62767,0.475138
62768,0.475138
62769,0.475138
62770,0.475138
62771,0.475138
62772,0.475138
62773,0.475138
62774,0.475138
62775,0.475138
62776,0.475138
62777,0.475138
62778,0.475138
62779,0.475138
62780,0.475138
62781,0.475138
62782,0.475138
62783,0.475138
62784,0.475138
62785,0.475138
62786,0.475138
62787,0.475138
62788,0.475138
62789,0.475138
62790,0.475138
62791,0.475138
62792,0.475138
62793,0.475138
62794,0.475138
62795,0.475138
62796,0.475138
62797,0.475138
62798,0.475138
62799,0.475138
62800,0.475138
62801,0.475138
62802,0.475138
62803,0.475138
62804,0.475138
62805,0.475138
62806,0.475138
62807,0.475138
62808,0.475138
62809,0.475138
62810,0.475138
62811,0.475138
62812,0.475138
62813,0.475138
62814,0.475138
62815,0.475138
62816,0.475138
62817,0.475138
62818,0.475138
62819,0.475138
62820,0.475138
62821,0.475138
62822,0.475138
62823,0.475138
62824,0.475138
62825,0.475138
62826,0.475138
62827,0.475138
62828,0.475138
62829,0.475138
62830,0.475138
62831,0.475138
62832,0.475138
62833,0.475138
62834,0.475138
62835,0.475138
62836,0.475138
62837,0.475138
62838,0.475138
62839,0.475138
62840,0.475138
62841,0.475138
62842,0.475138
62843,0.475138
62844,0.475138
62845,0.475138
62846,0.475138
62847,0.475138
62848,0.475138
62849,0.475138
62850,0.475138
62851,0.475138
62852,0.475138
62853,0.475138
62854,0.475138
62855,0.475138
62856,0.475138
62857,0.475138
62858,0.475138
62859,0.475138
62860,0.475138
62861,0.475138
62862,0.475138
62863,0.475138
62864,0.475138
62865,0.475138
62866,0.475138
62867,0.475138
62868,0.475138
62869,0.475138
62870,0.475138
62871,0.475138
62872,0.475138
62873,0.475138
62874,0.475138
62875,0.475138
62876,0.475138
62877,0.475138
62878,0.475138
62879,0.475138
62880,0.475138
62881,0.475138
62882,0.475138
62883,0.475138
62884,0.475138
62885,0.475138
62886,0.475138
62887,0.475138
62888,0.475138
62889,0.475138
62890,0.475138
62891,0.475138
62892,0.475138
62893,0.475138
62894,0.475138
62895,0.475138
62896,0.475138
62897,0.475138
62898,0.475138
62899,0.475138
62900,0.475138
62901,0.475138
62902,0.475138
62903,0.475138
62904,0.475138
62905,0.475138
62906,0.475138
62907,0.475138
62908,0.475138
62909,0.475138
62910,0.475138
62911,0.475138
62912,0.475138
62913,0.475138
62914,0.475138
62915,0.475138
62916,0.475138
62917,0.475138
62918,0.475138
62919,0.475138
62920,0.475138
62921,0.475138
62922,0.475138
62923,0.475138
62924,0.475138
62925,0.475138
62926,0.475138
62927,0.475138
62928,0.475138
62929,0.475138
62930,0.475138
62931,0.475138
62932,0.475138
62933,0.475138
62934,0.475138
62935,0.475138
62936,0.475138
62937,0.475138
62938,0.475138
62939,0.475138
62940,0.475138
62941,0.475138
62942,0.475138
62943,0.475138
62944,0.475138
62945,0.475138
62946,0.475138
62947,0.475138
62948,0.475138
62949,0.475138
62950,0.475138
62951,0.475138
62952,0.475138
62953,0.475138
62954,0.475138
62955,0.475138
62956,0.475138
62957,0.475138
62958,0.475138
62959,0.475138
62960,0.475138
62961,0.475138
62962,0.475138
62963,0.475138
62964,0.475138
62965,0.475138
62966,0.475138
62967,0.475138
62968,0.475138
62969,0.475138
62970,0.475138
62971,0.475138
62972,0.475138
62973,0.475138
62974,0.475138
62975,0.475138
62976,0.475138
62977,0.475138
62978,0.475138
62979,0.475138
62980,0.475138
62981,0.475138
62982,0.475138
62983,0.475138
62984,0.475138
62985,0.475138
62986,0.475138
62987,0.475138
62988,0.475138
62989,0.475138
62990,0.475138
62991,0.475138
62992,0.475138
62993,0.475138
62994,0.475138
62995,0.475138
62996,0.475138
62997,0.475138
62998,0.475138
62999,0.475138
63000,0.475138
63001,0.475138
63002,0.475138
63003,0.475138
63004,0.475138
63005,0.475138
63006,0.475138
63007,0.475138
63008,0.475138
63009,0.475138
63010,0.475138
63011,0.475138
63012,0.475138
63013,0.475138
63014,0.475138
63015,0.475138
63016,0.475138
63017,0.475138
63018,0.475138
63019,0.475138
63020,0.475138
63021,0.475138
63022,0.475138
63023,0.475138
63024,0.475138
63025,0.475138
63026,0.475138
63027,0.475138
63028,0.475138
63029,0.475138
63030,0.475138
63031,0.475138
63032,0.475138
63033,0.475138
63034,0.475138
63035,0.475138
63036,0.475138
63037,0.475138
63038,0.475138
63039,0.475138
63040,0.475138
63041,0.475138
63042,0.475138
63043,0.475138
63044,0.475138
63045,0.475138
63046,0.475138
63047,0.475138
63048,0.475138
63049,0.475138
63050,0.475138
63051,0.475138
63052,0.475138
63053,0.475138
63054,0.475138
63055,0.475138
63056,0.475138
63057,0.475138
63058,0.475138
63059,0.475138
63060,0.475138
63061,0.475138
63062,0.475138
63063,0.475138
63064,0.475138
63065,0.475138
63066,0.475138
63067,0.475138
63068,0.475138
63069,0.475138
63070,0.475138
63071,0.475138
63072,0.475138
63073,0.475138
63074,0.475138
63075,0.475138
63076,0.475138
63077,0.475138
63078,0.475138
63079,0.475138
63080,0.475138
63081,0.475138
63082,0.475138
63083,0.475138
63084,0.475138
63085,0.475138
63086,0.475138
63087,0.475138
63088,0.475138
63089,0.475138
63090,0.475138
63091,0.475138
63092,0.475138
63093,0.475138
63094,0.475138
63095,0.475138
63096,0.475138
63097,0.475138
63098,0.475138
63099,0.475138
63100,0.475138
63101,0.475138
63102,0.475138
63103,0.475138
63104,0.475138
63105,0.475138
63106,0.475138
63107,0.475138
63108,0.475138
63109,0.475138
63110,0.475138
63111,0.475138
63112,0.475138
63113,0.475138
63114,0.475138
63115,0.475138
63116,0.475138
63117,0.475138
63118,0.475138
63119,0.475138
63120,0.475138
63121,0.475138
63122,0.475138
63123,0.475138
63124,0.475138
63125,0.475138
63126,0.475138
63127,0.475138
63128,0.475138
63129,0.475138
63130,0.475138
63131,0.475138
63132,0.475138
63133,0.475138
63134,0.475138
63135,0.475138
63136,0.475138
63137,0.475138
63138,0.475138
63139,0.475138
63140,0.475138
63141,0.475138
63142,0.475138
63143,0.475138
63144,0.475138
63145,0.475138
63146,0.475138
63147,0.475138
63148,0.475138
63149,0.475138
63150,0.475138
63151,0.475138
63152,0.475138
63153,0.475138
63154,0.475138
63155,0.475138
63156,0.475138
63157,0.475138
63158,0.475138
63159,0.475138
63160,0.475138
63161,0.475138
63162,0.475138
63163,0.475138
63164,0.475138
63165,0.475138
63166,0.475138
63167,0.475138
63168,0.475138
63169,0.475138
63170,0.475138
63171,0.475138
63172,0.475138
63173,0.475138
63174,0.475138
63175,0.475138
63176,0.475138
63177,0.475138
63178,0.475138
63179,0.475138
63180,0.475138
63181,0.475138
63182,0.475138
63183,0.475138
63184,0.475138
63185,0.475138
63186,0.475138
63187,0.475138
63188,0.475138
63189,0.475138
63190,0.475138
63191,0.475138
63192,0.475138
63193,0.475138
63194,0.475138
63195,0.475138
63196,0.475138
63197,0.475138
63198,0.475138
63199,0.475138
63200,0.475138
63201,0.475138
63202,0.475138
63203,0.475138
63204,0.475138
63205,0.475138
63206,0.475138
63207,0.475138
63208,0.475138
63209,0.469428
63210,0.469428
63211,0.475138
63212,0.475138
63213,0.475138
63214,0.475138
63215,0.475138
63216,0.475138
63217,0.475138
63218,0.475138
63219,0.475138
63220,0.475138
63221,0.475138
63222,0.475138
63223,0.475138
63224,0.475138
63225,0.475138
63226,0.475138
63227,0.475138
63228,0.475138
63229,0.475138
63230,0.475138
63231,0.475138
63232,0.475138
63233,0.475138
63234,0.475138
63235,0.475138
63236,0.475138
63237,0.475138
63238,0.475138
63239,0.475138
63240,0.475138
63241,0.475138
63242,0.475138
63243,0.475138
63244,0.475138
63245,0.475138
63246,0.475138
63247,0.475138
63248,0.475138
63249,0.475138
63250,0.475138
63251,0.475138
63252,0.475138
63253,0.475138
63254,0.475138
63255,0.475138
63256,0.475138
63257,0.475138
63258,0.475138
63259,0.475138
63260,0.475138
63261,0.475138
63262,0.475138
63263,0.475138
63264,0.475138
63265,0.475138
63266,0.475138
63267,0.475138
63268,0.475138
63269,0.475138
63270,0.475138
63271,0.475138
63272,0.475138
63273,0.475138
63274,0.475138
63275,0.475138
63276,0.475138
63277,0.475138
63278,0.475138
63279,0.475138
63280,0.475138
63281,0.475138
63282,0.475138
63283,0.475138
63284,0.475138
63285,0.475138
63286,0.475138
63287,0.475138
63288,0.475138
63289,0.475138
63290,0.475138
63291,0.475138
63292,0.475138
63293,0.475138
63294,0.475138
63295,0.475138
63296,0.475138
63297,0.475138
63298,0.475138
63299,0.475138
63300,0.475138
63301,0.475138
63302,0.475138
63303,0.475138
63304,0.475138
63305,0.475138
63306,0.475138
63307,0.475138
63308,0.475138
63309,0.475138
63310,0.475138
63311,0.475138
63312,0.475138
63313,0.475138
63314,0.475138
63315,0.475138
63316,0.475138
63317,0.475138
63318,0.475138
63319,0.475138
63320,0.475138
63321,0.475138
63322,0.475138
63323,0.475138
63324,0.475138
63325,0.475138
63326,0.475138
63327,0.475138
63328,0.475138
63329,0.475138
63330,0.475138
63331,0.475138
63332,0.475138
63333,0.475138
63334,0.475138
63335,0.475138
63336,0.475138
63337,0.475138
63338,0.475138
63339,0.475138
63340,0.475138
63341,0.475138
63342,0.475138
63343,0.475138
63344,0.475138
63345,0.475138
63346,0.475138
63347,0.475138
63348,0.475138
63349,0.475138
63350,0.475138
63351,0.475138
63352,0.475138
63353,0.475138
63354,0.475138
63355,0.475138
63356,0.475138
63357,0.475138
63358,0.475138
63359,0.475138
63360,0.475138
63361,0.475138
63362,0.475138
63363,0.475138
63364,0.475138
63365,0.475138
63366,0.475138
63367,0.475138
63368,0.475138
63369,0.475138
63370,0.475138
63371,0.475138
63372,0.475138
63373,0.475138
63374,0.475138
63375,0.475138
63376,0.475138
63377,0.475138
63378,0.475138
63379,0.475138
63380,0.444521
63381,0.444521
63382,0.444521
63383,0.444521
63384,0.444521
63385,0.444521
63386,0.444521
63387,0.444521
63388,0.444521
63389,0.444521
63390,0.475138
63391,0.475138
63392,0.475138
63393,0.475138
63394,0.475138
63395,0.444521
63396,0.444521
63397,0.444521
63398,0.475138
63399,0.475138
63400,0.475138
63401,0.475138
63402,0.475138
63403,0.475138
63404,0.475138
63405,0.475138
63406,0.475138
63407,0.475138
63408,0.475138
63409,0.475138
63410,0.475138
63411,0.475138
63412,0.475138
63413,0.475138
63414,0.475138
63415,0.475138
63416,0.475138
63417,0.475138
63418,0.475138
63419,0.475138
63420,0.475138
63421,0.475138
63422,0.475138
63423,0.475138
63424,0.475138
63425,0.475138
63426,0.475138
63427,0.475138
63428,0.475138
63429,0.475138
63430,0.475138
63431,0.475138
63432,0.475138
63433,0.475138
63434,0.475138
63435,0.475138
63436,0.475138
63437,0.475138
63438,0.475138
63439,0.475138
63440,0.475138
63441,0.475138
63442,0.475138
63443,0.475138
63444,0.475138
63445,0.475138
63446,0.475138
63447,0.475138
63448,0.475138
63449,0.475138
63450,0.475138
63451,0.475138
63452,0.475138
63453,0.475138
63454,0.475138
63455,0.475138
63456,0.475138
63457,0.475138
63458,0.475138
63459,0.475138
63460,0.475138
63461,0.475138
63462,0.475138
63463,0.475138
63464,0.475138
63465,0.475138
63466,0.475138
63467,0.475138
63468,0.475138
63469,0.475138
63470,0.475138
63471,0.475138
63472,0.475138
63473,0.475138
63474,0.475138
63475,0.475138
63476,0.475138
63477,0.475138
63478,0.475138
63479,0.475138
63480,0.475138
63481,0.475138
63482,0.475138
63483,0.475138
63484,0.475138
63485,0.475138
63486,0.475138
63487,0.475138
63488,0.475138
63489,0.475138
63490,0.475138
63491,0.475138
63492,0.475138
63493,0.475138
63494,0.475138
63495,0.475138
63496,0.475138
63497,0.475138
63498,0.475138
63499,0.475138
63500,0.475138
63501,0.475138
63502,0.475138
63503,0.475138
63504,0.475138
63505,0.475138
63506,0.475138
63507,0.475138
63508,0.475138
63509,0.475138
63510,0.475138
63511,0.475138
63512,0.475138
63513,0.475138
63514,0.475138
63515,0.475138
63516,0.475138
63517,0.475138
63518,0.475138
63519,0.475138
63520,0.475138
63521,0.475138
63522,0.475138
63523,0.475138
63524,0.475138
63525,0.475138
63526,0.475138
63527,0.475138
63528,0.475138
63529,0.475138
63530,0.475138
63531,0.475138
63532,0.475138
63533,0.475138
63534,0.475138
63535,0.475138
63536,0.475138
63537,0.475138
63538,0.475138
63539,0.475138
63540,0.475138
63541,0.475138
63542,0.475138
63543,0.475138
63544,0.475138
63545,0.475138
63546,0.475138
63547,0.475138
63548,0.475138
63549,0.475138
63550,0.475138
63551,0.475138
63552,0.475138
63553,0.475138
63554,0.475138
63555,0.475138
63556,0.475138
63557,0.475138
63558,0.475138
63559,0.475138
63560,0.475138
63561,0.475138
63562,0.475138
63563,0.475138
63564,0.475138
63565,0.475138
63566,0.475138
63567,0.475138
63568,0.475138
63569,0.475138
63570,0.475138
63571,0.475138
63572,0.475138
63573,0.475138
63574,0.475138
63575,0.475138
63576,0.475138
63577,0.475138
63578,0.475138
63579,0.475138
63580,0.475138
63581,0.475138
63582,0.475138
63583,0.475138
63584,0.475138
63585,0.475138
63586,0.475138
63587,0.475138
63588,0.475138
63589,0.475138
63590,0.475138
63591,0.475138
63592,0.475138
63593,0.475138
63594,0.475138
63595,0.475138
63596,0.475138
63597,0.475138
63598,0.475138
63599,0.475138
63600,0.475138
63601,0.475138
63602,0.475138
63603,0.475138
63604,0.475138
63605,0.475138
63606,0.475138
63607,0.475138
63608,0.475138
63609,0.475138
63610,0.475138
63611,0.475138
63612,0.475138
63613,0.475138
63614,0.475138
63615,0.475138
63616,0.475138
63617,0.475138
63618,0.475138
63619,0.475138
63620,0.475138
63621,0.475138
63622,0.475138
63623,0.475138
63624,0.475138
63625,0.475138
63626,0.475138
63627,0.475138
63628,0.475138
63629,0.475138
63630,0.475138
63631,0.475138
63632,0.475138
63633,0.475138
63634,0.475138
63635,0.475138
63636,0.475138
63637,0.475138
63638,0.475138
63639,0.475138
63640,0.475138
63641,0.475138
63642,0.475138
63643,0.475138
63644,0.475138
63645,0.475138
63646,0.475138
63647,0.475138
63648,0.475138
63649,0.475138
63650,0.475138
63651,0.475138
63652,0.475138
63653,0.475138
63654,0.475138
63655,0.475138
63656,0.475138
63657,0.475138
63658,0.475138
63659,0.475138
63660,0.475138
63661,0.475138
63662,0.475138
63663,0.475138
63664,0.475138
63665,0.475138
63666,0.475138
63667,0.475138
63668,0.475138
63669,0.475138
63670,0.475138
63671,0.475138
63672,0.475138
63673,0.475138
63674,0.475138
63675,0.475138
63676,0.475138
63677,0.475138
63678,0.475138
63679,0.475138
63680,0.475138
63681,0.475138
63682,0.475138
63683,0.475138
63684,0.475138
63685,0.475138
63686,0.475138
63687,0.475138
63688,0.475138
63689,0.475138
63690,0.475138
63691,0.475138
63692,0.475138
63693,0.475138
63694,0.475138
63695,0.475138
63696,0.475138
63697,0.475138
63698,0.475138
63699,0.475138
63700,0.475138
63701,0.475138
63702,0.475138
63703,0.475138
63704,0.475138
63705,0.475138
63706,0.475138
63707,0.475138
63708,0.475138
63709,0.475138
63710,0.475138
63711,0.475138
63712,0.475138
63713,0.475138
63714,0.475138
63715,0.475138
63716,0.475138
63717,0.475138
63718,0.475138
63719,0.475138
63720,0.475138
63721,0.475138
63722,0.475138
63723,0.475138
63724,0.475138
63725,0.475138
63726,0.475138
63727,0.475138
63728,0.475138
63729,0.475138
63730,0.475138
63731,0.475138
63732,0.475138
63733,0.475138
63734,0.475138
63735,0.475138
63736,0.475138
63737,0.475138
63738,0.475138
63739,0.475138
63740,0.475138
63741,0.475138
63742,0.475138
63743,0.475138
63744,0.475138
63745,0.475138
63746,0.475138
63747,0.475138
63748,0.475138
63749,0.475138
63750,0.475138
63751,0.475138
63752,0.475138
63753,0.475138
63754,0.475138
63755,0.475138
63756,0.475138
63757,0.475138
63758,0.475138
63759,0.475138
63760,0.475138
63761,0.475138
63762,0.475138
63763,0.475138
63764,0.475138
63765,0.475138
63766,0.475138
63767,0.475138
63768,0.475138
63769,0.475138
63770,0.475138
63771,0.475138
63772,0.475138
63773,0.475138
63774,0.475138
63775,0.475138
63776,0.475138
63777,0.475138
63778,0.475138
63779,0.475138
63780,0.475138
63781,0.475138
63782,0.475138
63783,0.475138
63784,0.475138
63785,0.475138
63786,0.475138
63787,0.475138
63788,0.475138
63789,0.475138
63790,0.475138
63791,0.475138
63792,0.475138
63793,0.475138
63794,0.475138
63795,0.475138
63796,0.475138
63797,0.475138
63798,0.475138
63799,0.475138
63800,0.475138
63801,0.475138
63802,0.475138
63803,0.475138
63804,0.475138
63805,0.475138
63806,0.475138
63807,0.475138
63808,0.475138
63809,0.475138
63810,0.475138
63811,0.475138
63812,0.475138
63813,0.475138
63814,0.475138
63815,0.475138
63816,0.475138
63817,0.475138
63818,0.475138
63819,0.475138
63820,0.475138
63821,0.475138
63822,0.475138
63823,0.475138
63824,0.475138
63825,0.475138
63826,0.475138
63827,0.475138
63828,0.475138
63829,0.475138
63830,0.475138
63831,0.475138
63832,0.475138
63833,0.475138
63834,0.475138
63835,0.475138
63836,0.475138
63837,0.475138
63838,0.475138
63839,0.475138
63840,0.475138
63841,0.475138
63842,0.475138
63843,0.475138
63844,0.475138
63845,0.475138
63846,0.475138
63847,0.475138
63848,0.475138
63849,0.475138
63850,0.475138
63851,0.475138
63852,0.475138
63853,0.475138
63854,0.475138
63855,0.475138
63856,0.475138
63857,0.475138
63858,0.475138
63859,0.475138
63860,0.475138
63861,0.475138
63862,0.475138
63863,0.475138
63864,0.475138
63865,0.475138
63866,0.475138
63867,0.475138
63868,0.475138
63869,0.475138
63870,0.475138
63871,0.475138
63872,0.475138
63873,0.475138
63874,0.475138
63875,0.475138
63876,0.475138
63877,0.475138
63878,0.475138
63879,0.475138
63880,0.475138
63881,0.475138
63882,0.475138
63883,0.475138
63884,0.475138
63885,0.475138
63886,0.475138
63887,0.475138
63888,0.475138
63889,0.475138
63890,0.475138
63891,0.475138
63892,0.475138
63893,0.475138
63894,0.475138
63895,0.475138
63896,0.475138
63897,0.475138
63898,0.475138
63899,0.475138
63900,0.475138
63901,0.475138
63902,0.475138
63903,0.475138
63904,0.475138
63905,0.475138
63906,0.475138
63907,0.475138
63908,0.475138
63909,0.475138
63910,0.475138
63911,0.475138
63912,0.475138
63913,0.475138
63914,0.475138
63915,0.475138
63916,0.475138
63917,0.475138
63918,0.475138
63919,0.475138
63920,0.475138
63921,0.475138
63922,0.475138
63923,0.475138
63924,0.475138
63925,0.475138
63926,0.475138
63927,0.475138
63928,0.475138
63929,0.475138
63930,0.475138
63931,0.475138
63932,0.475138
63933,0.475138
63934,0.475138
63935,0.475138
63936,0.475138
63937,0.475138
63938,0.475138
63939,0.475138
63940,0.475138
63941,0.475138
63942,0.475138
63943,0.475138
63944,0.475138
63945,0.475138
63946,0.475138
63947,0.475138
63948,0.475138
63949,0.475138
63950,0.475138
63951,0.475138
63952,0.475138
63953,0.475138
63954,0.475138
63955,0.475138
63956,0.475138
63957,0.475138
63958,0.475138
63959,0.475138
63960,0.475138
63961,0.475138
63962,0.475138
63963,0.475138
63964,0.475138
63965,0.475138
63966,0.475138
63967,0.475138
63968,0.475138
63969,0.475138
63970,0.475138
63971,0.475138
63972,0.475138
63973,0.475138
63974,0.475138
63975,0.475138
63976,0.475138
63977,0.475138
63978,0.475138
63979,0.475138
63980,0.475138
63981,0.475138
63982,0.475138
63983,0.475138
63984,0.475138
63985,0.475138
63986,0.475138
63987,0.475138
63988,0.475138
63989,0.475138
63990,0.475138
63991,0.475138
63992,0.475138
63993,0.475138
63994,0.475138
63995,0.475138
63996,0.475138
63997,0.475138
63998,0.475138
63999,0.475138
64000,0.475138
64001,0.475138
64002,0.475138
64003,0.475138
64004,0.475138
64005,0.475138
64006,0.475138
64007,0.475138
64008,0.475138
64009,0.475138
64010,0.475138
64011,0.475138
64012,0.475138
64013,0.475138
64014,0.475138
64015,0.475138
64016,0.475138
64017,0.475138
64018,0.475138
64019,0.475138
64020,0.475138
64021,0.475138
64022,0.475138
64023,0.475138
64024,0.475138
64025,0.475138
64026,0.475138
64027,0.475138
64028,0.475138
64029,0.475138
64030,0.475138
64031,0.475138
64032,0.475138
64033,0.475138
64034,0.475138
64035,0.475138
64036,0.475138
64037,0.475138
64038,0.475138
64039,0.475138
64040,0.475138
64041,0.475138
64042,0.475138
64043,0.475138
64044,0.475138
64045,0.475138
64046,0.475138
64047,0.475138
64048,0.475138
64049,0.475138
64050,0.475138
64051,0.475138
64052,0.475138
64053,0.475138
64054,0.475138
64055,0.475138
64056,0.475138
64057,0.475138
64058,0.475138
64059,0.475138
64060,0.475138
64061,0.475138
64062,0.475138
64063,0.475138
64064,0.475138
64065,0.475138
64066,0.475138
64067,0.475138
64068,0.475138
64069,0.475138
64070,0.475138
64071,0.475138
64072,0.475138
64073,0.475138
64074,0.475138
64075,0.475138
64076,0.475138
64077,0.475138
64078,0.475138
64079,0.475138
64080,0.475138
64081,0.475138
64082,0.475138
64083,0.475138
64084,0.475138
64085,0.475138
64086,0.475138
64087,0.475138
64088,0.475138
64089,0.475138
64090,0.475138
64091,0.475138
64092,0.475138
64093,0.475138
64094,0.475138
64095,0.475138
64096,0.475138
64097,0.475138
64098,0.475138
64099,0.475138
64100,0.475138
64101,0.475138
64102,0.475138
64103,0.475138
64104,0.475138
64105,0.475138
64106,0.475138
64107,0.475138
64108,0.475138
64109,0.475138
64110,0.475138
64111,0.475138
64112,0.475138
64113,0.475138
64114,0.475138
64115,0.475138
64116,0.475138
64117,0.475138
64118,0.475138
64119,0.475138
64120,0.475138
64121,0.475138
64122,0.475138
64123,0.475138
64124,0.475138
64125,0.475138
64126,0.475138
64127,0.475138
64128,0.475138
64129,0.475138
64130,0.475138
64131,0.475138
64132,0.475138
64133,0.475138
64134,0.475138
64135,0.475138
64136,0.475138
64137,0.475138
64138,0.475138
64139,0.475138
64140,0.475138
64141,0.475138
64142,0.475138
64143,0.475138
64144,0.475138
64145,0.475138
64146,0.475138
64147,0.475138
64148,0.475138
64149,0.475138
64150,0.475138
64151,0.475138
64152,0.475138
64153,0.475138
64154,0.475138
64155,0.475138
64156,0.475138
64157,0.475138
64158,0.475138
64159,0.475138
64160,0.475138
64161,0.475138
64162,0.475138
64163,0.475138
64164,0.475138
64165,0.475138
64166,0.475138
64167,0.475138
64168,0.475138
64169,0.475138
64170,0.475138
64171,0.475138
64172,0.475138
64173,0.475138
64174,0.475138
64175,0.475138
64176,0.475138
64177,0.475138
64178,0.475138
64179,0.475138
64180,0.475138
64181,0.475138
64182,0.475138
64183,0.475138
64184,0.475138
64185,0.475138
64186,0.475138
64187,0.475138
64188,0.475138
64189,0.475138
64190,0.475138
64191,0.475138
64192,0.475138
64193,0.475138
64194,0.475138
64195,0.475138
64196,0.475138
64197,0.475138
64198,0.475138
64199,0.475138
64200,0.475138
64201,0.475138
64202,0.475138
64203,0.475138
64204,0.475138
64205,0.475138
64206,0.475138
64207,0.475138
64208,0.475138
64209,0.475138
64210,0.475138
64211,0.475138
64212,0.475138
64213,0.475138
64214,0.475138
64215,0.475138
64216,0.475138
64217,0.475138
64218,0.475138
64219,0.475138
64220,0.475138
64221,0.475138
64222,0.475138
64223,0.475138
64224,0.475138
64225,0.475138
64226,0.475138
64227,0.475138
64228,0.475138
64229,0.475138
64230,0.475138
64231,0.475138
64232,0.475138
64233,0.475138
64234,0.475138
64235,0.475138
64236,0.475138
64237,0.475138
64238,0.475138
64239,0.475138
64240,0.475138
64241,0.475138
64242,0.475138
64243,0.475138
64244,0.475138
64245,0.475138
64246,0.475138
64247,0.475138
64248,0.475138
64249,0.475138
64250,0.475138
64251,0.475138
64252,0.475138
64253,0.475138
64254,0.475138
64255,0.475138
64256,0.475138
64257,0.475138
64258,0.475138
64259,0.475138
64260,0.475138
64261,0.475138
64262,0.475138
64263,0.475138
64264,0.475138
64265,0.475138
64266,0.475138
64267,0.475138
64268,0.475138
64269,0.475138
64270,0.475138
64271,0.475138
64272,0.475138
64273,0.475138
64274,0.475138
64275,0.475138
64276,0.475138
64277,0.475138
64278,0.475138
64279,0.475138
64280,0.475138
64281,0.475138
64282,0.475138
64283,0.475138
64284,0.475138
64285,0.475138
64286,0.475138
64287,0.475138
64288,0.475138
64289,0.475138
64290,0.475138
64291,0.475138
64292,0.475138
64293,0.475138
64294,0.475138
64295,0.475138
64296,0.475138
64297,0.475138
64298,0.475138
64299,0.475138
64300,0.475138
64301,0.475138
64302,0.475138
64303,0.475138
64304,0.475138
64305,0.475138
64306,0.475138
64307,0.475138
64308,0.475138
64309,0.475138
64310,0.475138
64311,0.475138
64312,0.475138
64313,0.475138
64314,0.475138
64315,0.475138
64316,0.475138
64317,0.475138
64318,0.475138
64319,0.475138
64320,0.475138
64321,0.475138
64322,0.475138
64323,0.475138
64324,0.475138
64325,0.475138
64326,0.475138
64327,0.475138
64328,0.475138
64329,0.475138
64330,0.475138
64331,0.475138
64332,0.475138
64333,0.475138
64334,0.475138
64335,0.475138
64336,0.475138
64337,0.475138
64338,0.475138
64339,0.475138
64340,0.475138
64341,0.475138
64342,0.475138
64343,0.475138
64344,0.475138
64345,0.475138
64346,0.475138
64347,0.475138
64348,0.475138
64349,0.475138
64350,0.475138
64351,0.475138
64352,0.475138
64353,0.475138
64354,0.475138
64355,0.475138
64356,0.475138
64357,0.475138
64358,0.475138
64359,0.475138
64360,0.475138
64361,0.475138
64362,0.475138
64363,0.475138
64364,0.475138
64365,0.475138
64366,0.475138
64367,0.475138
64368,0.475138
64369,0.475138
64370,0.475138
64371,0.475138
64372,0.475138
64373,0.475138
64374,0.475138
64375,0.475138
64376,0.475138
64377,0.475138
64378,0.475138
64379,0.475138
64380,0.475138
64381,0.475138
64382,0.475138
64383,0.475138
64384,0.475138
64385,0.475138
64386,0.475138
64387,0.475138
64388,0.475138
64389,0.475138
64390,0.475138
64391,0.475138
64392,0.475138
64393,0.475138
64394,0.475138
64395,0.475138
64396,0.475138
64397,0.475138
64398,0.475138
64399,0.475138
64400,0.475138
64401,0.475138
64402,0.475138
64403,0.475138
64404,0.475138
64405,0.475138
64406,0.475138
64407,0.475138
64408,0.475138
64409,0.475138
64410,0.475138
64411,0.475138
64412,0.475138
64413,0.475138
64414,0.475138
64415,0.475138
64416,0.475138
64417,0.475138
64418,0.475138
64419,0.475138
64420,0.475138
64421,0.475138
64422,0.475138
64423,0.475138
64424,0.475138
64425,0.475138
64426,0.475138
64427,0.475138
64428,0.475138
64429,0.475138
64430,0.475138
64431,0.475138
64432,0.475138
64433,0.475138
64434,0.475138
64435,0.475138
64436,0.475138
64437,0.475138
64438,0.475138
64439,0.475138
64440,0.475138
64441,0.475138
64442,0.475138
64443,0.475138
64444,0.475138
64445,0.475138
64446,0.475138
64447,0.475138
64448,0.475138
64449,0.475138
64450,0.475138
64451,0.475138
64452,0.475138
64453,0.475138
64454,0.475138
64455,0.475138
64456,0.475138
64457,0.475138
64458,0.475138
64459,0.475138
64460,0.475138
64461,0.475138
64462,0.475138
64463,0.475138
64464,0.475138
64465,0.475138
64466,0.475138
64467,0.475138
64468,0.475138
64469,0.475138
64470,0.475138
64471,0.475138
64472,0.475138
64473,0.475138
64474,0.475138
64475,0.475138
64476,0.475138
64477,0.475138
64478,0.475138
64479,0.475138
64480,0.475138
64481,0.475138
64482,0.475138
64483,0.475138
64484,0.475138
64485,0.475138
64486,0.475138
64487,0.475138
64488,0.475138
64489,0.475138
64490,0.475138
64491,0.475138
64492,0.475138
64493,0.475138
64494,0.475138
64495,0.475138
64496,0.475138
64497,0.475138
64498,0.475138
64499,0.475138
64500,0.475138
64501,0.475138
64502,0.475138
64503,0.475138
64504,0.475138
64505,0.475138
64506,0.475138
64507,0.475138
64508,0.475138
64509,0.475138
64510,0.475138
64511,0.475138
64512,0.475138
64513,0.475138
64514,0.475138
64515,0.475138
64516,0.475138
64517,0.475138
64518,0.475138
64519,0.475138
64520,0.475138
64521,0.475138
64522,0.475138
64523,0.475138
64524,0.475138
64525,0.475138
64526,0.475138
64527,0.475138
64528,0.475138
64529,0.475138
64530,0.475138
64531,0.475138
64532,0.475138
64533,0.475138
64534,0.475138
64535,0.475138
64536,0.475138
64537,0.475138
64538,0.475138
64539,0.475138
64540,0.475138
64541,0.475138
64542,0.475138
64543,0.475138
64544,0.475138
64545,0.475138
64546,0.475138
64547,0.475138
64548,0.475138
64549,0.475138
64550,0.475138
64551,0.475138
64552,0.475138
64553,0.475138
64554,0.475138
64555,0.475138
64556,0.475138
64557,0.475138
64558,0.475138
64559,0.475138
64560,0.475138
64561,0.475138
64562,0.475138
64563,0.475138
64564,0.475138
64565,0.475138
64566,0.475138
64567,0.475138
64568,0.475138
64569,0.475138
64570,0.475138
64571,0.475138
64572,0.475138
64573,0.475138
64574,0.475138
64575,0.475138
64576,0.475138
64577,0.475138
64578,0.475138
64579,0.475138
64580,0.475138
64581,0.475138
64582,0.475138
64583,0.475138
64584,0.475138
64585,0.475138
64586,0.475138
64587,0.475138
64588,0.475138
64589,0.475138
64590,0.475138
64591,0.475138
64592,0.475138
64593,0.475138
64594,0.475138
64595,0.475138
64596,0.475138
64597,0.475138
64598,0.475138
64599,0.475138
64600,0.475138
64601,0.475138
64602,0.475138
64603,0.475138
64604,0.475138
64605,0.475138
64606,0.475138
64607,0.475138
64608,0.475138
64609,0.475138
64610,0.475138
64611,0.475138
64612,0.475138
64613,0.475138
64614,0.475138
64615,0.475138
64616,0.475138
64617,0.475138
64618,0.475138
64619,0.475138
64620,0.475138
64621,0.475138
64622,0.475138
64623,0.475138
64624,0.475138
64625,0.475138
64626,0.475138
64627,0.475138
64628,0.475138
64629,0.475138
64630,0.475138
64631,0.475138
64632,0.475138
64633,0.475138
64634,0.475138
64635,0.475138
64636,0.475138
64637,0.475138
64638,0.475138
64639,0.475138
64640,0.475138
64641,0.475138
64642,0.475138
64643,0.475138
64644,0.475138
64645,0.475138
64646,0.475138
64647,0.475138
64648,0.475138
64649,0.475138
64650,0.475138
64651,0.475138
64652,0.475138
64653,0.475138
64654,0.475138
64655,0.475138
64656,0.475138
64657,0.475138
64658,0.475138
64659,0.475138
64660,0.475138
64661,0.475138
64662,0.475138
64663,0.475138
64664,0.475138
64665,0.475138
64666,0.475138
64667,0.475138
64668,0.475138
64669,0.475138
64670,0.475138
64671,0.475138
64672,0.475138
64673,0.475138
64674,0.475138
64675,0.475138
64676,0.475138
64677,0.475138
64678,0.475138
64679,0.475138
64680,0.475138
64681,0.475138
64682,0.475138
64683,0.475138
64684,0.475138
64685,0.475138
64686,0.475138
64687,0.475138
64688,0.475138
64689,0.475138
64690,0.475138
64691,0.475138
64692,0.475138
64693,0.475138
64694,0.475138
64695,0.475138
64696,0.475138
64697,0.475138
64698,0.475138
64699,0.475138
64700,0.475138
64701,0.475138
64702,0.475138
64703,0.475138
64704,0.475138
64705,0.475138
64706,0.475138
64707,0.475138
64708,0.475138
64709,0.475138
64710,0.475138
64711,0.475138
64712,0.475138
64713,0.475138
64714,0.475138
64715,0.475138
64716,0.475138
64717,0.475138
64718,0.475138
64719,0.475138
64720,0.475138
64721,0.475138
64722,0.475138
64723,0.475138
64724,0.475138
64725,0.475138
64726,0.475138
64727,0.475138
64728,0.475138
64729,0.475138
64730,0.475138
64731,0.475138
64732,0.475138
64733,0.475138
64734,0.475138
64735,0.475138
64736,0.475138
64737,0.475138
64738,0.475138
64739,0.475138
64740,0.475138
64741,0.475138
64742,0.475138
64743,0.475138
64744,0.475138
64745,0.475138
64746,0.475138
64747,0.475138
64748,0.475138
64749,0.475138
64750,0.475138
64751,0.475138
64752,0.475138
64753,0.475138
64754,0.475138
64755,0.475138
64756,0.475138
64757,0.475138
64758,0.475138
64759,0.475138
64760,0.475138
64761,0.475138
64762,0.475138
64763,0.475138
64764,0.475138
64765,0.475138
64766,0.475138
64767,0.475138
64768,0.475138
64769,0.475138
64770,0.475138
64771,0.475138
64772,0.475138
64773,0.475138
64774,0.475138
64775,0.475138
64776,0.475138
64777,0.475138
64778,0.475138
64779,0.475138
64780,0.475138
64781,0.475138
64782,0.475138
64783,0.475138
64784,0.475138
64785,0.475138
64786,0.475138
64787,0.475138
64788,0.475138
64789,0.475138
64790,0.475138
64791,0.475138
64792,0.475138
64793,0.475138
64794,0.475138
64795,0.475138
64796,0.475138
64797,0.475138
64798,0.475138
64799,0.475138
64800,0.475138
64801,0.475138
64802,0.475138
64803,0.475138
64804,0.475138
64805,0.475138
64806,0.475138
64807,0.475138
64808,0.475138
64809,0.475138
64810,0.475138
64811,0.475138
64812,0.475138
64813,0.475138
64814,0.475138
64815,0.475138
64816,0.475138
64817,0.475138
64818,0.475138
64819,0.475138
64820,0.475138
64821,0.475138
64822,0.475138
64823,0.475138
64824,0.475138
64825,0.475138
64826,0.475138
64827,0.475138
64828,0.475138
64829,0.475138
64830,0.475138
64831,0.475138
64832,0.475138
64833,0.475138
64834,0.475138
64835,0.475138
64836,0.475138
64837,0.475138
64838,0.475138
64839,0.475138
64840,0.475138
64841,0.475138
64842,0.475138
64843,0.475138
64844,0.475138
64845,0.475138
64846,0.475138
64847,0.475138
64848,0.475138
64849,0.475138
64850,0.475138
64851,0.475138
64852,0.475138
64853,0.475138
64854,0.475138
64855,0.475138
64856,0.475138
64857,0.475138
64858,0.475138
64859,0.475138
64860,0.475138
64861,0.475138
64862,0.475138
64863,0.475138
64864,0.475138
64865,0.475138
64866,0.475138
64867,0.475138
64868,0.475138
64869,0.475138
64870,0.475138
64871,0.475138
64872,0.475138
64873,0.475138
64874,0.475138
64875,0.475138
64876,0.475138
64877,0.475138
64878,0.475138
64879,0.475138
64880,0.475138
64881,0.475138
64882,0.475138
64883,0.475138
64884,0.475138
64885,0.475138
64886,0.475138
64887,0.475138
64888,0.475138
64889,0.475138
64890,0.475138
64891,0.475138
64892,0.475138
64893,0.475138
64894,0.475138
64895,0.475138
64896,0.475138
64897,0.475138
64898,0.475138
64899,0.475138
64900,0.475138
64901,0.475138
64902,0.475138
64903,0.475138
64904,0.475138
64905,0.475138
64906,0.475138
64907,0.475138
64908,0.475138
64909,0.475138
64910,0.475138
64911,0.475138
64912,0.475138
64913,0.475138
64914,0.475138
64915,0.475138
64916,0.475138
64917,0.475138
64918,0.475138
64919,0.475138
64920,0.475138
64921,0.475138
64922,0.475138
64923,0.475138
64924,0.475138
64925,0.475138
64926,0.475138
64927,0.475138
64928,0.475138
64929,0.475138
64930,0.475138
64931,0.475138
64932,0.475138
64933,0.475138
64934,0.475138
64935,0.475138
64936,0.475138
64937,0.475138
64938,0.475138
64939,0.475138
64940,0.475138
64941,0.475138
64942,0.475138
64943,0.475138
64944,0.475138
64945,0.475138
64946,0.475138
64947,0.475138
64948,0.475138
64949,0.475138
64950,0.475138
64951,0.475138
64952,0.475138
64953,0.475138
64954,0.475138
64955,0.475138
64956,0.475138
64957,0.475138
64958,0.475138
64959,0.475138
64960,0.475138
64961,0.475138
64962,0.475138
64963,0.475138
64964,0.475138
64965,0.475138
64966,0.475138
64967,0.475138
64968,0.475138
64969,0.475138
64970,0.475138
64971,0.475138
64972,0.475138
64973,0.475138
64974,0.475138
64975,0.475138
64976,0.475138
64977,0.475138
64978,0.475138
64979,0.475138
64980,0.475138
64981,0.475138
64982,0.475138
64983,0.475138
64984,0.475138
64985,0.475138
64986,0.475138
64987,0.475138
64988,0.475138
64989,0.475138
64990,0.475138
64991,0.475138
64992,0.475138
64993,0.475138
64994,0.475138
64995,0.475138
64996,0.475138
64997,0.475138
64998,0.475138
64999,0.475138
65000,0.475138
65001,0.475138
65002,0.475138
65003,0.475138
65004,0.475138
65005,0.475138
65006,0.475138
65007,0.475138
65008,0.475138
65009,0.475138
65010,0.475138
65011,0.475138
65012,0.475138
65013,0.475138
65014,0.475138
65015,0.475138
65016,0.475138
65017,0.475138
65018,0.475138
65019,0.475138
65020,0.475138
65021,0.475138
65022,0.475138
65023,0.475138
65024,0.475138
65025,0.475138
65026,0.475138
65027,0.475138
65028,0.475138
65029,0.475138
65030,0.475138
65031,0.475138
65032,0.475138
65033,0.475138
65034,0.475138
65035,0.475138
65036,0.475138
65037,0.475138
65038,0.475138
65039,0.475138
65040,0.475138
65041,0.475138
65042,0.475138
65043,0.475138
65044,0.475138
65045,0.475138
65046,0.475138
65047,0.475138
65048,0.475138
65049,0.475138
65050,0.475138
65051,0.475138
65052,0.475138
65053,0.475138
65054,0.475138
65055,0.475138
65056,0.475138
65057,0.475138
65058,0.475138
65059,0.475138
65060,0.475138
65061,0.475138
65062,0.475138
65063,0.475138
65064,0.475138
65065,0.475138
65066,0.475138
65067,0.475138
65068,0.475138
65069,0.475138
65070,0.475138
65071,0.475138
65072,0.475138
65073,0.475138
65074,0.475138
65075,0.475138
65076,0.475138
65077,0.475138
65078,0.475138
65079,0.475138
65080,0.475138
65081,0.475138
65082,0.475138
65083,0.475138
65084,0.475138
65085,0.475138
65086,0.475138
65087,0.475138
65088,0.475138
65089,0.475138
65090,0.475138
65091,0.475138
65092,0.475138
65093,0.475138
65094,0.475138
65095,0.475138
65096,0.475138
65097,0.475138
65098,0.475138
65099,0.475138
65100,0.475138
65101,0.475138
65102,0.475138
65103,0.475138
65104,0.475138
65105,0.475138
65106,0.475138
65107,0.475138
65108,0.475138
65109,0.475138
65110,0.475138
65111,0.475138
65112,0.475138
65113,0.475138
65114,0.475138
65115,0.475138
65116,0.475138
65117,0.475138
65118,0.475138
65119,0.475138
65120,0.475138
65121,0.475138
65122,0.475138
65123,0.475138
65124,0.475138
65125,0.475138
65126,0.475138
65127,0.475138
65128,0.475138
65129,0.475138
65130,0.475138
65131,0.475138
65132,0.475138
65133,0.475138
65134,0.475138
65135,0.475138
65136,0.475138
65137,0.475138
65138,0.475138
65139,0.475138
65140,0.475138
65141,0.475138
65142,0.475138
65143,0.475138
65144,0.475138
65145,0.474671
65146,0.475138
65147,0.475138
65148,0.475138
65149,0.475138
65150,0.475138
65151,0.475138
65152,0.475138
65153,0.475138
65154,0.475138
65155,0.475138
65156,0.475138
65157,0.475138
65158,0.475138
65159,0.475138
65160,0.475138
65161,0.475138
65162,0.475138
65163,0.475138
65164,0.475138
65165,0.475138
65166,0.475138
65167,0.475138
65168,0.475138
65169,0.475138
65170,0.475138
65171,0.475138
65172,0.475138
65173,0.475138
65174,0.475138
65175,0.475138
65176,0.475138
65177,0.475138
65178,0.475138
65179,0.475138
65180,0.475138
65181,0.475138
65182,0.475138
65183,0.475138
65184,0.475138
65185,0.475138
65186,0.475138
65187,0.475138
65188,0.475138
65189,0.475138
65190,0.475138
65191,0.475138
65192,0.475138
65193,0.475138
65194,0.475138
65195,0.475138
65196,0.475138
65197,0.475138
65198,0.475138
65199,0.475138
65200,0.475138
65201,0.475138
65202,0.475138
65203,0.475138
65204,0.475138
65205,0.475138
65206,0.475138
65207,0.475138
65208,0.475138
65209,0.475138
65210,0.475138
65211,0.475138
65212,0.475138
65213,0.475138
65214,0.475138
65215,0.475138
65216,0.475138
65217,0.475138
65218,0.475138
65219,0.475138
65220,0.475138
65221,0.475138
65222,0.475138
65223,0.475138
65224,0.475138
65225,0.475138
65226,0.475138
65227,0.475138
65228,0.475138
65229,0.475138
65230,0.475138
65231,0.475138
65232,0.475138
65233,0.475138
65234,0.475138
65235,0.475138
65236,0.475138
65237,0.475138
65238,0.475138
65239,0.475138
65240,0.475138
65241,0.475138
65242,0.475138
65243,0.475138
65244,0.475138
65245,0.475138
65246,0.475138
65247,0.475138
65248,0.475138
65249,0.475138
65250,0.475138
65251,0.475138
65252,0.475138
65253,0.475138
65254,0.475138
65255,0.475138
65256,0.475138
65257,0.475138
65258,0.475138
65259,0.475138
65260,0.475138
65261,0.475138
65262,0.475138
65263,0.475138
65264,0.475138
65265,0.475138
65266,0.475138
65267,0.475138
65268,0.475138
65269,0.475138
65270,0.475138
65271,0.475138
65272,0.475138
65273,0.475138
65274,0.475138
65275,0.475138
65276,0.475138
65277,0.475138
65278,0.475138
65279,0.475138
65280,0.475138
65281,0.475138
65282,0.475138
65283,0.475138
65284,0.475138
65285,0.475138
65286,0.475138
65287,0.475138
65288,0.475138
65289,0.475138
65290,0.475138
65291,0.475138
65292,0.475138
65293,0.475138
65294,0.475138
65295,0.475138
65296,0.475138
65297,0.475138
65298,0.475138
65299,0.475138
65300,0.475138
65301,0.475138
65302,0.475138
65303,0.475138
65304,0.475138
65305,0.475138
65306,0.475138
65307,0.475138
65308,0.475138
65309,0.475138
65310,0.475138
65311,0.475138
65312,0.475138
65313,0.475138
65314,0.475138
65315,0.475138
65316,0.475138
65317,0.475138
65318,0.475138
65319,0.475138
65320,0.475138
65321,0.475138
65322,0.475138
65323,0.475138
65324,0.475138
65325,0.475138
65326,0.475138
65327,0.475138
65328,0.475138
65329,0.475138
65330,0.475138
65331,0.475138
65332,0.475138
65333,0.475138
65334,0.475138
65335,0.475138
65336,0.475138
65337,0.475138
65338,0.475138
65339,0.475138
65340,0.475138
65341,0.475138
65342,0.475138
65343,0.475138
65344,0.475138
65345,0.475138
65346,0.475138
65347,0.475138
65348,0.475138
65349,0.475138
65350,0.475138
65351,0.475138
65352,0.475138
65353,0.475138
65354,0.475138
65355,0.475138
65356,0.475138
65357,0.475138
65358,0.475138
65359,0.475138
65360,0.475138
65361,0.475138
65362,0.475138
65363,0.475138
65364,0.475138
65365,0.475138
65366,0.475138
65367,0.475138
65368,0.475138
65369,0.475138
65370,0.475138
65371,0.475138
65372,0.475138
65373,0.475138
65374,0.475138
65375,0.475138
65376,0.475138
65377,0.475138
65378,0.475138
65379,0.475138
65380,0.475138
65381,0.475138
65382,0.475138
65383,0.475138
65384,0.475138
65385,0.475138
65386,0.475138
65387,0.475138
65388,0.475138
65389,0.475138
65390,0.475138
65391,0.475138
65392,0.475138
65393,0.475138
65394,0.475138
65395,0.475138
65396,0.475138
65397,0.475138
65398,0.475138
65399,0.475138
65400,0.475138
65401,0.475138
65402,0.475138
65403,0.475138
65404,0.475138
65405,0.475138
65406,0.475138
65407,0.475138
65408,0.475138
65409,0.475138
65410,0.475138
65411,0.475138
65412,0.475138
65413,0.475138
65414,0.475138
65415,0.475138
65416,0.475138
65417,0.475138
65418,0.475138
65419,0.475138
65420,0.475138
65421,0.475138
65422,0.475138
65423,0.475138
65424,0.475138
65425,0.475138
65426,0.475138
65427,0.475138
65428,0.475138
65429,0.475138
65430,0.475138
65431,0.475138
65432,0.475138
65433,0.475138
65434,0.475138
65435,0.475138
65436,0.475138
65437,0.475138
65438,0.475138
65439,0.475138
65440,0.475138
65441,0.475138
65442,0.475138
65443,0.475138
65444,0.475138
65445,0.475138
65446,0.475138
65447,0.475138
65448,0.475138
65449,0.475138
65450,0.475138
65451,0.475138
65452,0.475138
65453,0.475138
65454,0.475138
65455,0.475138
65456,0.475138
65457,0.475138
65458,0.475138
65459,0.475138
65460,0.475138
65461,0.475138
65462,0.475138
65463,0.475138
65464,0.475138
65465,0.475138
65466,0.475138
65467,0.475138
65468,0.475138
65469,0.475138
65470,0.475138
65471,0.475138
65472,0.475138
65473,0.475138
65474,0.475138
65475,0.475138
65476,0.475138
65477,0.475138
65478,0.475138
65479,0.475138
65480,0.475138
65481,0.475138
65482,0.475138
65483,0.475138
65484,0.475138
65485,0.475138
65486,0.475138
65487,0.433504
65488,0.475138
65489,0.475138
65490,0.475138
65491,0.475138
65492,0.475138
65493,0.475138
65494,0.475138
65495,0.475138
65496,0.475138
65497,0.475138
65498,0.475138
65499,0.475138
65500,0.475138
65501,0.475138
65502,0.475138
65503,0.475138
65504,0.475138
65505,0.475138
65506,0.475138
65507,0.475138
65508,0.475138
65509,0.475138
65510,0.475138
65511,0.475138
65512,0.475138
65513,0.475138
65514,0.475138
65515,0.475138
65516,0.475138
65517,0.475138
65518,0.475138
65519,0.475138
65520,0.475138
65521,0.475138
65522,0.475138
65523,0.475138
65524,0.475138
65525,0.475138
65526,0.475138
65527,0.475138
65528,0.475138
65529,0.475138
65530,0.475138
65531,0.475138
65532,0.475138
65533,0.475138
65534,0.475138
65535,0.475138
65536,0.475138
65537,0.475138
65538,0.475138
65539,0.475138
65540,0.475138
65541,0.475138
65542,0.475138
65543,0.475138
65544,0.475138
65545,0.475138
65546,0.475138
65547,0.475138
65548,0.475138
65549,0.475138
65550,0.475138
65551,0.475138
65552,0.475138
65553,0.475138
65554,0.475138
65555,0.475138
65556,0.475138
65557,0.475138
65558,0.475138
65559,0.475138
65560,0.475138
65561,0.475138
65562,0.475138
65563,0.475138
65564,0.475138
65565,0.475138
65566,0.475138
65567,0.475138
65568,0.475138
65569,0.475138
65570,0.475138
65571,0.475138
65572,0.475138
65573,0.475138
65574,0.475138
65575,0.475138
65576,0.475138
65577,0.475138
65578,0.475138
65579,0.475138
65580,0.475138
65581,0.475138
65582,0.475138
65583,0.475138
65584,0.475138
65585,0.475138
65586,0.475138
65587,0.475138
65588,0.475138
65589,0.475138
65590,0.475138
65591,0.475138
65592,0.475138
65593,0.475138
65594,0.475138
65595,0.475138
65596,0.475138
65597,0.475138
65598,0.475138
65599,0.475138
65600,0.475138
65601,0.475138
65602,0.475138
65603,0.475138
65604,0.475138
65605,0.475138
65606,0.475138
65607,0.475138
65608,0.475138
65609,0.475138
65610,0.475138
65611,0.475138
65612,0.475138
65613,0.475138
65614,0.475138
65615,0.475138
65616,0.475138
65617,0.475138
65618,0.475138
65619,0.475138
65620,0.475138
65621,0.475138
65622,0.475138
65623,0.475138
65624,0.475138
65625,0.475138
65626,0.475138
65627,0.475138
65628,0.475138
65629,0.475138
65630,0.475138
65631,0.475138
65632,0.475138
65633,0.475138
65634,0.475138
65635,0.475138
65636,0.475138
65637,0.475138
65638,0.475138
65639,0.475138
65640,0.475138
65641,0.475138
65642,0.475138
65643,0.475138
65644,0.475138
65645,0.475138
65646,0.475138
65647,0.475138
65648,0.475138
65649,0.475138
65650,0.475138
65651,0.475138
65652,0.475138
65653,0.475138
65654,0.475138
65655,0.475138
65656,0.475138
65657,0.475138
65658,0.475138
65659,0.475138
65660,0.475138
65661,0.475138
65662,0.475138
65663,0.475138
65664,0.475138
65665,0.475138
65666,0.475138
65667,0.475138
65668,0.475138
65669,0.475138
65670,0.475138
65671,0.475138
65672,0.475138
65673,0.475138
65674,0.475138
65675,0.475138
65676,0.475138
65677,0.475138
65678,0.475138
65679,0.475138
65680,0.475138
65681,0.475138
65682,0.475138
65683,0.475138
65684,0.475138
65685,0.475138
65686,0.475138
65687,0.475138
65688,0.475138
65689,0.475138
65690,0.475138
65691,0.475138
65692,0.475138
65693,0.475138
65694,0.475138
65695,0.475138
65696,0.475138
65697,0.475138
65698,0.475138
65699,0.475138
65700,0.475138
65701,0.475138
65702,0.475138
65703,0.475138
65704,0.475138
65705,0.475138
65706,0.475138
65707,0.475138
65708,0.475138
65709,0.475138
65710,0.475138
65711,0.475138
65712,0.475138
65713,0.475138
65714,0.475138
65715,0.475138
65716,0.475138
65717,0.475138
65718,0.475138
65719,0.475138
65720,0.475138
65721,0.475138
65722,0.475138
65723,0.475138
65724,0.475138
65725,0.475138
65726,0.475138
65727,0.475138
65728,0.475138
65729,0.475138
65730,0.475138
65731,0.475138
65732,0.475138
65733,0.475138
65734,0.475138
65735,0.475138
65736,0.475138
65737,0.475138
65738,0.475138
65739,0.475138
65740,0.475138
65741,0.475138
65742,0.475138
65743,0.475138
65744,0.475138
65745,0.475138
65746,0.475138
65747,0.475138
65748,0.475138
65749,0.475138
65750,0.475138
65751,0.475138
65752,0.475138
65753,0.475138
65754,0.475138
65755,0.475138
65756,0.475138
65757,0.475138
65758,0.475138
65759,0.475138
65760,0.475138
65761,0.475138
65762,0.475138
65763,0.475138
65764,0.475138
65765,0.475138
65766,0.475138
65767,0.475138
65768,0.475138
65769,0.475138
65770,0.475138
65771,0.475138
65772,0.475138
65773,0.475138
65774,0.475138
65775,0.475138
65776,0.475138
65777,0.475138
65778,0.475138
65779,0.475138
65780,0.475138
65781,0.475138
65782,0.475138
65783,0.475138
65784,0.475138
65785,0.475138
65786,0.475138
65787,0.475138
65788,0.475138
65789,0.475138
65790,0.475138
65791,0.475138
65792,0.475138
65793,0.475138
65794,0.475138
65795,0.475138
65796,0.475138
65797,0.475138
65798,0.475138
65799,0.475138
65800,0.475138
65801,0.475138
65802,0.475138
65803,0.475138
65804,0.475138
65805,0.475138
65806,0.475138
65807,0.475138
65808,0.475138
65809,0.475138
65810,0.475138
65811,0.475138
65812,0.475138
65813,0.475138
65814,0.475138
65815,0.475138
65816,0.475138
65817,0.475138
65818,0.475138
65819,0.475138
65820,0.475138
65821,0.475138
65822,0.475138
65823,0.475138
65824,0.475138
65825,0.475138
65826,0.475138
65827,0.475138
65828,0.475138
65829,0.475138
65830,0.475138
65831,0.475138
65832,0.475138
65833,0.475138
65834,0.475138
65835,0.475138
65836,0.475138
65837,0.475138
65838,0.475138
65839,0.475138
65840,0.475138
65841,0.475138
65842,0.475138
65843,0.475138
65844,0.475138
65845,0.475138
65846,0.475138
65847,0.475138
65848,0.475138
65849,0.475138
65850,0.475138
65851,0.475138
65852,0.475138
65853,0.475138
65854,0.475138
65855,0.475138
65856,0.475138
65857,0.475138
65858,0.475138
65859,0.475138
65860,0.475138
65861,0.475138
65862,0.468892
65863,0.475138
65864,0.475138
65865,0.475138
65866,0.475138
65867,0.475138
65868,0.475138
65869,0.475138
65870,0.475138
65871,0.475138
65872,0.475138
65873,0.475138
65874,0.475138
65875,0.475138
65876,0.475138
65877,0.475138
65878,0.475138
65879,0.475138
65880,0.475138
65881,0.475138
65882,0.475138
65883,0.475138
65884,0.475138
65885,0.475138
65886,0.475138
65887,0.475138
65888,0.475138
65889,0.475138
65890,0.475138
65891,0.475138
65892,0.475138
65893,0.475138
65894,0.475138
65895,0.475138
65896,0.475138
65897,0.475138
65898,0.475138
65899,0.475138
65900,0.475138
65901,0.475138
65902,0.475138
65903,0.475138
65904,0.475138
65905,0.475138
65906,0.475138
65907,0.475138
65908,0.475138
65909,0.475138
65910,0.475138
65911,0.475138
65912,0.475138
65913,0.475138
65914,0.475138
65915,0.475138
65916,0.475138
65917,0.475138
65918,0.475138
65919,0.475138
65920,0.475138
65921,0.475138
65922,0.475138
65923,0.475138
65924,0.475138
65925,0.475138
65926,0.475138
65927,0.475138
65928,0.475138
65929,0.475138
65930,0.475138
65931,0.475138
65932,0.475138
65933,0.475138
65934,0.475138
65935,0.475138
65936,0.475138
65937,0.475138
65938,0.475138
65939,0.475138
65940,0.475138
65941,0.475138
65942,0.475138
65943,0.475138
65944,0.475138
65945,0.475138
65946,0.475138
65947,0.475138
65948,0.475138
65949,0.475138
65950,0.475138
65951,0.475138
65952,0.475138
65953,0.475138
65954,0.475138
65955,0.475138
65956,0.475138
65957,0.475138
65958,0.475138
65959,0.475138
65960,0.475138
65961,0.475138
65962,0.475138
65963,0.475138
65964,0.475138
65965,0.475138
65966,0.475138
65967,0.475138
65968,0.475138
65969,0.475138
65970,0.475138
65971,0.475138
65972,0.475138
65973,0.475138
65974,0.475138
65975,0.460877
65976,0.475138
65977,0.475138
65978,0.475138
65979,0.475138
65980,0.475138
65981,0.475138
65982,0.475138
65983,0.475138
65984,0.475138
65985,0.475138
65986,0.475138
65987,0.475138
65988,0.475138
65989,0.475138
65990,0.475138
65991,0.475138
65992,0.475138
65993,0.475138
65994,0.475138
65995,0.475138
65996,0.475138
65997,0.475138
65998,0.475138
65999,0.475138
66000,0.475138
66001,0.475138
66002,0.475138
66003,0.475138
66004,0.475138
66005,0.475138
66006,0.475138
66007,0.475138
66008,0.475138
66009,0.475138
66010,0.475138
66011,0.475138
66012,0.475138
66013,0.475138
66014,0.475138
66015,0.475138
66016,0.475138
66017,0.475138
66018,0.475138
66019,0.475138
66020,0.475138
66021,0.475138
66022,0.475138
66023,0.475138
66024,0.475138
66025,0.475138
66026,0.475138
66027,0.475138
66028,0.475138
66029,0.475138
66030,0.475138
66031,0.475138
66032,0.475138
66033,0.475138
66034,0.475138
66035,0.475138
66036,0.475138
66037,0.475138
66038,0.475138
66039,0.475138
66040,0.475138
66041,0.475138
66042,0.475138
66043,0.475138
66044,0.475138
66045,0.475138
66046,0.475138
66047,0.475138
66048,0.475138
66049,0.475138
66050,0.475138
66051,0.475138
66052,0.475138
66053,0.475138
66054,0.475138
66055,0.475138
66056,0.475138
66057,0.475138
66058,0.475138
66059,0.475138
66060,0.475138
66061,0.475138
66062,0.475138
66063,0.475138
66064,0.475138
66065,0.475138
66066,0.475138
66067,0.475138
66068,0.475138
66069,0.475138
66070,0.475138
66071,0.475138
66072,0.475138
66073,0.475138
66074,0.475138
66075,0.475138
66076,0.475138
66077,0.475138
66078,0.475138
66079,0.475138
66080,0.475138
66081,0.475138
66082,0.475138
66083,0.475138
66084,0.475138
66085,0.475138
66086,0.475138
66087,0.475138
66088,0.475138
66089,0.475138
66090,0.475138
66091,0.475138
66092,0.475138
66093,0.475138
66094,0.475138
66095,0.475138
66096,0.475138
66097,0.475138
66098,0.475138
66099,0.475138
66100,0.475138
66101,0.475138
66102,0.475138
66103,0.475138
66104,0.475138
66105,0.475138
66106,0.475138
66107,0.475138
66108,0.475138
66109,0.475138
66110,0.475138
66111,0.475138
66112,0.475138
66113,0.475138
66114,0.475138
66115,0.475138
66116,0.475138
66117,0.475138
66118,0.475138
66119,0.475138
66120,0.475138
66121,0.475138
66122,0.475138
66123,0.475138
66124,0.475138
66125,0.475138
66126,0.475138
66127,0.475138
66128,0.475138
66129,0.475138
66130,0.475138
66131,0.475138
66132,0.475138
66133,0.475138
66134,0.475138
66135,0.475138
66136,0.475138
66137,0.475138
66138,0.475138
66139,0.475138
66140,0.475138
66141,0.475138
66142,0.475138
66143,0.475138
66144,0.475138
66145,0.475138
66146,0.475138
66147,0.475138
66148,0.475138
66149,0.475138
66150,0.475138
66151,0.475138
66152,0.475138
66153,0.475138
66154,0.475138
66155,0.475138
66156,0.475138
66157,0.475138
66158,0.475138
66159,0.475138
66160,0.475138
66161,0.475138
66162,0.475138
66163,0.475138
66164,0.475138
66165,0.475138
66166,0.475138
66167,0.475138
66168,0.475138
66169,0.475138
66170,0.475138
66171,0.475138
66172,0.475138
66173,0.475138
66174,0.475138
66175,0.475138
66176,0.475138
66177,0.475138
66178,0.475138
66179,0.475138
66180,0.475138
66181,0.475138
66182,0.475138
66183,0.475138
66184,0.475138
66185,0.475138
66186,0.475138
66187,0.475138
66188,0.475138
66189,0.475138
66190,0.475138
66191,0.475138
66192,0.475138
66193,0.475138
66194,0.475138
66195,0.475138
66196,0.475138
66197,0.475138
66198,0.475138
66199,0.475138
66200,0.475138
66201,0.475138
66202,0.475138
66203,0.475138
66204,0.475138
66205,0.475138
66206,0.475138
66207,0.475138
66208,0.475138
66209,0.475138
66210,0.475138
66211,0.475138
66212,0.475138
66213,0.475138
66214,0.475138
66215,0.475138
66216,0.475138
66217,0.475138
66218,0.475138
66219,0.475138
66220,0.475138
66221,0.475138
66222,0.475138
66223,0.475138
66224,0.475138
66225,0.475138
66226,0.475138
66227,0.475138
66228,0.475138
66229,0.475138
66230,0.475138
66231,0.475138
66232,0.475138
66233,0.475138
66234,0.455405
66235,0.455405
66236,0.455405
66237,0.455405
66238,0.475138
66239,0.475138
66240,0.475138
66241,0.475138
66242,0.475138
66243,0.475138
66244,0.475138
66245,0.475138
66246,0.475138
66247,0.475138
66248,0.475138
66249,0.475138
66250,0.475138
66251,0.475138
66252,0.475138
66253,0.475138
66254,0.475138
66255,0.475138
66256,0.475138
66257,0.475138
66258,0.475138
66259,0.475138
66260,0.475138
66261,0.475138
66262,0.475138
66263,0.475138
66264,0.475138
66265,0.475138
66266,0.475138
66267,0.475138
66268,0.475138
66269,0.475138
66270,0.475138
66271,0.475138
66272,0.475138
66273,0.475138
66274,0.475138
66275,0.475138
66276,0.475138
66277,0.475138
66278,0.475138
66279,0.475138
66280,0.475138
66281,0.475138
66282,0.475138
66283,0.475138
66284,0.475138
66285,0.475138
66286,0.475138
66287,0.475138
66288,0.475138
66289,0.475138
66290,0.475138
66291,0.475138
66292,0.475138
66293,0.475138
66294,0.475138
66295,0.475138
66296,0.475138
66297,0.475138
66298,0.475138
66299,0.475138
66300,0.475138
66301,0.475138
66302,0.475138
66303,0.475138
66304,0.475138
66305,0.475138
66306,0.475138
66307,0.475138
66308,0.475138
66309,0.475138
66310,0.475138
66311,0.475138
66312,0.475138
66313,0.475138
66314,0.475138
66315,0.475138
66316,0.475138
66317,0.475138
66318,0.475138
66319,0.475138
66320,0.475138
66321,0.475138
66322,0.475138
66323,0.475138
66324,0.475138
66325,0.475138
66326,0.475138
66327,0.475138
66328,0.475138
66329,0.475138
66330,0.475138
66331,0.475138
66332,0.475138
66333,0.475138
66334,0.475138
66335,0.475138
66336,0.475138
66337,0.475138
66338,0.475138
66339,0.475138
66340,0.475138
66341,0.475138
66342,0.475138
66343,0.475138
66344,0.475138
66345,0.475138
66346,0.475138
66347,0.475138
66348,0.475138
66349,0.475138
66350,0.475138
66351,0.475138
66352,0.475138
66353,0.475138
66354,0.475138
66355,0.475138
66356,0.475138
66357,0.475138
66358,0.475138
66359,0.475138
66360,0.475138
66361,0.475138
66362,0.475138
66363,0.475138
66364,0.475138
66365,0.475138
66366,0.475138
66367,0.475138
66368,0.475138
66369,0.475138
66370,0.475138
66371,0.475138
66372,0.475138
66373,0.475138
66374,0.475138
66375,0.475138
66376,0.475138
66377,0.475138
66378,0.475138
66379,0.475138
66380,0.475138
66381,0.475138
66382,0.475138
66383,0.475138
66384,0.475138
66385,0.475138
66386,0.475138
66387,0.475138
66388,0.475138
66389,0.475138
66390,0.475138
66391,0.475138
66392,0.475138
66393,0.475138
66394,0.475138
66395,0.475138
66396,0.475138
66397,0.475138
66398,0.475138
66399,0.475138
66400,0.475138
66401,0.475138
66402,0.475138
66403,0.475138
66404,0.475138
66405,0.475138
66406,0.475138
66407,0.475138
66408,0.475138
66409,0.475138
66410,0.475138
66411,0.475138
66412,0.475138
66413,0.475138
66414,0.475138
66415,0.475138
66416,0.475138
66417,0.475138
66418,0.475138
66419,0.475138
66420,0.475138
66421,0.475138
66422,0.475138
66423,0.475138
66424,0.475138
66425,0.475138
66426,0.475138
66427,0.475138
66428,0.475138
66429,0.475138
66430,0.475138
66431,0.475138
66432,0.475138
66433,0.475138
66434,0.475138
66435,0.475138
66436,0.475138
66437,0.475138
66438,0.475138
66439,0.475138
66440,0.475138
66441,0.475138
66442,0.475138
66443,0.475138
66444,0.475138
66445,0.475138
66446,0.475138
66447,0.475138
66448,0.475138
66449,0.475138
66450,0.475138
66451,0.475138
66452,0.475138
66453,0.475138
66454,0.475138
66455,0.475138
66456,0.475138
66457,0.475138
66458,0.475138
66459,0.475138
66460,0.475138
66461,0.475138
66462,0.475138
66463,0.475138
66464,0.475138
66465,0.475138
66466,0.475138
66467,0.475138
66468,0.475138
66469,0.475138
66470,0.475138
66471,0.475138
66472,0.475138
66473,0.475138
66474,0.475138
66475,0.475138
66476,0.475138
66477,0.475138
66478,0.475138
66479,0.475138
66480,0.475138
66481,0.475138
66482,0.475138
66483,0.475138
66484,0.475138
66485,0.475138
66486,0.475138
66487,0.475138
66488,0.475138
66489,0.475138
66490,0.475138
66491,0.475138
66492,0.475138
66493,0.475138
66494,0.475138
66495,0.475138
66496,0.475138
66497,0.475138
66498,0.475138
66499,0.475138
66500,0.475138
66501,0.475138
66502,0.475138
66503,0.475138
66504,0.475138
66505,0.475138
66506,0.475138
66507,0.475138
66508,0.475138
66509,0.475138
66510,0.475138
66511,0.475138
66512,0.475138
66513,0.475138
66514,0.475138
66515,0.475138
66516,0.475138
66517,0.475138
66518,0.475138
66519,0.475138
66520,0.475138
66521,0.475138
66522,0.475138
66523,0.475138
66524,0.475138
66525,0.475138
66526,0.475138
66527,0.475138
66528,0.475138
66529,0.475138
66530,0.475138
66531,0.475138
66532,0.475138
66533,0.475138
66534,0.475138
66535,0.475138
66536,0.475138
66537,0.475138
66538,0.475138
66539,0.475138
66540,0.475138
66541,0.475138
66542,0.475138
66543,0.475138
66544,0.475138
66545,0.475138
66546,0.475138
66547,0.475138
66548,0.475138
66549,0.475138
66550,0.475138
66551,0.475138
66552,0.475138
66553,0.475138
66554,0.475138
66555,0.475138
66556,0.475138
66557,0.475138
66558,0.475138
66559,0.475138
66560,0.475138
66561,0.475138
66562,0.475138
66563,0.475138
66564,0.475138
66565,0.475138
66566,0.475138
66567,0.475138
66568,0.475138
66569,0.475138
66570,0.475138
66571,0.475138
66572,0.475138
66573,0.475138
66574,0.475138
66575,0.475138
66576,0.475138
66577,0.475138
66578,0.475138
66579,0.475138
66580,0.475138
66581,0.475138
66582,0.475138
66583,0.475138
66584,0.475138
66585,0.475138
66586,0.475138
66587,0.475138
66588,0.475138
66589,0.475138
66590,0.475138
66591,0.475138
66592,0.475138
66593,0.475138
66594,0.475138
66595,0.475138
66596,0.475138
66597,0.475138
66598,0.475138
66599,0.475138
66600,0.475138
66601,0.475138
66602,0.475138
66603,0.475138
66604,0.475138
66605,0.475138
66606,0.475138
66607,0.475138
66608,0.475138
66609,0.475138
66610,0.475138
66611,0.475138
66612,0.475138
66613,0.475138
66614,0.475138
66615,0.475138
66616,0.475138
66617,0.475138
66618,0.475138
66619,0.475138
66620,0.475138
66621,0.475138
66622,0.475138
66623,0.475138
66624,0.475138
66625,0.475138
66626,0.475138
66627,0.475138
66628,0.475138
66629,0.475138
66630,0.475138
66631,0.475138
66632,0.475138
66633,0.475138
66634,0.475138
66635,0.475138
66636,0.475138
66637,0.475138
66638,0.475138
66639,0.475138
66640,0.475138
66641,0.475138
66642,0.475138
66643,0.475138
66644,0.475138
66645,0.475138
66646,0.475138
66647,0.475138
66648,0.475138
66649,0.475138
66650,0.475138
66651,0.475138
66652,0.475138
66653,0.475138
66654,0.475138
66655,0.475138
66656,0.475138
66657,0.475138
66658,0.475138
66659,0.475138
66660,0.475138
66661,0.475138
66662,0.475138
66663,0.475138
66664,0.475138
66665,0.475138
66666,0.475138
66667,0.475138
66668,0.475138
66669,0.475138
66670,0.475138
66671,0.475138
66672,0.475138
66673,0.475138
66674,0.475138
66675,0.475138
66676,0.475138
66677,0.475138
66678,0.475138
66679,0.475138
66680,0.475138
66681,0.475138
66682,0.475138
66683,0.475138
66684,0.475138
66685,0.475138
66686,0.475138
66687,0.475138
66688,0.475138
66689,0.475138
66690,0.475138
66691,0.475138
66692,0.475138
66693,0.475138
66694,0.475138
66695,0.475138
66696,0.475138
66697,0.475138
66698,0.475138
66699,0.475138
66700,0.475138
66701,0.475138
66702,0.475138
66703,0.475138
66704,0.475138
66705,0.475138
66706,0.475138
66707,0.475138
66708,0.475138
66709,0.475138
66710,0.475138
66711,0.475138
66712,0.475138
66713,0.475138
66714,0.475138
66715,0.475138
66716,0.475138
66717,0.475138
66718,0.475138
66719,0.475138
66720,0.475138
66721,0.475138
66722,0.475138
66723,0.475138
66724,0.475138
66725,0.475138
66726,0.475138
66727,0.475138
66728,0.475138
66729,0.475138
66730,0.475138
66731,0.475138
66732,0.475138
66733,0.475138
66734,0.475138
66735,0.475138
66736,0.475138
66737,0.475138
66738,0.475138
66739,0.475138
66740,0.475138
66741,0.475138
66742,0.475138
66743,0.475138
66744,0.475138
66745,0.475138
66746,0.475138
66747,0.475138
66748,0.475138
66749,0.475138
66750,0.475138
66751,0.475138
66752,0.475138
66753,0.475138
66754,0.475138
66755,0.475138
66756,0.475138
66757,0.475138
66758,0.475138
66759,0.475138
66760,0.475138
66761,0.475138
66762,0.475138
66763,0.475138
66764,0.475138
66765,0.475138
66766,0.475138
66767,0.475138
66768,0.475138
66769,0.475138
66770,0.475138
66771,0.475138
66772,0.475138
66773,0.475138
66774,0.475138
66775,0.475138
66776,0.475138
66777,0.475138
66778,0.475138
66779,0.475138
66780,0.475138
66781,0.475138
66782,0.475138
66783,0.475138
66784,0.475138
66785,0.475138
66786,0.475138
66787,0.475138
66788,0.475138
66789,0.475138
66790,0.475138
66791,0.475138
66792,0.475138
66793,0.475138
66794,0.475138
66795,0.475138
66796,0.475138
66797,0.475138
66798,0.475138
66799,0.475138
66800,0.475138
66801,0.475138
66802,0.475138
66803,0.475138
66804,0.475138
66805,0.475138
66806,0.475138
66807,0.475138
66808,0.475138
66809,0.475138
66810,0.475138
66811,0.475138
66812,0.475138
66813,0.475138
66814,0.475138
66815,0.475138
66816,0.475138
66817,0.475138
66818,0.475138
66819,0.475138
66820,0.475138
66821,0.475138
66822,0.475138
66823,0.475138
66824,0.475138
66825,0.475138
66826,0.475138
66827,0.475138
66828,0.475138
66829,0.475138
66830,0.475138
66831,0.475138
66832,0.475138
66833,0.475138
66834,0.475138
66835,0.475138
66836,0.475138
66837,0.475138
66838,0.475138
66839,0.475138
66840,0.475138
66841,0.475138
66842,0.475138
66843,0.475138
66844,0.475138
66845,0.475138
66846,0.475138
66847,0.475138
66848,0.475138
66849,0.475138
66850,0.475138
66851,0.475138
66852,0.475138
66853,0.475138
66854,0.475138
66855,0.475138
66856,0.475138
66857,0.475138
66858,0.475138
66859,0.475138
66860,0.475138
66861,0.475138
66862,0.475138
66863,0.475138
66864,0.475138
66865,0.475138
66866,0.475138
66867,0.475138
66868,0.475138
66869,0.475138
66870,0.475138
66871,0.475138
66872,0.475138
66873,0.475138
66874,0.475138
66875,0.475138
66876,0.475138
66877,0.475138
66878,0.475138
66879,0.475138
66880,0.475138
66881,0.475138
66882,0.475138
66883,0.475138
66884,0.475138
66885,0.475138
66886,0.475138
66887,0.475138
66888,0.475138
66889,0.475138
66890,0.475138
66891,0.475138
66892,0.475138
66893,0.475138
66894,0.475138
66895,0.475138
66896,0.475138
66897,0.475138
66898,0.475138
66899,0.475138
66900,0.475138
66901,0.475138
66902,0.475138
66903,0.475138
66904,0.475138
66905,0.475138
66906,0.475138
66907,0.475138
66908,0.475138
66909,0.475138
66910,0.475138
66911,0.475138
66912,0.475138
66913,0.475138
66914,0.475138
66915,0.475138
66916,0.475138
66917,0.475138
66918,0.475138
66919,0.475138
66920,0.475138
66921,0.475138
66922,0.475138
66923,0.475138
66924,0.475138
66925,0.475138
66926,0.475138
66927,0.475138
66928,0.475138
66929,0.475138
66930,0.475138
66931,0.475138
66932,0.475138
66933,0.475138
66934,0.475138
66935,0.475138
66936,0.475138
66937,0.475138
66938,0.475138
66939,0.475138
66940,0.475138
66941,0.475138
66942,0.475138
66943,0.475138
66944,0.475138
66945,0.475138
66946,0.475138
66947,0.475138
66948,0.475138
66949,0.475138
66950,0.475138
66951,0.475138
66952,0.475138
66953,0.475138
66954,0.475138
66955,0.475138
66956,0.475138
66957,0.475138
66958,0.475138
66959,0.475138
66960,0.475138
66961,0.475138
66962,0.475138
66963,0.475138
66964,0.475138
66965,0.475138
66966,0.475138
66967,0.475138
66968,0.475138
66969,0.475138
66970,0.475138
66971,0.475138
66972,0.475138
66973,0.475138
66974,0.475138
66975,0.475138
66976,0.475138
66977,0.475138
66978,0.475138
66979,0.475138
66980,0.475138
66981,0.475138
66982,0.475138
66983,0.475138
66984,0.475138
66985,0.475138
66986,0.475138
66987,0.475138
66988,0.475138
66989,0.475138
66990,0.475138
66991,0.475138
66992,0.475138
66993,0.475138
66994,0.475138
66995,0.475138
66996,0.475138
66997,0.475138
66998,0.475138
66999,0.475138
67000,0.475138
67001,0.475138
67002,0.475138
67003,0.475138
67004,0.475138
67005,0.475138
67006,0.475138
67007,0.475138
67008,0.475138
67009,0.475138
67010,0.475138
67011,0.475138
67012,0.475138
67013,0.475138
67014,0.475138
67015,0.475138
67016,0.475138
67017,0.475138
67018,0.475138
67019,0.475138
67020,0.475138
67021,0.475138
67022,0.475138
67023,0.475138
67024,0.475138
67025,0.475138
67026,0.475138
67027,0.475138
67028,0.475138
67029,0.475138
67030,0.475138
67031,0.475138
67032,0.475138
67033,0.475138
67034,0.475138
67035,0.475138
67036,0.475138
67037,0.475138
67038,0.475138
67039,0.475138
67040,0.475138
67041,0.475138
67042,0.475138
67043,0.475138
67044,0.475138
67045,0.475138
67046,0.475138
67047,0.475138
67048,0.475138
67049,0.475138
67050,0.475138
67051,0.475138
67052,0.475138
67053,0.475138
67054,0.475138
67055,0.475138
67056,0.475138
67057,0.475138
67058,0.475138
67059,0.475138
67060,0.475138
67061,0.475138
67062,0.475138
67063,0.475138
67064,0.475138
67065,0.475138
67066,0.475138
67067,0.475138
67068,0.475138
67069,0.475138
67070,0.475138
67071,0.475138
67072,0.475138
67073,0.475138
67074,0.475138
67075,0.475138
67076,0.475138
67077,0.475138
67078,0.475138
67079,0.475138
67080,0.475138
67081,0.475138
67082,0.475138
67083,0.475138
67084,0.475138
67085,0.475138
67086,0.475138
67087,0.475138
67088,0.475138
67089,0.475138
67090,0.475138
67091,0.475138
67092,0.475138
67093,0.475138
67094,0.475138
67095,0.475138
67096,0.475138
67097,0.475138
67098,0.475138
67099,0.475138
67100,0.475138
67101,0.475138
67102,0.475138
67103,0.475138
67104,0.475138
67105,0.475138
67106,0.475138
67107,0.475138
67108,0.475138
67109,0.475138
67110,0.475138
67111,0.475138
67112,0.475138
67113,0.475138
67114,0.475138
67115,0.475138
67116,0.475138
67117,0.475138
67118,0.475138
67119,0.475138
67120,0.475138
67121,0.475138
67122,0.475138
67123,0.475138
67124,0.475138
67125,0.475138
67126,0.475138
67127,0.475138
67128,0.475138
67129,0.475138
67130,0.475138
67131,0.475138
67132,0.475138
67133,0.475138
67134,0.475138
67135,0.475138
67136,0.475138
67137,0.475138
67138,0.475138
67139,0.475138
67140,0.475138
67141,0.475138
67142,0.475138
67143,0.475138
67144,0.475138
67145,0.475138
67146,0.475138
67147,0.475138
67148,0.475138
67149,0.475138
67150,0.475138
67151,0.475138
67152,0.475138
67153,0.475138
67154,0.475138
67155,0.475138
67156,0.475138
67157,0.475138
67158,0.475138
67159,0.475138
67160,0.475138
67161,0.475138
67162,0.475138
67163,0.475138
67164,0.475138
67165,0.475138
67166,0.475138
67167,0.475138
67168,0.475138
67169,0.475138
67170,0.475138
67171,0.475138
67172,0.475138
67173,0.475138
67174,0.475138
67175,0.475138
67176,0.475138
67177,0.475138
67178,0.475138
67179,0.475138
67180,0.475138
67181,0.475138
67182,0.475138
67183,0.475138
67184,0.475138
67185,0.475138
67186,0.475138
67187,0.475138
67188,0.475138
67189,0.475138
67190,0.475138
67191,0.475138
67192,0.475138
67193,0.475138
67194,0.475138
67195,0.475138
67196,0.475138
67197,0.475138
67198,0.475138
67199,0.475138
67200,0.475138
67201,0.475138
67202,0.475138
67203,0.475138
67204,0.475138
67205,0.475138
67206,0.475138
67207,0.475138
67208,0.475138
67209,0.475138
67210,0.475138
67211,0.475138
67212,0.475138
67213,0.475138
67214,0.475138
67215,0.475138
67216,0.475138
67217,0.475138
67218,0.475138
67219,0.475138
67220,0.475138
67221,0.475138
67222,0.475138
67223,0.475138
67224,0.475138
67225,0.475138
67226,0.475138
67227,0.475138
67228,0.475138
67229,0.475138
67230,0.475138
67231,0.475138
67232,0.475138
67233,0.475138
67234,0.475138
67235,0.475138
67236,0.475138
67237,0.475138
67238,0.475138
67239,0.475138
67240,0.475138
67241,0.475138
67242,0.475138
67243,0.475138
67244,0.475138
67245,0.475138
67246,0.475138
67247,0.475138
67248,0.475138
67249,0.475138
67250,0.475138
67251,0.475138
67252,0.475138
67253,0.475138
67254,0.475138
67255,0.475138
67256,0.475138
67257,0.475138
67258,0.475138
67259,0.475138
67260,0.465137
67261,0.475138
67262,0.475138
67263,0.475138
67264,0.475138
67265,0.475138
67266,0.475138
67267,0.475138
67268,0.475138
67269,0.475138
67270,0.475138
67271,0.475138
67272,0.475138
67273,0.475138
67274,0.475138
67275,0.475138
67276,0.475138
67277,0.475138
67278,0.475138
67279,0.475138
67280,0.475138
67281,0.475138
67282,0.475138
67283,0.475138
67284,0.475138
67285,0.475138
67286,0.475138
67287,0.475138
67288,0.475138
67289,0.475138
67290,0.475138
67291,0.475138
67292,0.475138
67293,0.475138
67294,0.475138
67295,0.475138
67296,0.475138
67297,0.475138
67298,0.475138
67299,0.475138
67300,0.475138
67301,0.475138
67302,0.475138
67303,0.475138
67304,0.475138
67305,0.475138
67306,0.475138
67307,0.475138
67308,0.475138
67309,0.475138
67310,0.475138
67311,0.475138
67312,0.475138
67313,0.475138
67314,0.475138
67315,0.475138
67316,0.475138
67317,0.475138
67318,0.475138
67319,0.475138
67320,0.475138
67321,0.475138
67322,0.475138
67323,0.475138
67324,0.475138
67325,0.475138
67326,0.475138
67327,0.475138
67328,0.475138
67329,0.475138
67330,0.475138
67331,0.475138
67332,0.475138
67333,0.475138
67334,0.475138
67335,0.475138
67336,0.475138
67337,0.475138
67338,0.475138
67339,0.475138
67340,0.475138
67341,0.475138
67342,0.475138
67343,0.475138
67344,0.475138
67345,0.475138
67346,0.475138
67347,0.475138
67348,0.475138
67349,0.475138
67350,0.475138
67351,0.475138
67352,0.475138
67353,0.475138
67354,0.475138
67355,0.475138
67356,0.475138
67357,0.475138
67358,0.475138
67359,0.475138
67360,0.475138
67361,0.475138
67362,0.475138
67363,0.475138
67364,0.475138
67365,0.475138
67366,0.475138
67367,0.475138
67368,0.475138
67369,0.475138
67370,0.475138
67371,0.475138
67372,0.475138
67373,0.475138
67374,0.475138
67375,0.475138
67376,0.475138
67377,0.475138
67378,0.475138
67379,0.475138
67380,0.475138
67381,0.475138
67382,0.475138
67383,0.475138
67384,0.475138
67385,0.475138
67386,0.475138
67387,0.475138
67388,0.475138
67389,0.475138
67390,0.475138
67391,0.475138
67392,0.475138
67393,0.475138
67394,0.475138
67395,0.475138
67396,0.475138
67397,0.475138
67398,0.475138
67399,0.475138
67400,0.475138
67401,0.475138
67402,0.475138
67403,0.475138
67404,0.475138
67405,0.475138
67406,0.475138
67407,0.475138
67408,0.475138
67409,0.475138
67410,0.475138
67411,0.475138
67412,0.475138
67413,0.475138
67414,0.475138
67415,0.475138
67416,0.475138
67417,0.475138
67418,0.475138
67419,0.475138
67420,0.475138
67421,0.475138
67422,0.475138
67423,0.475138
67424,0.475138
67425,0.475138
67426,0.475138
67427,0.475138
67428,0.475138
67429,0.475138
67430,0.475138
67431,0.475138
67432,0.475138
67433,0.475138
67434,0.475138
67435,0.475138
67436,0.475138
67437,0.475138
67438,0.475138
67439,0.475138
67440,0.475138
67441,0.475138
67442,0.475138
67443,0.475138
67444,0.475138
67445,0.475138
67446,0.475138
67447,0.475138
67448,0.475138
67449,0.475138
67450,0.475138
67451,0.475138
67452,0.475138
67453,0.475138
67454,0.475138
67455,0.475138
67456,0.475138
67457,0.475138
67458,0.475138
67459,0.475138
67460,0.475138
67461,0.475138
67462,0.475138
67463,0.475138
67464,0.475138
67465,0.475138
67466,0.475138
67467,0.475138
67468,0.475138
67469,0.475138
67470,0.475138
67471,0.475138
67472,0.475138
67473,0.475138
67474,0.475138
67475,0.475138
67476,0.475138
67477,0.475138
67478,0.475138
67479,0.475138
67480,0.475138
67481,0.475138
67482,0.475138
67483,0.475138
67484,0.475138
67485,0.475138
67486,0.475138
67487,0.475138
67488,0.475138
67489,0.475138
67490,0.475138
67491,0.475138
67492,0.475138
67493,0.475138
67494,0.475138
67495,0.475138
67496,0.475138
67497,0.475138
67498,0.475138
67499,0.475138
67500,0.475138
67501,0.475138
67502,0.475138
67503,0.475138
67504,0.475138
67505,0.475138
67506,0.475138
67507,0.475138
67508,0.475138
67509,0.475138
67510,0.475138
67511,0.475138
67512,0.475138
67513,0.475138
67514,0.475138
67515,0.475138
67516,0.475138
67517,0.475138
67518,0.475138
67519,0.475138
67520,0.475138
67521,0.475138
67522,0.475138
67523,0.475138
67524,0.475138
67525,0.475138
67526,0.475138
67527,0.475138
67528,0.475138
67529,0.475138
67530,0.475138
67531,0.475138
67532,0.475138
67533,0.475138
67534,0.475138
67535,0.475138
67536,0.475138
67537,0.475138
67538,0.475138
67539,0.475138
67540,0.475138
67541,0.475138
67542,0.475138
67543,0.475138
67544,0.475138
67545,0.475138
67546,0.475138
67547,0.475138
67548,0.475138
67549,0.475138
67550,0.475138
67551,0.475138
67552,0.475138
67553,0.475138
67554,0.475138
67555,0.475138
67556,0.475138
67557,0.475138
67558,0.475138
67559,0.475138
67560,0.475138
67561,0.475138
67562,0.475138
67563,0.475138
67564,0.475138
67565,0.475138
67566,0.475138
67567,0.475138
67568,0.475138
67569,0.475138
67570,0.475138
67571,0.475138
67572,0.475138
67573,0.475138
67574,0.475138
67575,0.475138
67576,0.475138
67577,0.475138
67578,0.475138
67579,0.475138
67580,0.475138
67581,0.475138
67582,0.475138
67583,0.475138
67584,0.475138
67585,0.475138
67586,0.475138
67587,0.475138
67588,0.475138
67589,0.475138
67590,0.475138
67591,0.475138
67592,0.475138
67593,0.475138
67594,0.475138
67595,0.475138
67596,0.475138
67597,0.475138
67598,0.475138
67599,0.475138
67600,0.475138
67601,0.475138
67602,0.475138
67603,0.475138
67604,0.475138
67605,0.475138
67606,0.475138
67607,0.475138
67608,0.475138
67609,0.475138
67610,0.475138
67611,0.475138
67612,0.475138
67613,0.475138
67614,0.475138
67615,0.475138
67616,0.475138
67617,0.475138
67618,0.475138
67619,0.475138
67620,0.475138
67621,0.475138
67622,0.467396
67623,0.475138
67624,0.475138
67625,0.475138
67626,0.475138
67627,0.475138
67628,0.475138
67629,0.475138
67630,0.475138
67631,0.475138
67632,0.475138
67633,0.475138
67634,0.475138
67635,0.475138
67636,0.475138
67637,0.475138
67638,0.475138
67639,0.475138
67640,0.475138
67641,0.475138
67642,0.475138
67643,0.475138
67644,0.475138
67645,0.475138
67646,0.475138
67647,0.475138
67648,0.475138
67649,0.475138
67650,0.475138
67651,0.475138
67652,0.475138
67653,0.475138
67654,0.475138
67655,0.475138
67656,0.475138
67657,0.475138
67658,0.475138
67659,0.475138
67660,0.475138
67661,0.475138
67662,0.475138
67663,0.475138
67664,0.475138
67665,0.475138
67666,0.475138
67667,0.475138
67668,0.475138
67669,0.475138
67670,0.475138
67671,0.475138
67672,0.475138
67673,0.475138
67674,0.475138
67675,0.475138
67676,0.475138
67677,0.475138
67678,0.475138
67679,0.475138
67680,0.475138
67681,0.475138
67682,0.475138
67683,0.475138
67684,0.475138
67685,0.475138
67686,0.475138
67687,0.475138
67688,0.475138
67689,0.475138
67690,0.475138
67691,0.475138
67692,0.475138
67693,0.475138
67694,0.475138
67695,0.475138
67696,0.475138
67697,0.475138
67698,0.475138
67699,0.475138
67700,0.475138
67701,0.475138
67702,0.475138
67703,0.475138
67704,0.475138
67705,0.475138
67706,0.475138
67707,0.475138
67708,0.475138
67709,0.475138
67710,0.475138
67711,0.475138
67712,0.475138
67713,0.475138
67714,0.475138
67715,0.475138
67716,0.475138
67717,0.475138
67718,0.475138
67719,0.475138
67720,0.475138
67721,0.475138
67722,0.475138
67723,0.475138
67724,0.475138
67725,0.475138
67726,0.475138
67727,0.475138
67728,0.475138
67729,0.475138
67730,0.475138
67731,0.475138
67732,0.475138
67733,0.475138
67734,0.475138
67735,0.475138
67736,0.475138
67737,0.475138
67738,0.475138
67739,0.475138
67740,0.475138
67741,0.475138
67742,0.475138
67743,0.475138
67744,0.475138
67745,0.475138
67746,0.475138
67747,0.475138
67748,0.475138
67749,0.475138
67750,0.475138
67751,0.475138
67752,0.475138
67753,0.475138
67754,0.475138
67755,0.475138
67756,0.475138
67757,0.475138
67758,0.475138
67759,0.475138
67760,0.475138
67761,0.475138
67762,0.475138
67763,0.475138
67764,0.475138
67765,0.475138
67766,0.475138
67767,0.475138
67768,0.475138
67769,0.475138
67770,0.475138
67771,0.475138
67772,0.475138
67773,0.475138
67774,0.475138
67775,0.475138
67776,0.475138
67777,0.475138
67778,0.475138
67779,0.475138
67780,0.475138
67781,0.475138
67782,0.475138
67783,0.475138
67784,0.475138
67785,0.475138
67786,0.475138
67787,0.475138
67788,0.475138
67789,0.475138
67790,0.475138
67791,0.475138
67792,0.475138
67793,0.475138
67794,0.475138
67795,0.475138
67796,0.475138
67797,0.475138
67798,0.475138
67799,0.475138
67800,0.475138
67801,0.475138
67802,0.475138
67803,0.475138
67804,0.475138
67805,0.475138
67806,0.475138
67807,0.475138
67808,0.475138
67809,0.475138
67810,0.475138
67811,0.475138
67812,0.475138
67813,0.475138
67814,0.475138
67815,0.475138
67816,0.475138
67817,0.475138
67818,0.475138
67819,0.475138
67820,0.475138
67821,0.475138
67822,0.475138
67823,0.475138
67824,0.475138
67825,0.475138
67826,0.475138
67827,0.475138
67828,0.475138
67829,0.475138
67830,0.475138
67831,0.475138
67832,0.475138
67833,0.475138
67834,0.475138
67835,0.475138
67836,0.475138
67837,0.475138
67838,0.475138
67839,0.475138
67840,0.475138
67841,0.475138
67842,0.475138
67843,0.475138
67844,0.475138
67845,0.475138
67846,0.475138
67847,0.475138
67848,0.475138
67849,0.475138
67850,0.475138
67851,0.475138
67852,0.475138
67853,0.475138
67854,0.475138
67855,0.475138
67856,0.475138
67857,0.475138
67858,0.475138
67859,0.475138
67860,0.475138
67861,0.475138
67862,0.475138
67863,0.475138
67864,0.475138
67865,0.475138
67866,0.475138
67867,0.475138
67868,0.475138
67869,0.475138
67870,0.475138
67871,0.475138
67872,0.475138
67873,0.475138
67874,0.475138
67875,0.475138
67876,0.475138
67877,0.475138
67878,0.475138
67879,0.475138
67880,0.475138
67881,0.475138
67882,0.475138
67883,0.475138
67884,0.475138
67885,0.475138
67886,0.475138
67887,0.475138
67888,0.475138
67889,0.475138
67890,0.475138
67891,0.475138
67892,0.475138
67893,0.475138
67894,0.475138
67895,0.475138
67896,0.475138
67897,0.475138
67898,0.475138
67899,0.475138
67900,0.475138
67901,0.475138
67902,0.475138
67903,0.475138
67904,0.475138
67905,0.475138
67906,0.475138
67907,0.475138
67908,0.475138
67909,0.475138
67910,0.475138
67911,0.475138
67912,0.475138
67913,0.475138
67914,0.475138
67915,0.475138
67916,0.475138
67917,0.475138
67918,0.475138
67919,0.475138
67920,0.475138
67921,0.475138
67922,0.475138
67923,0.475138
67924,0.475138
67925,0.475138
67926,0.475138
67927,0.475138
67928,0.475138
67929,0.475138
67930,0.475138
67931,0.475138
67932,0.475138
67933,0.475138
67934,0.475138
67935,0.475138
67936,0.475138
67937,0.475138
67938,0.475138
67939,0.475138
67940,0.475138
67941,0.475138
67942,0.475138
67943,0.475138
67944,0.475138
67945,0.475138
67946,0.475138
67947,0.475138
67948,0.475138
67949,0.475138
67950,0.475138
67951,0.475138
67952,0.475138
67953,0.475138
67954,0.475138
67955,0.475138
67956,0.475138
67957,0.475138
67958,0.475138
67959,0.475138
67960,0.475138
67961,0.475138
67962,0.475138
67963,0.475138
67964,0.475138
67965,0.475138
67966,0.475138
67967,0.475138
67968,0.475138
67969,0.475138
67970,0.475138
67971,0.475138
67972,0.475138
67973,0.475138
67974,0.475138
67975,0.475138
67976,0.475138
67977,0.475138
67978,0.475138
67979,0.475138
67980,0.475138
67981,0.475138
67982,0.475138
67983,0.475138
67984,0.475138
67985,0.475138
67986,0.475138
67987,0.475138
67988,0.475138
67989,0.475138
67990,0.475138
67991,0.475138
67992,0.475138
67993,0.475138
67994,0.475138
67995,0.475138
67996,0.475138
67997,0.475138
67998,0.475138
67999,0.475138
68000,0.475138
68001,0.475138
68002,0.475138
68003,0.475138
68004,0.475138
68005,0.475138
68006,0.475138
68007,0.475138
68008,0.475138
68009,0.475138
68010,0.475138
68011,0.475138
68012,0.475138
68013,0.475138
68014,0.475138
68015,0.475138
68016,0.475138
68017,0.475138
68018,0.475138
68019,0.475138
68020,0.475138
68021,0.475138
68022,0.475138
68023,0.475138
68024,0.475138
68025,0.475138
68026,0.475138
68027,0.475138
68028,0.475138
68029,0.475138
68030,0.475138
68031,0.475138
68032,0.475138
68033,0.475138
68034,0.475138
68035,0.475138
68036,0.475138
68037,0.475138
68038,0.475138
68039,0.475138
68040,0.475138
68041,0.475138
68042,0.475138
68043,0.475138
68044,0.475138
68045,0.475138
68046,0.475138
68047,0.475138
68048,0.475138
68049,0.475138
68050,0.475138
68051,0.475138
68052,0.475138
68053,0.475138
68054,0.475138
68055,0.475138
68056,0.475138
68057,0.475138
68058,0.475138
68059,0.475138
68060,0.475138
68061,0.475138
68062,0.475138
68063,0.475138
68064,0.475138
68065,0.475138
68066,0.475138
68067,0.475138
68068,0.475138
68069,0.475138
68070,0.475138
68071,0.475138
68072,0.475138
68073,0.475138
68074,0.475138
68075,0.475138
68076,0.475138
68077,0.475138
68078,0.475138
68079,0.475138
68080,0.475138
68081,0.475138
68082,0.475138
68083,0.475138
68084,0.475138
68085,0.475138
68086,0.475138
68087,0.475138
68088,0.475138
68089,0.475138
68090,0.475138
68091,0.475138
68092,0.475138
68093,0.475138
68094,0.475138
68095,0.475138
68096,0.475138
68097,0.475138
68098,0.475138
68099,0.475138
68100,0.475138
68101,0.475138
68102,0.475138
68103,0.475138
68104,0.475138
68105,0.475138
68106,0.475138
68107,0.475138
68108,0.475138
68109,0.475138
68110,0.475138
68111,0.475138
68112,0.475138
68113,0.475138
68114,0.475138
68115,0.475138
68116,0.475138
68117,0.475138
68118,0.475138
68119,0.475138
68120,0.475138
68121,0.475138
68122,0.475138
68123,0.475138
68124,0.475138
68125,0.475138
68126,0.475138
68127,0.475138
68128,0.475138
68129,0.475138
68130,0.475138
68131,0.475138
68132,0.475138
68133,0.475138
68134,0.475138
68135,0.475138
68136,0.475138
68137,0.475138
68138,0.475138
68139,0.475138
68140,0.475138
68141,0.475138
68142,0.475138
68143,0.475138
68144,0.475138
68145,0.475138
68146,0.475138
68147,0.475138
68148,0.475138
68149,0.475138
68150,0.475138
68151,0.475138
68152,0.475138
68153,0.475138
68154,0.475138
68155,0.475138
68156,0.475138
68157,0.475138
68158,0.475138
68159,0.475138
68160,0.475138
68161,0.475138
68162,0.475138
68163,0.475138
68164,0.475138
68165,0.475138
68166,0.475138
68167,0.475138
68168,0.475138
68169,0.475138
68170,0.475138
68171,0.475138
68172,0.475138
68173,0.475138
68174,0.475138
68175,0.475138
68176,0.475138
68177,0.475138
68178,0.475138
68179,0.475138
68180,0.475138
68181,0.475138
68182,0.475138
68183,0.475138
68184,0.475138
68185,0.475138
68186,0.475138
68187,0.475138
68188,0.475138
68189,0.475138
68190,0.475138
68191,0.475138
68192,0.475138
68193,0.475138
68194,0.475138
68195,0.475138
68196,0.475138
68197,0.475138
68198,0.475138
68199,0.475138
68200,0.475138
68201,0.475138
68202,0.475138
68203,0.475138
68204,0.475138
68205,0.475138
68206,0.475138
68207,0.475138
68208,0.475138
68209,0.475138
68210,0.475138
68211,0.475138
68212,0.475138
68213,0.475138
68214,0.475138
68215,0.475138
68216,0.475138
68217,0.475138
68218,0.475138
68219,0.475138
68220,0.475138
68221,0.475138
68222,0.475138
68223,0.475138
68224,0.475138
68225,0.475138
68226,0.475138
68227,0.475138
68228,0.475138
68229,0.475138
68230,0.475138
68231,0.475138
68232,0.475138
68233,0.475138
68234,0.475138
68235,0.475138
68236,0.475138
68237,0.475138
68238,0.475138
68239,0.475138
68240,0.475138
68241,0.475138
68242,0.475138
68243,0.475138
68244,0.475138
68245,0.475138
68246,0.475138
68247,0.475138
68248,0.475138
68249,0.475138
68250,0.475138
68251,0.475138
68252,0.475138
68253,0.475138
68254,0.475138
68255,0.475138
68256,0.475138
68257,0.475138
68258,0.475138
68259,0.475138
68260,0.475138
68261,0.475138
68262,0.475138
68263,0.475138
68264,0.475138
68265,0.475138
68266,0.475138
68267,0.475138
68268,0.475138
68269,0.475138
68270,0.475138
68271,0.475138
68272,0.475138
68273,0.475138
68274,0.475138
68275,0.475138
68276,0.475138
68277,0.475138
68278,0.475138
68279,0.475138
68280,0.475138
68281,0.475138
68282,0.475138
68283,0.475138
68284,0.471308
68285,0.475138
68286,0.475138
68287,0.475138
68288,0.475138
68289,0.475138
68290,0.475138
68291,0.475138
68292,0.475138
68293,0.475138
68294,0.475138
68295,0.475138
68296,0.475138
68297,0.475138
68298,0.475138
68299,0.475138
68300,0.475138
68301,0.475138
68302,0.475138
68303,0.475138
68304,0.475138
68305,0.475138
68306,0.475138
68307,0.475138
68308,0.475138
68309,0.475138
68310,0.475138
68311,0.475138
68312,0.475138
68313,0.475138
68314,0.475138
68315,0.475138
68316,0.475138
68317,0.475138
68318,0.475138
68319,0.475138
68320,0.475138
68321,0.475138
68322,0.475138
68323,0.475138
68324,0.475138
68325,0.475138
68326,0.475138
68327,0.475138
68328,0.475138
68329,0.475138
68330,0.475138
68331,0.475138
68332,0.475138
68333,0.475138
68334,0.475138
68335,0.475138
68336,0.475138
68337,0.475138
68338,0.475138
68339,0.475138
68340,0.475138
68341,0.475138
68342,0.475138
68343,0.475138
68344,0.475138
68345,0.475138
68346,0.475138
68347,0.475138
68348,0.475138
68349,0.475138
68350,0.475138
68351,0.475138
68352,0.475138
68353,0.475138
68354,0.475138
68355,0.475138
68356,0.475138
68357,0.475138
68358,0.475138
68359,0.475138
68360,0.475138
68361,0.475138
68362,0.475138
68363,0.475138
68364,0.475138
68365,0.475138
68366,0.475138
68367,0.475138
68368,0.475138
68369,0.475138
68370,0.475138
68371,0.475138
68372,0.475138
68373,0.475138
68374,0.475138
68375,0.475138
68376,0.475138
68377,0.475138
68378,0.475138
68379,0.475138
68380,0.475138
68381,0.475138
68382,0.475138
68383,0.475138
68384,0.475138
68385,0.475138
68386,0.475138
68387,0.475138
68388,0.475138
68389,0.475138
68390,0.475138
68391,0.475138
68392,0.475138
68393,0.475138
68394,0.475138
68395,0.475138
68396,0.475138
68397,0.475138
68398,0.475138
68399,0.475138
68400,0.475138
68401,0.475138
68402,0.475138
68403,0.475138
68404,0.475138
68405,0.475138
68406,0.475138
68407,0.475138
68408,0.475138
68409,0.475138
68410,0.475138
68411,0.475138
68412,0.475138
68413,0.475138
68414,0.475138
68415,0.475138
68416,0.475138
68417,0.475138
68418,0.475138
68419,0.475138
68420,0.475138
68421,0.475138
68422,0.475138
68423,0.475138
68424,0.475138
68425,0.475138
68426,0.475138
68427,0.475138
68428,0.475138
68429,0.475138
68430,0.475138
68431,0.475138
68432,0.475138
68433,0.475138
68434,0.475138
68435,0.475138
68436,0.475138
68437,0.475138
68438,0.475138
68439,0.475138
68440,0.475138
68441,0.475138
68442,0.475138
68443,0.475138
68444,0.475138
68445,0.475138
68446,0.475138
68447,0.475138
68448,0.475138
68449,0.475138
68450,0.475138
68451,0.475138
68452,0.475138
68453,0.475138
68454,0.475138
68455,0.475138
68456,0.475138
68457,0.475138
68458,0.475138
68459,0.475138
68460,0.475138
68461,0.475138
68462,0.475138
68463,0.475138
68464,0.475138
68465,0.475138
68466,0.475138
68467,0.475138
68468,0.475138
68469,0.475138
68470,0.475138
68471,0.475138
68472,0.475138
68473,0.475138
68474,0.475138
68475,0.475138
68476,0.475138
68477,0.475138
68478,0.475138
68479,0.475138
68480,0.475138
68481,0.475138
68482,0.475138
68483,0.475138
68484,0.475138
68485,0.475138
68486,0.475138
68487,0.475138
68488,0.475138
68489,0.475138
68490,0.475138
68491,0.475138
68492,0.475138
68493,0.475138
68494,0.475138
68495,0.475138
68496,0.475138
68497,0.475138
68498,0.475138
68499,0.475138
68500,0.475138
68501,0.475138
68502,0.475138
68503,0.475138
68504,0.475138
68505,0.475138
68506,0.475138
68507,0.475138
68508,0.475138
68509,0.475138
68510,0.475138
68511,0.475138
68512,0.475138
68513,0.475138
68514,0.475138
68515,0.475138
68516,0.475138
68517,0.475138
68518,0.475138
68519,0.475138
68520,0.475138
68521,0.475138
68522,0.475138
68523,0.475138
68524,0.475138
68525,0.475138
68526,0.475138
68527,0.475138
68528,0.475138
68529,0.475138
68530,0.475138
68531,0.475138
68532,0.475138
68533,0.475138
68534,0.475138
68535,0.475138
68536,0.475138
68537,0.475138
68538,0.475138
68539,0.475138
68540,0.475138
68541,0.475138
68542,0.475138
68543,0.475138
68544,0.475138
68545,0.475138
68546,0.475138
68547,0.475138
68548,0.475138
68549,0.475138
68550,0.475138
68551,0.475138
68552,0.475138
68553,0.475138
68554,0.475138
68555,0.475138
68556,0.475138
68557,0.475138
68558,0.475138
68559,0.475138
68560,0.475138
68561,0.475138
68562,0.475138
68563,0.475138
68564,0.475138
68565,0.475138
68566,0.475138
68567,0.475138
68568,0.475138
68569,0.475138
68570,0.475138
68571,0.475138
68572,0.475138
68573,0.475138
68574,0.475138
68575,0.475138
68576,0.475138
68577,0.475138
68578,0.475138
68579,0.475138
68580,0.475138
68581,0.475138
68582,0.475138
68583,0.475138
68584,0.475138
68585,0.475138
68586,0.475138
68587,0.475138
68588,0.475138
68589,0.475138
68590,0.475138
68591,0.475138
68592,0.475138
68593,0.475138
68594,0.475138
68595,0.475138
68596,0.475138
68597,0.475138
68598,0.475138
68599,0.475138
68600,0.475138
68601,0.475138
68602,0.475138
68603,0.475138
68604,0.475138
68605,0.475138
68606,0.475138
68607,0.475138
68608,0.475138
68609,0.475138
68610,0.475138
68611,0.475138
68612,0.475138
68613,0.475138
68614,0.475138
68615,0.475138
68616,0.475138
68617,0.475138
68618,0.475138
68619,0.475138
68620,0.475138
68621,0.475138
68622,0.475138
68623,0.475138
68624,0.475138
68625,0.475138
68626,0.475138
68627,0.475138
68628,0.475138
68629,0.475138
68630,0.475138
68631,0.475138
68632,0.475138
68633,0.475138
68634,0.475138
68635,0.475138
68636,0.475138
68637,0.475138
68638,0.475138
68639,0.475138
68640,0.475138
68641,0.475138
68642,0.475138
68643,0.475138
68644,0.475138
68645,0.475138
68646,0.475138
68647,0.475138
68648,0.475138
68649,0.475138
68650,0.475138
68651,0.475138
68652,0.475138
68653,0.475138
68654,0.475138
68655,0.475138
68656,0.475138
68657,0.475138
68658,0.475138
68659,0.475138
68660,0.475138
68661,0.475138
68662,0.475138
68663,0.475138
68664,0.475138
68665,0.475138
68666,0.475138
68667,0.475138
68668,0.475138
68669,0.475138
68670,0.475138
68671,0.475138
68672,0.475138
68673,0.475138
68674,0.475138
68675,0.475138
68676,0.475138
68677,0.475138
68678,0.475138
68679,0.475138
68680,0.475138
68681,0.475138
68682,0.475138
68683,0.475138
68684,0.475138
68685,0.475138
68686,0.475138
68687,0.475138
68688,0.475138
68689,0.475138
68690,0.475138
68691,0.475138
68692,0.475138
68693,0.475138
68694,0.475138
68695,0.475138
68696,0.475138
68697,0.475138
68698,0.475138
68699,0.475138
68700,0.475138
68701,0.475138
68702,0.475138
68703,0.475138
68704,0.475138
68705,0.475138
68706,0.475138
68707,0.475138
68708,0.475138
68709,0.475138
68710,0.475138
68711,0.475138
68712,0.475138
68713,0.475138
68714,0.475138
68715,0.475138
68716,0.475138
68717,0.475138
68718,0.475138
68719,0.475138
68720,0.475138
68721,0.475138
68722,0.475138
68723,0.475138
68724,0.475138
68725,0.475138
68726,0.475138
68727,0.475138
68728,0.475138
68729,0.475138
68730,0.475138
68731,0.475138
68732,0.475138
68733,0.475138
68734,0.475138
68735,0.475138
68736,0.475138
68737,0.475138
68738,0.475138
68739,0.475138
68740,0.475138
68741,0.475138
68742,0.475138
68743,0.475138
68744,0.475138
68745,0.475138
68746,0.475138
68747,0.475138
68748,0.475138
68749,0.475138
68750,0.475138
68751,0.475138
68752,0.475138
68753,0.475138
68754,0.475138
68755,0.475138
68756,0.475138
68757,0.475138
68758,0.475138
68759,0.475138
68760,0.475138
68761,0.475138
68762,0.475138
68763,0.475138
68764,0.475138
68765,0.475138
68766,0.475138
68767,0.475138
68768,0.475138
68769,0.475138
68770,0.475138
68771,0.475138
68772,0.475138
68773,0.475138
68774,0.475138
68775,0.475138
68776,0.475138
68777,0.475138
68778,0.475138
68779,0.475138
68780,0.475138
68781,0.475138
68782,0.475138
68783,0.475138
68784,0.475138
68785,0.475138
68786,0.475138
68787,0.475138
68788,0.475138
68789,0.475138
68790,0.475138
68791,0.475138
68792,0.475138
68793,0.475138
68794,0.475138
68795,0.475138
68796,0.475138
68797,0.475138
68798,0.475138
68799,0.475138
68800,0.475138
68801,0.475138
68802,0.475138
68803,0.475138
68804,0.475138
68805,0.475138
68806,0.475138
68807,0.475138
68808,0.475138
68809,0.475138
68810,0.475138
68811,0.475138
68812,0.475138
68813,0.475138
68814,0.475138
68815,0.475138
68816,0.475138
68817,0.475138
68818,0.475138
68819,0.475138
68820,0.475138
68821,0.475138
68822,0.475138
68823,0.475138
68824,0.475138
68825,0.475138
68826,0.475138
68827,0.475138
68828,0.475138
68829,0.475138
68830,0.475138
68831,0.475138
68832,0.475138
68833,0.475138
68834,0.475138
68835,0.475138
68836,0.475138
68837,0.475138
68838,0.475138
68839,0.475138
68840,0.475138
68841,0.475138
68842,0.475138
68843,0.475138
68844,0.475138
68845,0.475138
68846,0.475138
68847,0.475138
68848,0.475138
68849,0.475138
68850,0.475138
68851,0.475138
68852,0.475138
68853,0.475138
68854,0.475138
68855,0.475138
68856,0.475138
68857,0.475138
68858,0.475138
68859,0.475138
68860,0.475138
68861,0.475138
68862,0.475138
68863,0.475138
68864,0.475138
68865,0.475138
68866,0.475138
68867,0.475138
68868,0.475138
68869,0.475138
68870,0.475138
68871,0.475138
68872,0.475138
68873,0.475138
68874,0.475138
68875,0.475138
68876,0.475138
68877,0.475138
68878,0.475138
68879,0.475138
68880,0.475138
68881,0.475138
68882,0.475138
68883,0.475138
68884,0.475138
68885,0.475138
68886,0.475138
68887,0.475138
68888,0.475138
68889,0.475138
68890,0.475138
68891,0.475138
68892,0.475138
68893,0.475138
68894,0.475138
68895,0.475138
68896,0.475138
68897,0.475138
68898,0.475138
68899,0.475138
68900,0.475138
68901,0.475138
68902,0.475138
68903,0.475138
68904,0.475138
68905,0.475138
68906,0.475138
68907,0.475138
68908,0.475138
68909,0.475138
68910,0.475138
68911,0.475138
68912,0.475138
68913,0.475138
68914,0.475138
68915,0.475138
68916,0.475138
68917,0.475138
68918,0.475138
68919,0.475138
68920,0.475138
68921,0.475138
68922,0.475138
68923,0.475138
68924,0.475138
68925,0.475138
68926,0.475138
68927,0.475138
68928,0.475138
68929,0.475138
68930,0.475138
68931,0.475138
68932,0.475138
68933,0.475138
68934,0.475138
68935,0.475138
68936,0.475138
68937,0.475138
68938,0.475138
68939,0.475138
68940,0.475138
68941,0.475138
68942,0.475138
68943,0.475138
68944,0.475138
68945,0.475138
68946,0.475138
68947,0.475138
68948,0.475138
68949,0.475138
68950,0.475138
68951,0.475138
68952,0.475138
68953,0.475138
68954,0.475138
68955,0.475138
68956,0.475138
68957,0.475138
68958,0.475138
68959,0.475138
68960,0.475138
68961,0.475138
68962,0.475138
68963,0.475138
68964,0.475138
68965,0.475138
68966,0.475138
68967,0.475138
68968,0.475138
68969,0.475138
68970,0.475138
68971,0.475138
68972,0.475138
68973,0.475138
68974,0.475138
68975,0.475138
68976,0.475138
68977,0.475138
68978,0.475138
68979,0.475138
68980,0.475138
68981,0.475138
68982,0.475138
68983,0.475138
68984,0.475138
68985,0.475138
68986,0.475138
68987,0.475138
68988,0.475138
68989,0.475138
68990,0.475138
68991,0.475138
68992,0.475138
68993,0.475138
68994,0.475138
68995,0.475138
68996,0.475138
68997,0.475138
68998,0.475138
68999,0.475138
69000,0.475138
69001,0.475138
69002,0.475138
69003,0.475138
69004,0.475138
69005,0.475138
69006,0.475138
69007,0.475138
69008,0.475138
69009,0.475138
69010,0.475138
69011,0.475138
69012,0.475138
69013,0.475138
69014,0.475138
69015,0.475138
69016,0.475138
69017,0.475138
69018,0.475138
69019,0.475138
69020,0.475138
69021,0.475138
69022,0.475138
69023,0.475138
69024,0.475138
69025,0.475138
69026,0.475138
69027,0.475138
69028,0.475138
69029,0.475138
69030,0.475138
69031,0.475138
69032,0.475138
69033,0.475138
69034,0.475138
69035,0.475138
69036,0.475138
69037,0.475138
69038,0.475138
69039,0.475138
69040,0.475138
69041,0.475138
69042,0.475138
69043,0.475138
69044,0.475138
69045,0.475138
69046,0.475138
69047,0.475138
69048,0.475138
69049,0.475138
69050,0.475138
69051,0.475138
69052,0.475138
69053,0.475138
69054,0.475138
69055,0.475138
69056,0.475138
69057,0.475138
69058,0.475138
69059,0.475138
69060,0.475138
69061,0.475138
69062,0.475138
69063,0.475138
69064,0.475138
69065,0.475138
69066,0.475138
69067,0.475138
69068,0.475138
69069,0.475138
69070,0.475138
69071,0.475138
69072,0.475138
69073,0.475138
69074,0.475138
69075,0.475138
69076,0.475138
69077,0.475138
69078,0.475138
69079,0.475138
69080,0.475138
69081,0.475138
69082,0.475138
69083,0.475138
69084,0.475138
69085,0.475138
69086,0.475138
69087,0.475138
69088,0.475138
69089,0.475138
69090,0.475138
69091,0.475138
69092,0.475138
69093,0.475138
69094,0.475138
69095,0.475138
69096,0.475138
69097,0.475138
69098,0.475138
69099,0.475138
69100,0.475138
69101,0.475138
69102,0.475138
69103,0.475138
69104,0.475138
69105,0.475138
69106,0.475138
69107,0.475138
69108,0.475138
69109,0.475138
69110,0.475138
69111,0.475138
69112,0.475138
69113,0.475138
69114,0.475138
69115,0.475138
69116,0.475138
69117,0.475138
69118,0.475138
69119,0.475138
69120,0.475138
69121,0.475138
69122,0.475138
69123,0.475138
69124,0.475138
69125,0.475138
69126,0.475138
69127,0.475138
69128,0.475138
69129,0.475138
69130,0.475138
69131,0.475138
69132,0.475138
69133,0.475138
69134,0.475138
69135,0.475138
69136,0.475138
69137,0.475138
69138,0.475138
69139,0.475138
69140,0.475138
69141,0.475138
69142,0.475138
69143,0.475138
69144,0.475138
69145,0.475138
69146,0.475138
69147,0.475138
69148,0.475138
69149,0.475138
69150,0.475138
69151,0.475138
69152,0.475138
69153,0.475138
69154,0.475138
69155,0.475138
69156,0.475138
69157,0.475138
69158,0.475138
69159,0.475138
69160,0.475138
69161,0.475138
69162,0.475138
69163,0.475138
69164,0.475138
69165,0.475138
69166,0.475138
69167,0.475138
69168,0.475138
69169,0.475138
69170,0.475138
69171,0.475138
69172,0.475138
69173,0.475138
69174,0.475138
69175,0.475138
69176,0.475138
69177,0.475138
69178,0.475138
69179,0.475138
69180,0.475138
69181,0.475138
69182,0.475138
69183,0.475138
69184,0.475138
69185,0.475138
69186,0.475138
69187,0.475138
69188,0.475138
69189,0.475138
69190,0.475138
69191,0.475138
69192,0.475138
69193,0.475138
69194,0.475138
69195,0.475138
69196,0.475138
69197,0.475138
69198,0.475138
69199,0.475138
69200,0.475138
69201,0.475138
69202,0.475138
69203,0.475138
69204,0.475138
69205,0.475138
69206,0.475138
69207,0.475138
69208,0.475138
69209,0.475138
69210,0.475138
69211,0.475138
69212,0.475138
69213,0.475138
69214,0.475138
69215,0.475138
69216,0.475138
69217,0.475138
69218,0.475138
69219,0.475138
69220,0.475138
69221,0.475138
69222,0.475138
69223,0.475138
69224,0.475138
69225,0.475138
69226,0.475138
69227,0.475138
69228,0.475138
69229,0.475138
69230,0.475138
69231,0.475138
69232,0.475138
69233,0.475138
69234,0.475138
69235,0.475138
69236,0.475138
69237,0.475138
69238,0.475138
69239,0.475138
69240,0.475138
69241,0.475138
69242,0.475138
69243,0.475138
69244,0.475138
69245,0.475138
69246,0.475138
69247,0.475138
69248,0.475138
69249,0.475138
69250,0.475138
69251,0.475138
69252,0.475138
69253,0.475138
69254,0.475138
69255,0.475138
69256,0.465226
69257,0.475138
69258,0.475138
69259,0.475138
69260,0.475138
69261,0.475138
69262,0.475138
69263,0.475138
69264,0.475138
69265,0.475138
69266,0.475138
69267,0.475138
69268,0.475138
69269,0.475138
69270,0.475138
69271,0.475138
69272,0.475138
69273,0.475138
69274,0.475138
69275,0.475138
69276,0.475138
69277,0.475138
69278,0.475138
69279,0.475138
69280,0.475138
69281,0.475138
69282,0.475138
69283,0.475138
69284,0.475138
69285,0.475138
69286,0.475138
69287,0.475138
69288,0.475138
69289,0.475138
69290,0.475138
69291,0.475138
69292,0.475138
69293,0.475138
69294,0.475138
69295,0.475138
69296,0.475138
69297,0.432272
69298,0.475138
69299,0.475138
69300,0.475138
69301,0.475138
69302,0.475138
69303,0.475138
69304,0.475138
69305,0.475138
69306,0.475138
69307,0.475138
69308,0.475138
69309,0.475138
69310,0.475138
69311,0.475138
69312,0.475138
69313,0.475138
69314,0.475138
69315,0.475138
69316,0.475138
69317,0.475138
69318,0.475138
69319,0.475138
69320,0.475138
69321,0.475138
69322,0.475138
69323,0.475138
69324,0.475138
69325,0.475138
69326,0.475138
69327,0.475138
69328,0.475138
69329,0.475138
69330,0.475138
69331,0.475138
69332,0.475138
69333,0.475138
69334,0.475138
69335,0.475138
69336,0.475138
69337,0.475138
69338,0.475138
69339,0.475138
69340,0.475138
69341,0.475138
69342,0.475138
69343,0.475138
69344,0.475138
69345,0.475138
69346,0.475138
69347,0.475138
69348,0.475138
69349,0.475138
69350,0.475138
69351,0.475138
69352,0.475138
69353,0.475138
69354,0.475138
69355,0.475138
69356,0.475138
69357,0.475138
69358,0.475138
69359,0.475138
69360,0.475138
69361,0.475138
69362,0.475138
69363,0.475138
69364,0.475138
69365,0.475138
69366,0.475138
69367,0.475138
69368,0.475138
69369,0.475138
69370,0.475138
69371,0.475138
69372,0.475138
69373,0.475138
69374,0.475138
69375,0.475138
69376,0.475138
69377,0.475138
69378,0.475138
69379,0.475138
69380,0.475138
69381,0.475138
69382,0.475138
69383,0.475138
69384,0.475138
69385,0.475138
69386,0.475138
69387,0.475138
69388,0.475138
69389,0.475138
69390,0.475138
69391,0.475138
69392,0.475138
69393,0.475138
69394,0.475138
69395,0.475138
69396,0.475138
69397,0.475138
69398,0.475138
69399,0.475138
69400,0.475138
69401,0.475138
69402,0.475138
69403,0.475138
69404,0.475138
69405,0.475138
69406,0.475138
69407,0.475138
69408,0.475138
69409,0.475138
69410,0.475138
69411,0.475138
69412,0.475138
69413,0.475138
69414,0.475138
69415,0.475138
69416,0.475138
69417,0.475138
69418,0.475138
69419,0.475138
69420,0.475138
69421,0.475138
69422,0.475138
69423,0.475138
69424,0.475138
69425,0.475138
69426,0.475138
69427,0.475138
69428,0.475138
69429,0.475138
69430,0.475138
69431,0.475138
69432,0.475138
69433,0.475138
69434,0.475138
69435,0.475138
69436,0.475138
69437,0.475138
69438,0.475138
69439,0.475138
69440,0.475138
69441,0.475138
69442,0.475138
69443,0.475138
69444,0.475138
69445,0.475138
69446,0.475138
69447,0.475138
69448,0.475138
69449,0.475138
69450,0.475138
69451,0.475138
69452,0.475138
69453,0.475138
69454,0.475138
69455,0.475138
69456,0.475138
69457,0.475138
69458,0.475138
69459,0.475138
69460,0.475138
69461,0.475138
69462,0.475138
69463,0.475138
69464,0.456189
69465,0.475138
69466,0.475138
69467,0.475138
69468,0.475138
69469,0.475138
69470,0.475138
69471,0.475138
69472,0.475138
69473,0.475138
69474,0.475138
69475,0.475138
69476,0.475138
69477,0.475138
69478,0.475138
69479,0.475138
69480,0.475138
69481,0.475138
69482,0.475138
69483,0.475138
69484,0.475138
69485,0.475138
69486,0.475138
69487,0.475138
69488,0.475138
69489,0.475138
69490,0.475138
69491,0.475138
69492,0.475138
69493,0.475138
69494,0.475138
69495,0.475138
69496,0.475138
69497,0.475138
69498,0.475138
69499,0.475138
69500,0.475138
69501,0.475138
69502,0.475138
69503,0.475138
69504,0.475138
69505,0.475138
69506,0.475138
69507,0.475138
69508,0.475138
69509,0.475138
69510,0.475138
69511,0.475138
69512,0.475138
69513,0.475138
69514,0.475138
69515,0.475138
69516,0.475138
69517,0.475138
69518,0.475138
69519,0.475138
69520,0.475138
69521,0.475138
69522,0.475138
69523,0.475138
69524,0.475138
69525,0.475138
69526,0.475138
69527,0.475138
69528,0.475138
69529,0.475138
69530,0.475138
69531,0.475138
69532,0.475138
69533,0.475138
69534,0.475138
69535,0.475138
69536,0.475138
69537,0.475138
69538,0.475138
69539,0.475138
69540,0.475138
69541,0.475138
69542,0.475138
69543,0.475138
69544,0.475138
69545,0.475138
69546,0.475138
69547,0.475138
69548,0.475138
69549,0.475138
69550,0.475138
69551,0.475138
69552,0.475138
69553,0.475138
69554,0.475138
69555,0.475138
69556,0.475138
69557,0.475138
69558,0.475138
69559,0.475138
69560,0.475138
69561,0.475138
69562,0.475138
69563,0.475138
69564,0.475138
69565,0.475138
69566,0.475138
69567,0.475138
69568,0.475138
69569,0.475138
69570,0.475138
69571,0.475138
69572,0.475138
69573,0.475138
69574,0.475138
69575,0.475138
69576,0.475138
69577,0.475138
69578,0.475138
69579,0.475138
69580,0.475138
69581,0.475138
69582,0.475138
69583,0.475138
69584,0.475138
69585,0.475138
69586,0.475138
69587,0.475138
69588,0.475138
69589,0.475138
69590,0.475138
69591,0.475138
69592,0.475138
69593,0.475138
69594,0.475138
69595,0.475138
69596,0.475138
69597,0.475138
69598,0.475138
69599,0.475138
69600,0.475138
69601,0.475138
69602,0.475138
69603,0.475138
69604,0.475138
69605,0.475138
69606,0.475138
69607,0.475138
69608,0.475138
69609,0.475138
69610,0.475138
69611,0.475138
69612,0.475138
69613,0.475138
69614,0.475138
69615,0.475138
69616,0.475138
69617,0.475138
69618,0.475138
69619,0.475138
69620,0.475138
69621,0.475138
69622,0.475138
69623,0.475138
69624,0.475138
69625,0.475138
69626,0.475138
69627,0.475138
69628,0.475138
69629,0.475138
69630,0.475138
69631,0.475138
69632,0.475138
69633,0.475138
69634,0.475138
69635,0.475138
69636,0.475138
69637,0.475138
69638,0.475138
69639,0.475138
69640,0.475138
69641,0.475138
69642,0.475138
69643,0.475138
69644,0.475138
69645,0.475138
69646,0.475138
69647,0.475138
69648,0.475138
69649,0.475138
69650,0.475138
69651,0.475138
69652,0.475138
69653,0.475138
69654,0.475138
69655,0.475138
69656,0.475138
69657,0.475138
69658,0.475138
69659,0.475138
69660,0.475138
69661,0.475138
69662,0.475138
69663,0.475138
69664,0.475138
69665,0.475138
69666,0.475138
69667,0.475138
69668,0.475138
69669,0.475138
69670,0.475138
69671,0.475138
69672,0.475138
69673,0.475138
69674,0.475138
69675,0.475138
69676,0.475138
69677,0.475138
69678,0.475138
69679,0.475138
69680,0.475138
69681,0.475138
69682,0.475138
69683,0.475138
69684,0.475138
69685,0.475138
69686,0.475138
69687,0.475138
69688,0.475138
69689,0.475138
69690,0.475138
69691,0.475138
69692,0.475138
69693,0.475138
69694,0.475138
69695,0.475138
69696,0.475138
69697,0.475138
69698,0.475138
69699,0.475138
69700,0.475138
69701,0.475138
69702,0.475138
69703,0.475138
69704,0.475138
69705,0.475138
69706,0.475138
69707,0.475138
69708,0.475138
69709,0.475138
69710,0.475138
69711,0.475138
69712,0.475138
69713,0.475138
69714,0.475138
69715,0.475138
69716,0.475138
69717,0.475138
69718,0.475138
69719,0.475138
69720,0.475138
69721,0.475138
69722,0.475138
69723,0.475138
69724,0.475138
69725,0.475138
69726,0.475138
69727,0.475138
69728,0.475138
69729,0.475138
69730,0.475138
69731,0.475138
69732,0.475138
69733,0.475138
69734,0.475138
69735,0.475138
69736,0.475138
69737,0.475138
69738,0.475138
69739,0.475138
69740,0.475138
69741,0.475138
69742,0.475138
69743,0.475138
69744,0.475138
69745,0.475138
69746,0.475138
69747,0.475138
69748,0.475138
69749,0.475138
69750,0.475138
69751,0.475138
69752,0.475138
69753,0.475138
69754,0.475138
69755,0.475138
69756,0.475138
69757,0.475138
69758,0.475138
69759,0.475138
69760,0.475138
69761,0.475138
69762,0.475138
69763,0.475138
69764,0.475138
69765,0.475138
69766,0.475138
69767,0.475138
69768,0.475138
69769,0.475138
69770,0.475138
69771,0.475138
69772,0.475138
69773,0.475138
69774,0.475138
69775,0.475138
69776,0.475138
69777,0.475138
69778,0.475138
69779,0.475138
69780,0.475138
69781,0.475138
69782,0.475138
69783,0.475138
69784,0.475138
69785,0.475138
69786,0.475138
69787,0.475138
69788,0.475138
69789,0.475138
69790,0.475138
69791,0.475138
69792,0.475138
69793,0.475138
69794,0.475138
69795,0.475138
69796,0.475138
69797,0.475138
69798,0.475138
69799,0.475138
69800,0.475138
69801,0.475138
69802,0.475138
69803,0.475138
69804,0.475138
69805,0.475138
69806,0.475138
69807,0.475138
69808,0.475138
69809,0.475138
69810,0.475138
69811,0.475138
69812,0.475138
69813,0.475138
69814,0.475138
69815,0.475138
69816,0.475138
69817,0.475138
69818,0.475138
69819,0.475138
69820,0.475138
69821,0.475138
69822,0.475138
69823,0.475138
69824,0.475138
69825,0.475138
69826,0.475138
69827,0.475138
69828,0.475138
69829,0.475138
69830,0.475138
69831,0.475138
69832,0.475138
69833,0.475138
69834,0.475138
69835,0.475138
69836,0.475138
69837,0.475138
69838,0.475138
69839,0.475138
69840,0.475138
69841,0.475138
69842,0.475138
69843,0.475138
69844,0.475138
69845,0.475138
69846,0.475138
69847,0.475138
69848,0.475138
69849,0.475138
69850,0.475138
69851,0.475138
69852,0.475138
69853,0.475138
69854,0.475138
69855,0.475138
69856,0.475138
69857,0.475138
69858,0.475138
69859,0.475138
69860,0.475138
69861,0.475138
69862,0.475138
69863,0.475138
69864,0.475138
69865,0.475138
69866,0.475138
69867,0.475138
69868,0.475138
69869,0.475138
69870,0.475138
69871,0.475138
69872,0.475138
69873,0.475138
69874,0.475138
69875,0.475138
69876,0.475138
69877,0.475138
69878,0.475138
69879,0.475138
69880,0.475138
69881,0.475138
69882,0.475138
69883,0.475138
69884,0.475138
69885,0.475138
69886,0.475138
69887,0.475138
69888,0.475138
69889,0.475138
69890,0.475138
69891,0.475138
69892,0.475138
69893,0.475138
69894,0.475138
69895,0.475138
69896,0.475138
69897,0.475138
69898,0.475138
69899,0.475138
69900,0.475138
69901,0.475138
69902,0.475138
69903,0.475138
69904,0.475138
69905,0.475138
69906,0.475138
69907,0.475138
69908,0.475138
69909,0.475138
69910,0.475138
69911,0.475138
69912,0.475138
69913,0.475138
69914,0.475138
69915,0.475138
69916,0.475138
69917,0.475138
69918,0.475138
69919,0.475138
69920,0.475138
69921,0.475138
69922,0.475138
69923,0.475138
69924,0.475138
69925,0.475138
69926,0.475138
69927,0.475138
69928,0.475138
69929,0.475138
69930,0.475138
69931,0.475138
69932,0.475138
69933,0.475138
69934,0.475138
69935,0.475138
69936,0.475138
69937,0.475138
69938,0.475138
69939,0.475138
69940,0.475138
69941,0.475138
69942,0.475138
69943,0.475138
69944,0.475138
69945,0.475138
69946,0.475138
69947,0.475138
69948,0.475138
69949,0.475138
69950,0.475138
69951,0.475138
69952,0.475138
69953,0.475138
69954,0.475138
69955,0.475138
69956,0.475138
69957,0.475138
69958,0.475138
69959,0.475138
69960,0.475138
69961,0.475138
69962,0.475138
69963,0.475138
69964,0.475138
69965,0.475138
69966,0.475138
69967,0.475138
69968,0.475138
69969,0.475138
69970,0.475138
69971,0.475138
69972,0.475138
69973,0.475138
69974,0.475138
69975,0.475138
69976,0.475138
69977,0.475138
69978,0.475138
69979,0.475138
69980,0.475138
69981,0.475138
69982,0.475138
69983,0.475138
69984,0.475138
69985,0.475138
69986,0.475138
69987,0.475138
69988,0.475138
69989,0.475138
69990,0.475138
69991,0.475138
69992,0.475138
69993,0.475138
69994,0.475138
69995,0.475138
69996,0.475138
69997,0.475138
69998,0.475138
69999,0.475138
70000,0.475138
70001,0.475138
70002,0.475138
70003,0.475138
70004,0.475138
70005,0.475138
70006,0.475138
70007,0.475138
70008,0.475138
70009,0.475138
70010,0.475138
70011,0.475138
70012,0.475138
70013,0.475138
70014,0.475138
70015,0.475138
70016,0.475138
70017,0.475138
70018,0.475138
70019,0.475138
70020,0.475138
70021,0.475138
70022,0.475138
70023,0.475138
70024,0.475138
70025,0.475138
70026,0.475138
70027,0.475138
70028,0.475138
70029,0.475138
70030,0.475138
70031,0.475138
70032,0.475138
70033,0.475138
70034,0.475138
70035,0.475138
70036,0.475138
70037,0.475138
70038,0.475138
70039,0.475138
70040,0.475138
70041,0.475138
70042,0.475138
70043,0.475138
70044,0.475138
70045,0.475138
70046,0.475138
70047,0.475138
70048,0.475138
70049,0.475138
70050,0.475138
70051,0.475138
70052,0.475138
70053,0.475138
70054,0.475138
70055,0.475138
70056,0.475138
70057,0.475138
70058,0.475138
70059,0.475138
70060,0.475138
70061,0.475138
70062,0.475138
70063,0.475138
70064,0.475138
70065,0.475138
70066,0.475138
70067,0.475138
70068,0.475138
70069,0.475138
70070,0.475138
70071,0.475138
70072,0.475138
70073,0.475138
70074,0.475138
70075,0.475138
70076,0.475138
70077,0.475138
70078,0.475138
70079,0.475138
70080,0.475138
70081,0.475138
70082,0.475138
70083,0.475138
70084,0.475138
70085,0.475138
70086,0.475138
70087,0.475138
70088,0.475138
70089,0.475138
70090,0.475138
70091,0.475138
70092,0.475138
70093,0.475138
70094,0.475138
70095,0.475138
70096,0.475138
70097,0.475138
70098,0.475138
70099,0.475138
70100,0.475138
70101,0.475138
70102,0.475138
70103,0.475138
70104,0.475138
70105,0.475138
70106,0.475138
70107,0.475138
70108,0.475138
70109,0.475138
70110,0.475138
70111,0.475138
70112,0.475138
70113,0.475138
70114,0.475138
70115,0.475138
70116,0.475138
70117,0.475138
70118,0.475138
70119,0.475138
70120,0.475138
70121,0.472385
70122,0.475138
70123,0.475138
70124,0.475138
70125,0.475138
70126,0.475138
70127,0.475138
70128,0.475138
70129,0.475138
70130,0.475138
70131,0.475138
70132,0.475138
70133,0.475138
70134,0.475138
70135,0.475138
70136,0.475138
70137,0.475138
70138,0.475138
70139,0.475138
70140,0.475138
70141,0.475138
70142,0.475138
70143,0.475138
70144,0.475138
70145,0.475138
70146,0.475138
70147,0.475138
70148,0.475138
70149,0.475138
70150,0.475138
70151,0.475138
70152,0.475138
70153,0.475138
70154,0.475138
70155,0.475138
70156,0.475138
70157,0.475138
70158,0.475138
70159,0.475138
70160,0.475138
70161,0.475138
70162,0.475138
70163,0.475138
70164,0.475138
70165,0.475138
70166,0.475138
70167,0.475138
70168,0.475138
70169,0.475138
70170,0.475138
70171,0.475138
70172,0.475138
70173,0.475138
70174,0.475138
70175,0.475138
70176,0.475138
70177,0.475138
70178,0.475138
70179,0.475138
70180,0.475138
70181,0.475138
70182,0.475138
70183,0.475138
70184,0.475138
70185,0.475138
70186,0.475138
70187,0.475138
70188,0.475138
70189,0.475138
70190,0.475138
70191,0.475138
70192,0.475138
70193,0.475138
70194,0.475138
70195,0.475138
70196,0.475138
70197,0.475138
70198,0.475138
70199,0.475138
70200,0.475138
70201,0.475138
70202,0.475138
70203,0.475138
70204,0.475138
70205,0.475138
70206,0.475138
70207,0.475138
70208,0.475138
70209,0.475138
70210,0.475138
70211,0.475138
70212,0.475138
70213,0.475138
70214,0.475138
70215,0.475138
70216,0.475138
70217,0.475138
70218,0.475138
70219,0.475138
70220,0.475138
70221,0.475138
70222,0.475138
70223,0.475138
70224,0.475138
70225,0.475138
70226,0.475138
70227,0.475138
70228,0.475138
70229,0.475138
70230,0.475138
70231,0.475138
70232,0.475138
70233,0.475138
70234,0.475138
70235,0.475138
70236,0.475138
70237,0.475138
70238,0.475138
70239,0.475138
70240,0.475138
70241,0.475138
70242,0.475138
70243,0.475138
70244,0.475138
70245,0.475138
70246,0.475138
70247,0.475138
70248,0.475138
70249,0.475138
70250,0.475138
70251,0.475138
70252,0.475138
70253,0.475138
70254,0.475138
70255,0.475138
70256,0.475138
70257,0.475138
70258,0.475138
70259,0.475138
70260,0.475138
70261,0.475138
70262,0.475138
70263,0.475138
70264,0.475138
70265,0.475138
70266,0.475138
70267,0.475138
70268,0.475138
70269,0.475138
70270,0.475138
70271,0.475138
70272,0.475138
70273,0.475138
70274,0.475138
70275,0.475138
70276,0.475138
70277,0.475138
70278,0.475138
70279,0.475138
70280,0.475138
70281,0.475138
70282,0.475138
70283,0.475138
70284,0.475138
70285,0.475138
70286,0.475138
70287,0.475138
70288,0.475138
70289,0.475138
70290,0.475138
70291,0.475138
70292,0.475138
70293,0.475138
70294,0.475138
70295,0.475138
70296,0.475138
70297,0.475138
70298,0.475138
70299,0.475138
70300,0.475138
70301,0.475138
70302,0.475138
70303,0.475138
70304,0.475138
70305,0.475138
70306,0.475138
70307,0.475138
70308,0.475138
70309,0.475138
70310,0.475138
70311,0.475138
70312,0.475138
70313,0.475138
70314,0.475138
70315,0.475138
70316,0.475138
70317,0.475138
70318,0.475138
70319,0.475138
70320,0.475138
70321,0.475138
70322,0.475138
70323,0.475138
70324,0.475138
70325,0.475138
70326,0.475138
70327,0.475138
70328,0.475138
70329,0.475138
70330,0.475138
70331,0.475138
70332,0.475138
70333,0.475138
70334,0.475138
70335,0.475138
70336,0.475138
70337,0.475138
70338,0.475138
70339,0.475138
70340,0.475138
70341,0.475138
70342,0.475138
70343,0.475138
70344,0.475138
70345,0.475138
70346,0.475138
70347,0.475138
70348,0.475138
70349,0.475138
70350,0.475138
70351,0.475138
70352,0.475138
70353,0.475138
70354,0.475138
70355,0.475138
70356,0.475138
70357,0.475138
70358,0.475138
70359,0.475138
70360,0.475138
70361,0.475138
70362,0.475138
70363,0.475138
70364,0.475138
70365,0.475138
70366,0.475138
70367,0.475138
70368,0.475138
70369,0.475138
70370,0.475138
70371,0.475138
70372,0.475138
70373,0.475138
70374,0.475138
70375,0.475138
70376,0.475138
70377,0.475138
70378,0.475138
70379,0.475138
70380,0.475138
70381,0.475138
70382,0.475138
70383,0.475138
70384,0.475138
70385,0.475138
70386,0.475138
70387,0.475138
70388,0.475138
70389,0.475138
70390,0.475138
70391,0.475138
70392,0.475138
70393,0.475138
70394,0.475138
70395,0.475138
70396,0.475138
70397,0.475138
70398,0.475138
70399,0.475138
70400,0.475138
70401,0.475138
70402,0.475138
70403,0.475138
70404,0.475138
70405,0.475138
70406,0.475138
70407,0.475138
70408,0.475138
70409,0.475138
70410,0.475138
70411,0.475138
70412,0.475138
70413,0.475138
70414,0.475138
70415,0.475138
70416,0.475138
70417,0.475138
70418,0.475138
70419,0.475138
70420,0.475138
70421,0.475138
70422,0.475138
70423,0.475138
70424,0.475138
70425,0.475138
70426,0.475138
70427,0.475138
70428,0.475138
70429,0.475138
70430,0.475138
70431,0.475138
70432,0.475138
70433,0.475138
70434,0.475138
70435,0.475138
70436,0.475138
70437,0.475138
70438,0.475138
70439,0.475138
70440,0.475138
70441,0.475138
70442,0.475138
70443,0.475138
70444,0.475138
70445,0.475138
70446,0.475138
70447,0.475138
70448,0.475138
70449,0.475138
70450,0.475138
70451,0.475138
70452,0.475138
70453,0.475138
70454,0.475138
70455,0.475138
70456,0.475138
70457,0.475138
70458,0.475138
70459,0.475138
70460,0.475138
70461,0.475138
70462,0.475138
70463,0.475138
70464,0.475138
70465,0.475138
70466,0.475138
70467,0.475138
70468,0.475138
70469,0.475138
70470,0.475138
70471,0.475138
70472,0.475138
70473,0.475138
70474,0.475138
70475,0.475138
70476,0.475138
70477,0.475138
70478,0.475138
70479,0.475138
70480,0.475138
70481,0.475138
70482,0.475138
70483,0.475138
70484,0.475138
70485,0.475138
70486,0.475138
70487,0.475138
70488,0.475138
70489,0.475138
70490,0.475138
70491,0.475138
70492,0.475138
70493,0.475138
70494,0.475138
70495,0.475138
70496,0.475138
70497,0.475138
70498,0.475138
70499,0.475138
70500,0.475138
70501,0.475138
70502,0.475138
70503,0.475138
70504,0.475138
70505,0.475138
70506,0.475138
70507,0.475138
70508,0.475138
70509,0.475138
70510,0.475138
70511,0.475138
70512,0.475138
70513,0.475138
70514,0.475138
70515,0.475138
70516,0.475138
70517,0.475138
70518,0.475138
70519,0.475138
70520,0.475138
70521,0.475138
70522,0.475138
70523,0.475138
70524,0.475138
70525,0.475138
70526,0.475138
70527,0.475138
70528,0.475138
70529,0.475138
70530,0.475138
70531,0.475138
70532,0.475138
70533,0.475138
70534,0.475138
70535,0.475138
70536,0.475138
70537,0.475138
70538,0.475138
70539,0.475138
70540,0.475138
70541,0.475138
70542,0.475138
70543,0.475138
70544,0.475138
70545,0.475138
70546,0.475138
70547,0.475138
70548,0.475138
70549,0.475138
70550,0.475138
70551,0.475138
70552,0.475138
70553,0.475138
70554,0.475138
70555,0.475138
70556,0.475138
70557,0.475138
70558,0.475138
70559,0.475138
70560,0.475138
70561,0.475138
70562,0.475138
70563,0.475138
70564,0.475138
70565,0.475138
70566,0.475138
70567,0.475138
70568,0.475138
70569,0.475138
70570,0.475138
70571,0.475138
70572,0.475138
70573,0.475138
70574,0.475138
70575,0.475138
70576,0.475138
70577,0.475138
70578,0.475138
70579,0.475138
70580,0.475138
70581,0.475138
70582,0.475138
70583,0.475138
70584,0.475138
70585,0.475138
70586,0.475138
70587,0.475138
70588,0.475138
70589,0.475138
70590,0.475138
70591,0.475138
70592,0.475138
70593,0.475138
70594,0.475138
70595,0.475138
70596,0.475138
70597,0.475138
70598,0.475138
70599,0.475138
70600,0.475138
70601,0.475138
70602,0.475138
70603,0.475138
70604,0.475138
70605,0.475138
70606,0.475138
70607,0.475138
70608,0.475138
70609,0.475138
70610,0.475138
70611,0.475138
70612,0.475138
70613,0.475138
70614,0.475138
70615,0.475138
70616,0.475138
70617,0.475138
70618,0.475138
70619,0.475138
70620,0.475138
70621,0.475138
70622,0.475138
70623,0.475138
70624,0.475138
70625,0.475138
70626,0.475138
70627,0.475138
70628,0.475138
70629,0.475138
70630,0.475138
70631,0.475138
70632,0.475138
70633,0.475138
70634,0.475138
70635,0.475138
70636,0.475138
70637,0.475138
70638,0.475138
70639,0.475138
70640,0.475138
70641,0.475138
70642,0.475138
70643,0.475138
70644,0.475138
70645,0.475138
70646,0.475138
70647,0.475138
70648,0.475138
70649,0.475138
70650,0.475138
70651,0.475138
70652,0.475138
70653,0.475138
70654,0.475138
70655,0.475138
70656,0.475138
70657,0.475138
70658,0.475138
70659,0.475138
70660,0.475138
70661,0.475138
70662,0.475138
70663,0.475138
70664,0.475138
70665,0.475138
70666,0.475138
70667,0.475138
70668,0.475138
70669,0.475138
70670,0.475138
70671,0.475138
70672,0.475138
70673,0.475138
70674,0.475138
70675,0.475138
70676,0.475138
70677,0.475138
70678,0.475138
70679,0.475138
70680,0.475138
70681,0.475138
70682,0.475138
70683,0.475138
70684,0.475138
70685,0.475138
70686,0.475138
70687,0.475138
70688,0.475138
70689,0.475138
70690,0.475138
70691,0.475138
70692,0.475138
70693,0.475138
70694,0.475138
70695,0.475138
70696,0.475138
70697,0.475138
70698,0.475138
70699,0.475138
70700,0.475138
70701,0.475138
70702,0.475138
70703,0.475138
70704,0.475138
70705,0.475138
70706,0.475138
70707,0.475138
70708,0.475138
70709,0.475138
70710,0.475138
70711,0.475138
70712,0.475138
70713,0.475138
70714,0.475138
70715,0.475138
70716,0.475138
70717,0.475138
70718,0.475138
70719,0.475138
70720,0.475138
70721,0.475138
70722,0.475138
70723,0.475138
70724,0.475138
70725,0.475138
70726,0.475138
70727,0.475138
70728,0.475138
70729,0.475138
70730,0.475138
70731,0.475138
70732,0.475138
70733,0.475138
70734,0.475138
70735,0.475138
70736,0.475138
70737,0.475138
70738,0.475138
70739,0.475138
70740,0.475138
70741,0.475138
70742,0.475138
70743,0.475138
70744,0.475138
70745,0.475138
70746,0.475138
70747,0.475138
70748,0.475138
70749,0.475138
70750,0.475138
70751,0.475138
70752,0.475138
70753,0.475138
70754,0.475138
70755,0.475138
70756,0.475138
70757,0.475138
70758,0.475138
70759,0.475138
70760,0.475138
70761,0.475138
70762,0.475138
70763,0.475138
70764,0.475138
70765,0.475138
70766,0.475138
70767,0.475138
70768,0.475138
70769,0.475138
70770,0.475138
70771,0.475138
70772,0.475138
70773,0.475138
70774,0.475138
70775,0.475138
70776,0.475138
70777,0.475138
70778,0.475138
70779,0.475138
70780,0.475138
70781,0.475138
70782,0.475138
70783,0.475138
70784,0.475138
70785,0.475138
70786,0.475138
70787,0.475138
70788,0.475138
70789,0.475138
70790,0.475138
70791,0.475138
70792,0.475138
70793,0.475138
70794,0.475138
70795,0.475138
70796,0.475138
70797,0.475138
70798,0.475138
70799,0.475138
70800,0.475138
70801,0.475138
70802,0.475138
70803,0.475138
70804,0.475138
70805,0.475138
70806,0.475138
70807,0.475138
70808,0.475138
70809,0.475138
70810,0.475138
70811,0.475138
70812,0.475138
70813,0.475138
70814,0.475138
70815,0.475138
70816,0.475138
70817,0.475138
70818,0.475138
70819,0.475138
70820,0.475138
70821,0.475138
70822,0.475138
70823,0.475138
70824,0.475138
70825,0.475138
70826,0.475138
70827,0.475138
70828,0.475138
70829,0.475138
70830,0.475138
70831,0.475138
70832,0.475138
70833,0.475138
70834,0.475138
70835,0.475138
70836,0.475138
70837,0.475138
70838,0.475138
70839,0.475138
70840,0.475138
70841,0.475138
70842,0.475138
70843,0.475138
70844,0.475138
70845,0.475138
70846,0.475138
70847,0.475138
70848,0.475138
70849,0.475138
70850,0.475138
70851,0.475138
70852,0.475138
70853,0.475138
70854,0.475138
70855,0.475138
70856,0.475138
70857,0.475138
70858,0.475138
70859,0.475138
70860,0.475138
70861,0.475138
70862,0.475138
70863,0.475138
70864,0.475138
70865,0.475138
70866,0.475138
70867,0.475138
70868,0.475138
70869,0.475138
70870,0.475138
70871,0.475138
70872,0.475138
70873,0.475138
70874,0.475138
70875,0.475138
70876,0.475138
70877,0.475138
70878,0.475138
70879,0.475138
70880,0.475138
70881,0.475138
70882,0.475138
70883,0.475138
70884,0.475138
70885,0.475138
70886,0.475138
70887,0.475138
70888,0.475138
70889,0.475138
70890,0.475138
70891,0.475138
70892,0.475138
70893,0.475138
70894,0.475138
70895,0.475138
70896,0.475138
70897,0.475138
70898,0.475138
70899,0.475138
70900,0.475138
70901,0.475138
70902,0.475138
70903,0.475138
70904,0.475138
70905,0.475138
70906,0.475138
70907,0.475138
70908,0.475138
70909,0.475138
70910,0.475138
70911,0.475138
70912,0.475138
70913,0.475138
70914,0.475138
70915,0.475138
70916,0.475138
70917,0.475138
70918,0.475138
70919,0.475138
70920,0.475138
70921,0.475138
70922,0.475138
70923,0.475138
70924,0.475138
70925,0.475138
70926,0.475138
70927,0.475138
70928,0.475138
70929,0.475138
70930,0.475138
70931,0.475138
70932,0.475138
70933,0.475138
70934,0.475138
70935,0.475138
70936,0.475138
70937,0.475138
70938,0.475138
70939,0.475138
70940,0.475138
70941,0.475138
70942,0.475138
70943,0.475138
70944,0.475138
70945,0.475138
70946,0.475138
70947,0.475138
70948,0.475138
70949,0.475138
70950,0.475138
70951,0.475138
70952,0.475138
70953,0.475138
70954,0.475138
70955,0.475138
70956,0.475138
70957,0.475138
70958,0.475138
70959,0.475138
70960,0.475138
70961,0.475138
70962,0.475138
70963,0.475138
70964,0.475138
70965,0.475138
70966,0.475138
70967,0.475138
70968,0.475138
70969,0.475138
70970,0.475138
70971,0.475138
70972,0.475138
70973,0.475138
70974,0.475138
70975,0.475138
70976,0.475138
70977,0.475138
70978,0.475138
70979,0.475138
70980,0.475138
70981,0.475138
70982,0.475138
70983,0.475138
70984,0.475138
70985,0.475138
70986,0.475138
70987,0.475138
70988,0.475138
70989,0.475138
70990,0.475138
70991,0.475138
70992,0.475138
70993,0.475138
70994,0.475138
70995,0.475138
70996,0.475138
70997,0.475138
70998,0.475138
70999,0.475138
71000,0.475138
71001,0.475138
71002,0.475138
71003,0.475138
71004,0.475138
71005,0.475138
71006,0.475138
71007,0.475138
71008,0.475138
71009,0.475138
71010,0.475138
71011,0.475138
71012,0.475138
71013,0.475138
71014,0.475138
71015,0.475138
71016,0.475138
71017,0.475138
71018,0.475138
71019,0.475138
71020,0.475138
71021,0.475138
71022,0.475138
71023,0.475138
71024,0.475138
71025,0.475138
71026,0.475138
71027,0.475138
71028,0.475138
71029,0.475138
71030,0.475138
71031,0.475138
71032,0.475138
71033,0.475138
71034,0.475138
71035,0.475138
71036,0.475138
71037,0.475138
71038,0.475138
71039,0.475138
71040,0.475138
71041,0.475138
71042,0.475138
71043,0.475138
71044,0.475138
71045,0.475138
71046,0.475138
71047,0.475138
71048,0.475138
71049,0.475138
71050,0.475138
71051,0.475138
71052,0.475138
71053,0.475138
71054,0.475138
71055,0.475138
71056,0.475138
71057,0.475138
71058,0.475138
71059,0.475138
71060,0.475138
71061,0.475138
71062,0.475138
71063,0.475138
71064,0.475138
71065,0.475138
71066,0.475138
71067,0.475138
71068,0.475138
71069,0.475138
71070,0.475138
71071,0.475138
71072,0.475138
71073,0.475138
71074,0.475138
71075,0.475138
71076,0.475138
71077,0.475138
71078,0.475138
71079,0.475138
71080,0.475138
71081,0.475138
71082,0.475138
71083,0.475138
71084,0.475138
71085,0.475138
71086,0.475138
71087,0.475138
71088,0.475138
71089,0.475138
71090,0.475138
71091,0.475138
71092,0.475138
71093,0.475138
71094,0.475138
71095,0.475138
71096,0.475138
71097,0.475138
71098,0.475138
71099,0.475138
71100,0.475138
71101,0.475138
71102,0.475138
71103,0.475138
71104,0.475138
71105,0.475138
71106,0.475138
71107,0.475138
71108,0.475138
71109,0.475138
71110,0.475138
71111,0.475138
71112,0.475138
71113,0.475138
71114,0.475138
71115,0.475138
71116,0.475138
71117,0.475138
71118,0.475138
71119,0.475138
71120,0.475138
71121,0.475138
71122,0.475138
71123,0.475138
71124,0.475138
71125,0.475138
71126,0.475138
71127,0.475138
71128,0.475138
71129,0.475138
71130,0.475138
71131,0.475138
71132,0.475138
71133,0.475138
71134,0.475138
71135,0.475138
71136,0.475138
71137,0.475138
71138,0.475138
71139,0.475138
71140,0.475138
71141,0.475138
71142,0.475138
71143,0.475138
71144,0.475138
71145,0.475138
71146,0.475138
71147,0.475138
71148,0.475138
71149,0.475138
71150,0.475138
71151,0.475138
71152,0.475138
71153,0.475138
71154,0.475138
71155,0.475138
71156,0.475138
71157,0.475138
71158,0.475138
71159,0.475138
71160,0.475138
71161,0.475138
71162,0.475138
71163,0.475138
71164,0.475138
71165,0.475138
71166,0.475138
71167,0.475138
71168,0.475138
71169,0.475138
71170,0.475138
71171,0.475138
71172,0.475138
71173,0.475138
71174,0.475138
71175,0.475138
71176,0.475138
71177,0.475138
71178,0.475138
71179,0.475138
71180,0.475138
71181,0.475138
71182,0.475138
71183,0.475138
71184,0.475138
71185,0.475138
71186,0.475138
71187,0.475138
71188,0.475138
71189,0.475138
71190,0.475138
71191,0.475138
71192,0.475138
71193,0.475138
71194,0.475138
71195,0.475138
71196,0.475138
71197,0.475138
71198,0.475138
71199,0.475138
71200,0.475138
71201,0.475138
71202,0.475138
71203,0.475138
71204,0.475138
71205,0.475138
71206,0.475138
71207,0.475138
71208,0.475138
71209,0.475138
71210,0.475138
71211,0.475138
71212,0.475138
71213,0.475138
71214,0.475138
71215,0.475138
71216,0.475138
71217,0.475138
71218,0.475138
71219,0.475138
71220,0.475138
71221,0.475138
71222,0.475138
71223,0.475138
71224,0.475138
71225,0.475138
71226,0.475138
71227,0.475138
71228,0.475138
71229,0.475138
71230,0.475138
71231,0.475138
71232,0.475138
71233,0.475138
71234,0.475138
71235,0.475138
71236,0.475138
71237,0.475138
71238,0.475138
71239,0.475138
71240,0.475138
71241,0.475138
71242,0.475138
71243,0.475138
71244,0.475138
71245,0.475138
71246,0.475138
71247,0.475138
71248,0.475138
71249,0.475138
71250,0.475138
71251,0.475138
71252,0.475138
71253,0.475138
71254,0.475138
71255,0.475138
71256,0.475138
71257,0.475138
71258,0.475138
71259,0.475138
71260,0.475138
71261,0.475138
71262,0.475138
71263,0.475138
71264,0.475138
71265,0.475138
71266,0.475138
71267,0.475138
71268,0.475138
71269,0.475138
71270,0.475138
71271,0.475138
71272,0.475138
71273,0.475138
71274,0.475138
71275,0.475138
71276,0.475138
71277,0.475138
71278,0.475138
71279,0.475138
71280,0.475138
71281,0.475138
71282,0.475138
71283,0.475138
71284,0.475138
71285,0.475138
71286,0.475138
71287,0.475138
71288,0.475138
71289,0.475138
71290,0.475138
71291,0.475138
71292,0.475138
71293,0.475138
71294,0.475138
71295,0.475138
71296,0.475138
71297,0.475138
71298,0.475138
71299,0.475138
71300,0.475138
71301,0.475138
71302,0.475138
71303,0.475138
71304,0.475138
71305,0.475138
71306,0.475138
71307,0.475138
71308,0.475138
71309,0.475138
71310,0.475138
71311,0.475138
71312,0.475138
71313,0.475138
71314,0.475138
71315,0.475138
71316,0.475138
71317,0.475138
71318,0.475138
71319,0.475138
71320,0.475138
71321,0.475138
71322,0.475138
71323,0.475138
71324,0.475138
71325,0.475138
71326,0.475138
71327,0.475138
71328,0.475138
71329,0.475138
71330,0.475138
71331,0.475138
71332,0.475138
71333,0.475138
71334,0.475138
71335,0.475138
71336,0.475138
71337,0.475138
71338,0.475138
71339,0.475138
71340,0.475138
71341,0.475138
71342,0.475138
71343,0.475138
71344,0.475138
71345,0.475138
71346,0.475138
71347,0.475138
71348,0.475138
71349,0.475138
71350,0.475138
71351,0.475138
71352,0.475138
71353,0.475138
71354,0.475138
71355,0.475138
71356,0.475138
71357,0.475138
71358,0.475138
71359,0.475138
71360,0.475138
71361,0.475138
71362,0.475138
71363,0.475138
71364,0.475138
71365,0.475138
71366,0.475138
71367,0.475138
71368,0.475138
71369,0.475138
71370,0.475138
71371,0.475138
71372,0.475138
71373,0.475138
71374,0.475138
71375,0.475138
71376,0.475138
71377,0.475138
71378,0.475138
71379,0.475138
71380,0.475138
71381,0.475138
71382,0.475138
71383,0.475138
71384,0.475138
71385,0.475138
71386,0.475138
71387,0.475138
71388,0.475138
71389,0.475138
71390,0.475138
71391,0.475138
71392,0.475138
71393,0.475138
71394,0.475138
71395,0.475138
71396,0.475138
71397,0.475138
71398,0.475138
71399,0.475138
71400,0.475138
71401,0.475138
71402,0.475138
71403,0.475138
71404,0.475138
71405,0.475138
71406,0.475138
71407,0.475138
71408,0.475138
71409,0.475138
71410,0.475138
71411,0.475138
71412,0.475138
71413,0.475138
71414,0.475138
71415,0.475138
71416,0.475138
71417,0.475138
71418,0.475138
71419,0.475138
71420,0.475138
71421,0.475138
71422,0.475138
71423,0.475138
71424,0.475138
71425,0.475138
71426,0.475138
71427,0.475138
71428,0.475138
71429,0.475138
71430,0.475138
71431,0.475138
71432,0.475138
71433,0.475138
71434,0.475138
71435,0.475138
71436,0.475138
71437,0.475138
71438,0.475138
71439,0.475138
71440,0.475138
71441,0.475138
71442,0.475138
71443,0.475138
71444,0.475138
71445,0.475138
71446,0.475138
71447,0.475138
71448,0.475138
71449,0.475138
71450,0.475138
71451,0.475138
71452,0.475138
71453,0.475138
71454,0.475138
71455,0.475138
71456,0.475138
71457,0.475138
71458,0.475138
71459,0.475138
71460,0.475138
71461,0.475138
71462,0.475138
71463,0.475138
71464,0.475138
71465,0.475138
71466,0.475138
71467,0.475138
71468,0.475138
71469,0.475138
71470,0.475138
71471,0.475138
71472,0.475138
71473,0.475138
71474,0.475138
71475,0.475138
71476,0.475138
71477,0.475138
71478,0.475138
71479,0.475138
71480,0.475138
71481,0.475138
71482,0.475138
71483,0.475138
71484,0.475138
71485,0.475138
71486,0.475138
71487,0.475138
71488,0.475138
71489,0.475138
71490,0.475138
71491,0.475138
71492,0.475138
71493,0.475138
71494,0.475138
71495,0.475138
71496,0.475138
71497,0.475138
71498,0.475138
71499,0.475138
71500,0.475138
71501,0.475138
71502,0.475138
71503,0.475138
71504,0.475138
71505,0.475138
71506,0.475138
71507,0.475138
71508,0.475138
71509,0.475138
71510,0.475138
71511,0.475138
71512,0.475138
71513,0.475138
71514,0.475138
71515,0.475138
71516,0.475138
71517,0.475138
71518,0.475138
71519,0.475138
71520,0.475138
71521,0.475138
71522,0.475138
71523,0.475138
71524,0.475138
71525,0.475138
71526,0.475138
71527,0.475138
71528,0.475138
71529,0.475138
71530,0.475138
71531,0.475138
71532,0.475138
71533,0.475138
71534,0.475138
71535,0.475138
71536,0.475138
71537,0.475138
71538,0.475138
71539,0.475138
71540,0.475138
71541,0.475138
71542,0.475138
71543,0.475138
71544,0.475138
71545,0.475138
71546,0.475138
71547,0.475138
71548,0.475138
71549,0.475138
71550,0.475138
71551,0.475138
71552,0.475138
71553,0.475138
71554,0.475138
71555,0.475138
71556,0.475138
71557,0.475138
71558,0.475138
71559,0.475138
71560,0.475138
71561,0.475138
71562,0.475138
71563,0.475138
71564,0.475138
71565,0.475138
71566,0.475138
71567,0.475138
71568,0.475138
71569,0.475138
71570,0.475138
71571,0.475138
71572,0.475138
71573,0.475138
71574,0.475138
71575,0.475138
71576,0.475138
71577,0.475138
71578,0.475138
71579,0.475138
71580,0.475138
71581,0.475138
71582,0.475138
71583,0.475138
71584,0.475138
71585,0.475138
71586,0.475138
71587,0.475138
71588,0.475138
71589,0.475138
71590,0.475138
71591,0.475138
71592,0.475138
71593,0.475138
71594,0.475138
71595,0.475138
71596,0.475138
71597,0.475138
71598,0.475138
71599,0.475138
71600,0.475138
71601,0.475138
71602,0.475138
71603,0.475138
71604,0.475138
71605,0.475138
71606,0.475138
71607,0.475138
71608,0.475138
71609,0.475138
71610,0.475138
71611,0.475138
71612,0.475138
71613,0.475138
71614,0.475138
71615,0.475138
71616,0.475138
71617,0.475138
71618,0.475138
71619,0.475138
71620,0.475138
71621,0.475138
71622,0.475138
71623,0.475138
71624,0.475138
71625,0.475138
71626,0.475138
71627,0.475138
71628,0.475138
71629,0.475138
71630,0.475138
71631,0.475138
71632,0.475138
71633,0.475138
71634,0.475138
71635,0.475138
71636,0.475138
71637,0.475138
71638,0.475138
71639,0.475138
71640,0.475138
71641,0.475138
71642,0.475138
71643,0.475138
71644,0.475138
71645,0.475138
71646,0.475138
71647,0.475138
71648,0.475138
71649,0.475138
71650,0.475138
71651,0.475138
71652,0.475138
71653,0.475138
71654,0.475138
71655,0.475138
71656,0.475138
71657,0.475138
71658,0.475138
71659,0.475138
71660,0.475138
71661,0.475138
71662,0.475138
71663,0.475138
71664,0.475138
71665,0.475138
71666,0.475138
71667,0.475138
71668,0.475138
71669,0.475138
71670,0.475138
71671,0.475138
71672,0.475138
71673,0.475138
71674,0.475138
71675,0.475138
71676,0.475138
71677,0.475138
71678,0.475138
71679,0.475138
71680,0.475138
71681,0.475138
71682,0.475138
71683,0.475138
71684,0.475138
71685,0.475138
71686,0.475138
71687,0.475138
71688,0.475138
71689,0.475138
71690,0.475138
71691,0.475138
71692,0.475138
71693,0.475138
71694,0.475138
71695,0.475138
71696,0.475138
71697,0.475138
71698,0.404229
71699,0.475138
71700,0.475138
71701,0.475138
71702,0.475138
71703,0.475138
71704,0.475138
71705,0.475138
71706,0.475138
71707,0.475138
71708,0.475138
71709,0.475138
71710,0.475138
71711,0.475138
71712,0.475138
71713,0.475138
71714,0.475138
71715,0.475138
71716,0.475138
71717,0.475138
71718,0.475138
71719,0.475138
71720,0.475138
71721,0.475138
71722,0.475138
71723,0.475138
71724,0.475138
71725,0.475138
71726,0.475138
71727,0.475138
71728,0.475138
71729,0.475138
71730,0.475138
71731,0.475138
71732,0.475138
71733,0.475138
71734,0.475138
71735,0.475138
71736,0.475138
71737,0.475138
71738,0.475138
71739,0.475138
71740,0.475138
71741,0.475138
71742,0.475138
71743,0.475138
71744,0.475138
71745,0.475138
71746,0.475138
71747,0.475138
71748,0.475138
71749,0.475138
71750,0.475138
71751,0.475138
71752,0.475138
71753,0.475138
71754,0.475138
71755,0.475138
71756,0.475138
71757,0.475138
71758,0.475138
71759,0.475138
71760,0.475138
71761,0.475138
71762,0.475138
71763,0.475138
71764,0.475138
71765,0.475138
71766,0.475138
71767,0.475138
71768,0.475138
71769,0.475138
71770,0.475138
71771,0.475138
71772,0.475138
71773,0.475138
71774,0.475138
71775,0.475138
71776,0.475138
71777,0.478481
71778,0.475138
71779,0.475138
71780,0.475138
71781,0.475138
71782,0.475138
71783,0.475138
71784,0.475138
71785,0.475138
71786,0.475138
71787,0.475138
71788,0.475138
71789,0.475138
71790,0.475138
71791,0.475138
71792,0.475138
71793,0.475138
71794,0.475138
71795,0.475138
71796,0.475138
71797,0.475138
71798,0.475138
71799,0.475138
71800,0.475138
71801,0.475138
71802,0.475138
71803,0.475138
71804,0.475138
71805,0.475138
71806,0.475138
71807,0.475138
71808,0.475138
71809,0.475138
71810,0.475138
71811,0.475138
71812,0.475138
71813,0.475138
71814,0.475138
71815,0.475138
71816,0.475138
71817,0.475138
71818,0.475138
71819,0.475138
71820,0.475138
71821,0.475138
71822,0.475138
71823,0.475138
71824,0.475138
71825,0.475138
71826,0.475138
71827,0.475138
71828,0.475138
71829,0.475138
71830,0.475138
71831,0.475138
71832,0.475138
71833,0.475138
71834,0.475138
71835,0.475138
71836,0.475138
71837,0.475138
71838,0.475138
71839,0.475138
71840,0.475138
71841,0.475138
71842,0.475138
71843,0.475138
71844,0.475138
71845,0.475138
71846,0.475138
71847,0.475138
71848,0.475138
71849,0.475138
71850,0.475138
71851,0.475138
71852,0.475138
71853,0.475138
71854,0.475138
71855,0.475138
71856,0.475138
71857,0.475138
71858,0.475138
71859,0.475138
71860,0.475138
71861,0.475138
71862,0.475138
71863,0.475138
71864,0.475138
71865,0.475138
71866,0.475138
71867,0.475138
71868,0.475138
71869,0.475138
71870,0.475138
71871,0.475138
71872,0.475138
71873,0.475138
71874,0.475138
71875,0.475138
71876,0.475138
71877,0.475138
71878,0.475138
71879,0.475138
71880,0.475138
71881,0.475138
71882,0.475138
71883,0.475138
71884,0.475138
71885,0.475138
71886,0.475138
71887,0.475138
71888,0.475138
71889,0.475138
71890,0.475138
71891,0.475138
71892,0.475138
71893,0.475138
71894,0.475138
71895,0.475138
71896,0.475138
71897,0.475138
71898,0.475138
71899,0.475138
71900,0.475138
71901,0.475138
71902,0.475138
71903,0.475138
71904,0.475138
71905,0.475138
71906,0.475138
71907,0.475138
71908,0.475138
71909,0.475138
71910,0.475138
71911,0.475138
71912,0.475138
71913,0.475138
71914,0.475138
71915,0.475138
71916,0.475138
71917,0.475138
71918,0.475138
71919,0.475138
71920,0.475138
71921,0.475138
71922,0.475138
71923,0.475138
71924,0.475138
71925,0.475138
71926,0.475138
71927,0.475138
71928,0.475138
71929,0.475138
71930,0.475138
71931,0.475138
71932,0.475138
71933,0.475138
71934,0.475138
71935,0.475138
71936,0.475138
71937,0.475138
71938,0.475138
71939,0.475138
71940,0.475138
71941,0.475138
71942,0.475138
71943,0.475138
71944,0.475138
71945,0.475138
71946,0.475138
71947,0.475138
71948,0.475138
71949,0.475138
71950,0.475138
71951,0.475138
71952,0.475138
71953,0.475138
71954,0.475138
71955,0.475138
71956,0.475138
71957,0.475138
71958,0.475138
71959,0.475138
71960,0.475138
71961,0.475138
71962,0.475138
71963,0.475138
71964,0.475138
71965,0.475138
71966,0.475138
71967,0.475138
71968,0.475138
71969,0.475138
71970,0.475138
71971,0.475138
71972,0.475138
71973,0.475138
71974,0.475138
71975,0.475138
71976,0.475138
71977,0.475138
71978,0.475138
71979,0.475138
71980,0.475138
71981,0.475138
71982,0.475138
71983,0.475138
71984,0.475138
71985,0.475138
71986,0.475138
71987,0.475138
71988,0.475138
71989,0.475138
71990,0.475138
71991,0.475138
71992,0.475138
71993,0.475138
71994,0.475138
71995,0.475138
71996,0.475138
71997,0.475138
71998,0.475138
71999,0.475138
72000,0.475138
72001,0.475138
72002,0.475138
72003,0.475138
72004,0.475138
72005,0.475138
72006,0.475138
72007,0.475138
72008,0.475138
72009,0.475138
72010,0.475138
72011,0.475138
72012,0.475138
72013,0.475138
72014,0.475138
72015,0.475138
72016,0.475138
72017,0.475138
72018,0.475138
72019,0.475138
72020,0.475138
72021,0.475138
72022,0.475138
72023,0.475138
72024,0.475138
72025,0.475138
72026,0.475138
72027,0.475138
72028,0.475138
72029,0.475138
72030,0.475138
72031,0.475138
72032,0.475138
72033,0.475138
72034,0.475138
72035,0.475138
72036,0.475138
72037,0.475138
72038,0.475138
72039,0.475138
72040,0.475138
72041,0.475138
72042,0.475138
72043,0.475138
72044,0.475138
72045,0.475138
72046,0.474970
72047,0.474970
72048,0.474970
72049,0.475138
72050,0.475138
72051,0.475138
72052,0.475138
72053,0.475138
72054,0.475138
72055,0.475138
72056,0.475138
72057,0.475138
72058,0.475138
72059,0.475138
72060,0.475138
72061,0.475138
72062,0.475138
72063,0.475138
72064,0.475138
72065,0.475138
72066,0.475138
72067,0.475138
72068,0.475138
72069,0.475138
72070,0.475138
72071,0.475138
72072,0.475138
72073,0.475138
72074,0.475138
72075,0.475138
72076,0.475138
72077,0.474970
72078,0.474970
72079,0.474970
72080,0.474970
72081,0.475138
72082,0.475138
72083,0.475138
72084,0.475138
72085,0.475138
72086,0.475138
72087,0.475138
72088,0.475138
72089,0.475138
72090,0.475138
72091,0.475138
72092,0.475138
72093,0.475138
72094,0.475138
72095,0.475138
72096,0.475138
72097,0.475138
72098,0.475138
72099,0.475138
72100,0.475138
72101,0.475138
72102,0.475138
72103,0.475138
72104,0.475138
72105,0.475138
72106,0.475138
72107,0.475138
72108,0.475138
72109,0.475138
72110,0.475138
72111,0.475138
72112,0.475138
72113,0.475138
72114,0.475138
72115,0.475138
72116,0.475138
72117,0.475138
72118,0.475138
72119,0.475138
72120,0.475138
72121,0.475138
72122,0.475138
72123,0.475138
72124,0.475138
72125,0.475138
72126,0.475138
72127,0.475138
72128,0.475138
72129,0.475138
72130,0.475138
72131,0.475138
72132,0.475138
72133,0.475138
72134,0.475138
72135,0.475138
72136,0.475138
72137,0.475138
72138,0.475138
72139,0.475138
72140,0.475138
72141,0.475138
72142,0.475138
72143,0.475138
72144,0.475138
72145,0.475138
72146,0.475138
72147,0.475138
72148,0.475138
72149,0.475138
72150,0.475138
72151,0.475138
72152,0.475138
72153,0.475138
72154,0.475138
72155,0.475138
72156,0.475138
72157,0.475138
72158,0.475138
72159,0.475138
72160,0.475138
72161,0.475138
72162,0.475138
72163,0.475138
72164,0.475138
72165,0.475138
72166,0.475138
72167,0.475138
72168,0.475138
72169,0.475138
72170,0.475138
72171,0.475138
72172,0.475138
72173,0.475138
72174,0.475138
72175,0.475138
72176,0.475138
72177,0.475138
72178,0.475138
72179,0.475138
72180,0.475138
72181,0.475138
72182,0.475138
72183,0.475138
72184,0.475138
72185,0.475138
72186,0.475138
72187,0.475138
72188,0.475138
72189,0.475138
72190,0.475138
72191,0.475138
72192,0.475138
72193,0.475138
72194,0.475138
72195,0.475138
72196,0.475138
72197,0.475138
72198,0.475138
72199,0.475138
72200,0.475138
72201,0.475138
72202,0.475138
72203,0.475138
72204,0.475138
72205,0.475138
72206,0.475138
72207,0.475138
72208,0.475138
72209,0.475138
72210,0.475138
72211,0.475138
72212,0.475138
72213,0.475138
72214,0.475138
72215,0.475138
72216,0.475138
72217,0.475138
72218,0.475138
72219,0.475138
72220,0.475138
72221,0.475138
72222,0.475138
72223,0.475138
72224,0.475138
72225,0.475138
72226,0.475138
72227,0.475138
72228,0.475138
72229,0.475138
72230,0.475138
72231,0.475138
72232,0.475138
72233,0.475138
72234,0.475138
72235,0.475138
72236,0.475138
72237,0.475138
72238,0.475138
72239,0.475138
72240,0.475138
72241,0.475138
72242,0.475138
72243,0.475138
72244,0.475138
72245,0.475138
72246,0.475138
72247,0.475138
72248,0.475138
72249,0.475138
72250,0.475138
72251,0.475138
72252,0.475138
72253,0.475138
72254,0.475138
72255,0.475138
72256,0.475138
72257,0.475138
72258,0.475138
72259,0.475138
72260,0.475138
72261,0.475138
72262,0.475138
72263,0.475138
72264,0.475138
72265,0.475138
72266,0.475138
72267,0.475138
72268,0.475138
72269,0.475138
72270,0.475138
72271,0.475138
72272,0.475138
72273,0.475138
72274,0.475138
72275,0.475138
72276,0.475138
72277,0.475138
72278,0.475138
72279,0.475138
72280,0.475138
72281,0.475138
72282,0.475138
72283,0.475138
72284,0.475138
72285,0.475138
72286,0.475138
72287,0.475138
72288,0.475138
72289,0.475138
72290,0.475138
72291,0.475138
72292,0.475138
72293,0.475138
72294,0.475138
72295,0.475138
72296,0.475138
72297,0.475138
72298,0.475138
72299,0.475138
72300,0.475138
72301,0.475138
72302,0.475138
72303,0.475138
72304,0.475138
72305,0.475138
72306,0.475138
72307,0.475138
72308,0.475138
72309,0.475138
72310,0.475138
72311,0.475138
72312,0.475138
72313,0.475138
72314,0.475138
72315,0.475138
72316,0.475138
72317,0.475138
72318,0.475138
72319,0.475138
72320,0.475138
72321,0.475138
72322,0.475138
72323,0.475138
72324,0.475138
72325,0.475138
72326,0.475138
72327,0.475138
72328,0.475138
72329,0.475138
72330,0.475138
72331,0.475138
72332,0.475138
72333,0.475138
72334,0.475138
72335,0.475138
72336,0.475138
72337,0.475138
72338,0.475138
72339,0.475138
72340,0.475138
72341,0.475138
72342,0.475138
72343,0.475138
72344,0.475138
72345,0.475138
72346,0.475138
72347,0.475138
72348,0.475138
72349,0.475138
72350,0.475138
72351,0.475138
72352,0.475138
72353,0.475138
72354,0.475138
72355,0.475138
72356,0.475138
72357,0.475138
72358,0.475138
72359,0.475138
72360,0.475138
72361,0.475138
72362,0.475138
72363,0.475138
72364,0.475138
72365,0.475138
72366,0.475138
72367,0.475138
72368,0.475138
72369,0.475138
72370,0.475138
72371,0.475138
72372,0.475138
72373,0.475138
72374,0.475138
72375,0.475138
72376,0.475138
72377,0.475138
72378,0.475138
72379,0.475138
72380,0.475138
72381,0.475138
72382,0.475138
72383,0.475138
72384,0.475138
72385,0.475138
72386,0.475138
72387,0.475138
72388,0.475138
72389,0.475138
72390,0.475138
72391,0.475138
72392,0.475138
72393,0.475138
72394,0.475138
72395,0.475138
72396,0.475138
72397,0.475138
72398,0.475138
72399,0.475138
72400,0.475138
72401,0.475138
72402,0.475138
72403,0.475138
72404,0.475138
72405,0.475138
72406,0.475138
72407,0.475138
72408,0.475138
72409,0.475138
72410,0.475138
72411,0.475138
72412,0.475138
72413,0.475138
72414,0.475138
72415,0.475138
72416,0.475138
72417,0.475138
72418,0.475138
72419,0.475138
72420,0.475138
72421,0.475138
72422,0.475138
72423,0.475138
72424,0.475138
72425,0.475138
72426,0.475138
72427,0.475138
72428,0.475138
72429,0.475138
72430,0.475138
72431,0.475138
72432,0.475138
72433,0.475138
72434,0.475138
72435,0.475138
72436,0.475138
72437,0.475138
72438,0.475138
72439,0.475138
72440,0.475138
72441,0.475138
72442,0.475138
72443,0.475138
72444,0.475138
72445,0.475138
72446,0.475138
72447,0.475138
72448,0.475138
72449,0.475138
72450,0.475138
72451,0.475138
72452,0.475138
72453,0.475138
72454,0.475138
72455,0.475138
72456,0.475138
72457,0.475138
72458,0.475138
72459,0.475138
72460,0.475138
72461,0.475138
72462,0.475138
72463,0.475138
72464,0.475138
72465,0.475138
72466,0.475138
72467,0.475138
72468,0.475138
72469,0.475138
72470,0.475138
72471,0.475138
72472,0.475138
72473,0.475138
72474,0.475138
72475,0.475138
72476,0.475138
72477,0.475138
72478,0.475138
72479,0.475138
72480,0.475138
72481,0.475138
72482,0.475138
72483,0.475138
72484,0.475138
72485,0.475138
72486,0.475138
72487,0.475138
72488,0.475138
72489,0.475138
72490,0.475138
72491,0.475138
72492,0.475138
72493,0.475138
72494,0.475138
72495,0.475138
72496,0.475138
72497,0.475138
72498,0.475138
72499,0.475138
72500,0.475138
72501,0.475138
72502,0.475138
72503,0.475138
72504,0.475138
72505,0.475138
72506,0.475138
72507,0.475138
72508,0.475138
72509,0.475138
72510,0.475138
72511,0.475138
72512,0.475138
72513,0.475138
72514,0.475138
72515,0.475138
72516,0.475138
72517,0.475138
72518,0.475138
72519,0.475138
72520,0.475138
72521,0.475138
72522,0.475138
72523,0.475138
72524,0.475138
72525,0.475138
72526,0.475138
72527,0.475138
72528,0.475138
72529,0.475138
72530,0.475138
72531,0.475138
72532,0.475138
72533,0.475138
72534,0.475138
72535,0.475138
72536,0.475138
72537,0.475138
72538,0.475138
72539,0.475138
72540,0.475138
72541,0.475138
72542,0.475138
72543,0.475138
72544,0.475138
72545,0.475138
72546,0.475138
72547,0.475138
72548,0.475138
72549,0.475138
72550,0.475138
72551,0.475138
72552,0.475138
72553,0.475138
72554,0.475138
72555,0.475138
72556,0.475138
72557,0.475138
72558,0.475138
72559,0.475138
72560,0.475138
72561,0.475138
72562,0.475138
72563,0.475138
72564,0.475138
72565,0.475138
72566,0.475138
72567,0.475138
72568,0.475138
72569,0.475138
72570,0.475138
72571,0.475138
72572,0.475138
72573,0.475138
72574,0.475138
72575,0.475138
72576,0.475138
72577,0.475138
72578,0.475138
72579,0.475138
72580,0.475138
72581,0.475138
72582,0.475138
72583,0.475138
72584,0.475138
72585,0.475138
72586,0.475138
72587,0.475138
72588,0.475138
72589,0.475138
72590,0.475138
72591,0.475138
72592,0.475138
72593,0.475138
72594,0.475138
72595,0.475138
72596,0.475138
72597,0.475138
72598,0.475138
72599,0.475138
72600,0.475138
72601,0.475138
72602,0.475138
72603,0.475138
72604,0.475138
72605,0.475138
72606,0.475138
72607,0.475138
72608,0.475138
72609,0.475138
72610,0.475138
72611,0.475138
72612,0.475138
72613,0.475138
72614,0.475138
72615,0.475138
72616,0.475138
72617,0.475138
72618,0.475138
72619,0.475138
72620,0.475138
72621,0.475138
72622,0.475138
72623,0.475138
72624,0.475138
72625,0.475138
72626,0.475138
72627,0.475138
72628,0.475138
72629,0.475138
72630,0.475138
72631,0.475138
72632,0.475138
72633,0.475138
72634,0.475138
72635,0.475138
72636,0.475138
72637,0.475138
72638,0.475138
72639,0.475138
72640,0.475138
72641,0.475138
72642,0.475138
72643,0.475138
72644,0.475138
72645,0.475138
72646,0.475138
72647,0.475138
72648,0.475138
72649,0.475138
72650,0.475138
72651,0.475138
72652,0.475138
72653,0.475138
72654,0.475138
72655,0.475138
72656,0.475138
72657,0.475138
72658,0.475138
72659,0.475138
72660,0.475138
72661,0.475138
72662,0.475138
72663,0.475138
72664,0.475138
72665,0.475138
72666,0.475138
72667,0.475138
72668,0.475138
72669,0.475138
72670,0.475138
72671,0.475138
72672,0.475138
72673,0.475138
72674,0.475138
72675,0.475138
72676,0.475138
72677,0.475138
72678,0.475138
72679,0.475138
72680,0.475138
72681,0.475138
72682,0.475138
72683,0.475138
72684,0.475138
72685,0.475138
72686,0.475138
72687,0.475138
72688,0.475138
72689,0.475138
72690,0.475138
72691,0.475138
72692,0.475138
72693,0.475138
72694,0.475138
72695,0.475138
72696,0.475138
72697,0.475138
72698,0.475138
72699,0.475138
72700,0.475138
72701,0.475138
72702,0.475138
72703,0.475138
72704,0.475138
72705,0.475138
72706,0.475138
72707,0.475138
72708,0.475138
72709,0.475138
72710,0.475138
72711,0.475138
72712,0.475138
72713,0.475138
72714,0.475138
72715,0.475138
72716,0.475138
72717,0.475138
72718,0.475138
72719,0.475138
72720,0.475138
72721,0.475138
72722,0.475138
72723,0.475138
72724,0.475138
72725,0.475138
72726,0.475138
72727,0.475138
72728,0.475138
72729,0.475138
72730,0.475138
72731,0.475138
72732,0.475138
72733,0.475138
72734,0.475138
72735,0.475138
72736,0.475138
72737,0.475138
72738,0.475138
72739,0.475138
72740,0.475138
72741,0.475138
72742,0.475138
72743,0.475138
72744,0.475138
72745,0.475138
72746,0.475138
72747,0.475138
72748,0.475138
72749,0.475138
72750,0.475138
72751,0.475138
72752,0.475138
72753,0.475138
72754,0.475138
72755,0.475138
72756,0.475138
72757,0.475138
72758,0.475138
72759,0.475138
72760,0.475138
72761,0.475138
72762,0.475138
72763,0.475138
72764,0.475138
72765,0.475138
72766,0.475138
72767,0.475138
72768,0.475138
72769,0.475138
72770,0.475138
72771,0.475138
72772,0.475138
72773,0.475138
72774,0.475138
72775,0.475138
72776,0.475138
72777,0.475138
72778,0.475138
72779,0.475138
72780,0.475138
72781,0.475138
72782,0.475138
72783,0.475138
72784,0.475138
72785,0.475138
72786,0.475138
72787,0.475138
72788,0.475138
72789,0.475138
72790,0.475138
72791,0.475138
72792,0.475138
72793,0.475138
72794,0.475138
72795,0.475138
72796,0.475138
72797,0.475138
72798,0.475138
72799,0.468892
72800,0.475138
72801,0.475138
72802,0.475138
72803,0.475138
72804,0.475138
72805,0.475138
72806,0.475138
72807,0.475138
72808,0.475138
72809,0.475138
72810,0.475138
72811,0.475138
72812,0.475138
72813,0.475138
72814,0.475138
72815,0.475138
72816,0.475138
72817,0.475138
72818,0.475138
72819,0.475138
72820,0.475138
72821,0.475138
72822,0.475138
72823,0.475138
72824,0.475138
72825,0.475138
72826,0.475138
72827,0.475138
72828,0.475138
72829,0.475138
72830,0.475138
72831,0.475138
72832,0.475138
72833,0.475138
72834,0.475138
72835,0.475138
72836,0.475138
72837,0.475138
72838,0.475138
72839,0.475138
72840,0.475138
72841,0.475138
72842,0.475138
72843,0.475138
72844,0.475138
72845,0.475138
72846,0.475138
72847,0.475138
72848,0.475138
72849,0.475138
72850,0.475138
72851,0.475138
72852,0.475138
72853,0.475138
72854,0.475138
72855,0.475138
72856,0.475138
72857,0.475138
72858,0.475138
72859,0.475138
72860,0.475138
72861,0.475138
72862,0.475138
72863,0.475138
72864,0.475138
72865,0.475138
72866,0.475138
72867,0.475138
72868,0.475138
72869,0.475138
72870,0.475138
72871,0.475138
72872,0.475138
72873,0.475138
72874,0.475138
72875,0.475138
72876,0.475138
72877,0.475138
72878,0.475138
72879,0.475138
72880,0.475138
72881,0.475138
72882,0.475138
72883,0.475138
72884,0.475138
72885,0.475138
72886,0.475138
72887,0.475138
72888,0.475138
72889,0.475138
72890,0.475138
72891,0.475138
72892,0.475138
72893,0.475138
72894,0.475138
72895,0.475138
72896,0.475138
72897,0.475138
72898,0.475138
72899,0.475138
72900,0.475138
72901,0.475138
72902,0.475138
72903,0.475138
72904,0.475138
72905,0.475138
72906,0.475138
72907,0.475138
72908,0.475138
72909,0.475138
72910,0.475138
72911,0.475138
72912,0.475138
72913,0.475138
72914,0.475138
72915,0.475138
72916,0.475138
72917,0.475138
72918,0.475138
72919,0.475138
72920,0.475138
72921,0.475138
72922,0.475138
72923,0.475138
72924,0.475138
72925,0.475138
72926,0.475138
72927,0.475138
72928,0.475138
72929,0.475138
72930,0.475138
72931,0.475138
72932,0.475138
72933,0.475138
72934,0.475138
72935,0.475138
72936,0.475138
72937,0.475138
72938,0.475138
72939,0.475138
72940,0.475138
72941,0.475138
72942,0.475138
72943,0.475138
72944,0.475138
72945,0.475138
72946,0.475138
72947,0.475138
72948,0.475138
72949,0.475138
72950,0.475138
72951,0.475138
72952,0.475138
72953,0.475138
72954,0.475138
72955,0.475138
72956,0.475138
72957,0.475138
72958,0.475138
72959,0.475138
72960,0.475138
72961,0.475138
72962,0.475138
72963,0.475138
72964,0.475138
72965,0.475138
72966,0.475138
72967,0.475138
72968,0.475138
72969,0.475138
72970,0.475138
72971,0.475138
72972,0.475138
72973,0.475138
72974,0.475138
72975,0.475138
72976,0.475138
72977,0.475138
72978,0.475138
72979,0.475138
72980,0.475138
72981,0.475138
72982,0.475138
72983,0.475138
72984,0.475138
72985,0.475138
72986,0.475138
72987,0.475138
72988,0.475138
72989,0.475138
72990,0.475138
72991,0.475138
72992,0.475138
72993,0.475138
72994,0.475138
72995,0.475138
72996,0.475138
72997,0.475138
72998,0.475138
72999,0.475138
73000,0.475138
73001,0.475138
73002,0.475138
73003,0.475138
73004,0.475138
73005,0.475138
73006,0.475138
73007,0.475138
73008,0.475138
73009,0.475138
73010,0.475138
73011,0.475138
73012,0.475138
73013,0.475138
73014,0.475138
73015,0.475138
73016,0.475138
73017,0.475138
73018,0.475138
73019,0.475138
73020,0.475138
73021,0.475138
73022,0.475138
73023,0.475138
73024,0.475138
73025,0.475138
73026,0.475138
73027,0.475138
73028,0.475138
73029,0.475138
73030,0.475138
73031,0.475138
73032,0.475138
73033,0.475138
73034,0.475138
73035,0.475138
73036,0.475138
73037,0.475138
73038,0.475138
73039,0.475138
73040,0.475138
73041,0.475138
73042,0.475138
73043,0.475138
73044,0.475138
73045,0.475138
73046,0.475138
73047,0.475138
73048,0.475138
73049,0.475138
73050,0.475138
73051,0.475138
73052,0.475138
73053,0.475138
73054,0.475138
73055,0.475138
73056,0.475138
73057,0.475138
73058,0.475138
73059,0.475138
73060,0.475138
73061,0.475138
73062,0.475138
73063,0.475138
73064,0.475138
73065,0.475138
73066,0.475138
73067,0.475138
73068,0.475138
73069,0.475138
73070,0.475138
73071,0.475138
73072,0.475138
73073,0.475138
73074,0.475138
73075,0.475138
73076,0.475138
73077,0.475138
73078,0.475138
73079,0.475138
73080,0.475138
73081,0.475138
73082,0.475138
73083,0.475138
73084,0.475138
73085,0.475138
73086,0.475138
73087,0.475138
73088,0.475138
73089,0.475138
73090,0.475138
73091,0.475138
73092,0.475138
73093,0.475138
73094,0.475138
73095,0.475138
73096,0.475138
73097,0.475138
73098,0.475138
73099,0.475138
73100,0.475138
73101,0.475138
73102,0.475138
73103,0.475138
73104,0.475138
73105,0.475138
73106,0.475138
73107,0.475138
73108,0.475138
73109,0.475138
73110,0.475138
73111,0.475138
73112,0.475138
73113,0.475138
73114,0.475138
73115,0.475138
73116,0.475138
73117,0.475138
73118,0.475138
73119,0.475138
73120,0.475138
73121,0.475138
73122,0.475138
73123,0.475138
73124,0.475138
73125,0.475138
73126,0.475138
73127,0.475138
73128,0.475138
73129,0.475138
73130,0.475138
73131,0.475138
73132,0.475138
73133,0.475138
73134,0.475138
73135,0.475138
73136,0.475138
73137,0.475138
73138,0.475138
73139,0.475138
73140,0.475138
73141,0.475138
73142,0.475138
73143,0.475138
73144,0.475138
73145,0.475138
73146,0.475138
73147,0.475138
73148,0.475138
73149,0.475138
73150,0.475138
73151,0.475138
73152,0.475138
73153,0.475138
73154,0.475138
73155,0.475138
73156,0.475138
73157,0.475138
73158,0.475138
73159,0.475138
73160,0.475138
73161,0.475138
73162,0.475138
73163,0.475138
73164,0.475138
73165,0.475138
73166,0.475138
73167,0.475138
73168,0.475138
73169,0.475138
73170,0.475138
73171,0.475138
73172,0.475138
73173,0.475138
73174,0.475138
73175,0.475138
73176,0.475138
73177,0.475138
73178,0.475138
73179,0.475138
73180,0.475138
73181,0.475138
73182,0.475138
73183,0.475138
73184,0.475138
73185,0.475138
73186,0.475138
73187,0.475138
73188,0.475138
73189,0.475138
73190,0.475138
73191,0.475138
73192,0.475138
73193,0.475138
73194,0.475138
73195,0.475138
73196,0.475138
73197,0.475138
73198,0.475138
73199,0.475138
73200,0.475138
73201,0.475138
73202,0.475138
73203,0.475138
73204,0.475138
73205,0.475138
73206,0.475138
73207,0.475138
73208,0.475138
73209,0.475138
73210,0.475138
73211,0.475138
73212,0.475138
73213,0.475138
73214,0.475138
73215,0.475138
73216,0.475138
73217,0.475138
73218,0.475138
73219,0.475138
73220,0.475138
73221,0.475138
73222,0.475138
73223,0.475138
73224,0.475138
73225,0.475138
73226,0.475138
73227,0.475138
73228,0.475138
73229,0.475138
73230,0.475138
73231,0.475138
73232,0.475138
73233,0.475138
73234,0.475138
73235,0.475138
73236,0.475138
73237,0.475138
73238,0.475138
73239,0.475138
73240,0.475138
73241,0.475138
73242,0.475138
73243,0.475138
73244,0.475138
73245,0.475138
73246,0.475138
73247,0.475138
73248,0.475138
73249,0.475138
73250,0.475138
73251,0.475138
73252,0.475138
73253,0.475138
73254,0.475138
73255,0.475138
73256,0.475138
73257,0.475138
73258,0.475138
73259,0.475138
73260,0.475138
73261,0.475138
73262,0.475138
73263,0.475138
73264,0.475138
73265,0.475138
73266,0.475138
73267,0.475138
73268,0.475138
73269,0.475138
73270,0.475138
73271,0.475138
73272,0.475138
73273,0.475138
73274,0.475138
73275,0.475138
73276,0.475138
73277,0.475138
73278,0.475138
73279,0.475138
73280,0.475138
73281,0.475138
73282,0.475138
73283,0.475138
73284,0.475138
73285,0.475138
73286,0.475138
73287,0.475138
73288,0.475138
73289,0.475138
73290,0.475138
73291,0.475138
73292,0.475138
73293,0.475138
73294,0.475138
73295,0.475138
73296,0.475138
73297,0.475138
73298,0.475138
73299,0.475138
73300,0.475138
73301,0.475138
73302,0.475138
73303,0.475138
73304,0.475138
73305,0.475138
73306,0.475138
73307,0.475138
73308,0.475138
73309,0.475138
73310,0.475138
73311,0.475138
73312,0.475138
73313,0.475138
73314,0.475138
73315,0.475138
73316,0.475138
73317,0.475138
73318,0.475138
73319,0.475138
73320,0.475138
73321,0.475138
73322,0.475138
73323,0.475138
73324,0.475138
73325,0.475138
73326,0.475138
73327,0.475138
73328,0.475138
73329,0.475138
73330,0.475138
73331,0.475138
73332,0.475138
73333,0.472383
73334,0.475138
73335,0.475138
73336,0.475138
73337,0.475138
73338,0.475138
73339,0.475138
73340,0.475138
73341,0.475138
73342,0.475138
73343,0.475138
73344,0.475138
73345,0.475138
73346,0.475138
73347,0.475138
73348,0.475138
73349,0.475138
73350,0.475138
73351,0.475138
73352,0.475138
73353,0.475138
73354,0.475138
73355,0.475138
73356,0.475138
73357,0.475138
73358,0.475138
73359,0.475138
73360,0.475138
73361,0.475138
73362,0.475138
73363,0.475138
73364,0.475138
73365,0.475138
73366,0.475138
73367,0.475138
73368,0.475138
73369,0.475138
73370,0.475138
73371,0.475138
73372,0.475138
73373,0.475138
73374,0.475138
73375,0.475138
73376,0.475138
73377,0.475138
73378,0.475138
73379,0.475138
73380,0.475138
73381,0.475138
73382,0.475138
73383,0.475138
73384,0.475138
73385,0.475138
73386,0.475138
73387,0.475138
73388,0.475138
73389,0.475138
73390,0.475138
73391,0.475138
73392,0.475138
73393,0.475138
73394,0.475138
73395,0.475138
73396,0.475138
73397,0.475138
73398,0.475138
73399,0.475138
73400,0.475138
73401,0.475138
73402,0.475138
73403,0.475138
73404,0.475138
73405,0.475138
73406,0.475138
73407,0.475138
73408,0.475138
73409,0.475138
73410,0.475138
73411,0.475138
73412,0.475138
73413,0.475138
73414,0.475138
73415,0.475138
73416,0.475138
73417,0.475138
73418,0.475138
73419,0.475138
73420,0.475138
73421,0.475138
73422,0.475138
73423,0.475138
73424,0.475138
73425,0.475138
73426,0.475138
73427,0.475138
73428,0.475138
73429,0.475138
73430,0.475138
73431,0.475138
73432,0.475138
73433,0.475138
73434,0.475138
73435,0.475138
73436,0.475138
73437,0.475138
73438,0.475138
73439,0.475138
73440,0.475138
73441,0.475138
73442,0.475138
73443,0.475138
73444,0.475138
73445,0.475138
73446,0.475138
73447,0.475138
73448,0.475138
73449,0.475138
73450,0.475138
73451,0.475138
73452,0.475138
73453,0.475138
73454,0.475138
73455,0.475138
73456,0.475138
73457,0.475138
73458,0.475138
73459,0.475138
73460,0.475138
73461,0.475138
73462,0.475138
73463,0.475138
73464,0.475138
73465,0.475138
73466,0.475138
73467,0.475138
73468,0.475138
73469,0.475138
73470,0.475138
73471,0.475138
73472,0.475138
73473,0.475138
73474,0.475138
73475,0.475138
73476,0.475138
73477,0.475138
73478,0.475138
73479,0.475138
73480,0.475138
73481,0.475138
73482,0.475138
73483,0.475138
73484,0.475138
73485,0.475138
73486,0.475138
73487,0.475138
73488,0.475138
73489,0.475138
73490,0.475138
73491,0.475138
73492,0.475138
73493,0.475138
73494,0.475138
73495,0.475138
73496,0.475138
73497,0.475138
73498,0.475138
73499,0.475138
73500,0.475138
73501,0.475138
73502,0.475138
73503,0.475138
73504,0.475138
73505,0.475138
73506,0.475138
73507,0.475138
73508,0.475138
73509,0.475138
73510,0.475138
73511,0.475138
73512,0.475138
73513,0.475138
73514,0.475138
73515,0.475138
73516,0.475138
73517,0.475138
73518,0.475138
73519,0.475138
73520,0.475138
73521,0.475138
73522,0.475138
73523,0.475138
73524,0.475138
73525,0.475138
73526,0.475138
73527,0.475138
73528,0.475138
73529,0.475138
73530,0.475138
73531,0.475138
73532,0.475138
73533,0.475138
73534,0.475138
73535,0.475138
73536,0.475138
73537,0.475138
73538,0.475138
73539,0.475138
73540,0.475138
73541,0.475138
73542,0.475138
73543,0.475138
73544,0.475138
73545,0.475138
73546,0.475138
73547,0.475138
73548,0.475138
73549,0.475138
73550,0.475138
73551,0.475138
73552,0.475138
73553,0.475138
73554,0.475138
73555,0.475138
73556,0.475138
73557,0.475138
73558,0.475138
73559,0.475138
73560,0.475138
73561,0.475138
73562,0.475138
73563,0.475138
73564,0.475138
73565,0.475138
73566,0.475138
73567,0.475138
73568,0.475138
73569,0.475138
73570,0.475138
73571,0.475138
73572,0.475138
73573,0.475138
73574,0.475138
73575,0.475138
73576,0.475138
73577,0.475138
73578,0.475138
73579,0.475138
73580,0.475138
73581,0.475138
73582,0.475138
73583,0.475138
73584,0.475138
73585,0.475138
73586,0.475138
73587,0.475138
73588,0.475138
73589,0.475138
73590,0.475138
73591,0.475138
73592,0.475138
73593,0.475138
73594,0.475138
73595,0.475138
73596,0.475138
73597,0.475138
73598,0.475138
73599,0.475138
73600,0.475138
73601,0.472211
73602,0.475475
73603,0.475475
73604,0.475475
73605,0.475475
73606,0.475475
73607,0.475138
73608,0.475138
73609,0.475138
73610,0.475138
73611,0.475138
73612,0.475138
73613,0.475138
73614,0.475138
73615,0.475138
73616,0.475138
73617,0.475138
73618,0.475138
73619,0.475138
73620,0.475138
73621,0.475138
73622,0.475138
73623,0.475138
73624,0.475138
73625,0.475138
73626,0.471713
73627,0.475138
73628,0.475138
73629,0.475138
73630,0.475138
73631,0.475138
73632,0.475138
73633,0.475138
73634,0.475138
73635,0.475138
73636,0.475138
73637,0.475138
73638,0.475138
73639,0.475138
73640,0.475138
73641,0.475138
73642,0.475138
73643,0.475138
73644,0.475138
73645,0.475138
73646,0.475138
73647,0.475138
73648,0.475138
73649,0.475138
73650,0.475138
73651,0.475138
73652,0.475138
73653,0.475138
73654,0.475138
73655,0.475138
73656,0.475138
73657,0.475138
73658,0.475138
73659,0.475138
73660,0.475138
73661,0.475138
73662,0.475138
73663,0.475138
73664,0.475138
73665,0.475138
73666,0.475138
73667,0.475138
73668,0.475138
73669,0.475138
73670,0.475138
73671,0.475138
73672,0.475138
73673,0.475138
73674,0.475138
73675,0.475138
73676,0.475138
73677,0.475138
73678,0.475138
73679,0.475138
73680,0.475138
73681,0.475138
73682,0.475138
73683,0.475138
73684,0.475138
73685,0.475138
73686,0.475138
73687,0.475138
73688,0.475138
73689,0.475138
73690,0.475138
73691,0.475138
73692,0.475138
73693,0.475138
73694,0.475138
73695,0.475138
73696,0.475138
73697,0.475138
73698,0.475138
73699,0.475138
73700,0.475138
73701,0.475138
73702,0.475138
73703,0.475138
73704,0.475138
73705,0.475138
73706,0.475138
73707,0.475138
73708,0.475138
73709,0.475138
73710,0.475138
73711,0.475138
73712,0.475138
73713,0.475138
73714,0.475138
73715,0.475138
73716,0.475138
73717,0.475138
73718,0.475138
73719,0.475138
73720,0.475138
73721,0.475138
73722,0.475138
73723,0.475138
73724,0.475138
73725,0.475138
73726,0.475138
73727,0.475138
73728,0.475138
73729,0.475138
73730,0.475138
73731,0.475138
73732,0.475138
73733,0.475138
73734,0.475138
73735,0.475138
73736,0.475138
73737,0.475138
73738,0.475138
73739,0.475138
73740,0.475138
73741,0.475138
73742,0.475138
73743,0.475138
73744,0.475138
73745,0.475138
73746,0.475138
73747,0.475138
73748,0.475138
73749,0.475138
73750,0.475138
73751,0.475138
73752,0.475138
73753,0.475138
73754,0.475138
73755,0.475138
73756,0.475138
73757,0.475138
73758,0.475138
73759,0.475138
73760,0.475138
73761,0.475138
73762,0.475138
73763,0.475138
73764,0.475138
73765,0.475138
73766,0.475138
73767,0.475138
73768,0.475138
73769,0.475138
73770,0.475138
73771,0.475138
73772,0.475138
73773,0.475138
73774,0.475138
73775,0.475138
73776,0.475138
73777,0.475138
73778,0.475138
73779,0.475138
73780,0.475138
73781,0.475138
73782,0.475138
73783,0.475138
73784,0.475138
73785,0.475138
73786,0.475138
73787,0.475138
73788,0.475138
73789,0.475138
73790,0.475138
73791,0.475138
73792,0.475138
73793,0.475138
73794,0.475138
73795,0.475138
73796,0.475138
73797,0.475138
73798,0.475138
73799,0.475138
73800,0.475138
73801,0.475138
73802,0.475138
73803,0.475138
73804,0.475138
73805,0.475138
73806,0.475138
73807,0.475138
73808,0.475138
73809,0.475138
73810,0.475138
73811,0.475138
73812,0.475138
73813,0.475138
73814,0.475138
73815,0.475138
73816,0.475138
73817,0.475138
73818,0.475138
73819,0.475138
73820,0.475138
73821,0.475138
73822,0.475138
73823,0.475138
73824,0.475138
73825,0.475138
73826,0.475138
73827,0.475138
73828,0.475138
73829,0.475138
73830,0.475138
73831,0.475138
73832,0.475138
73833,0.475138
73834,0.475138
73835,0.475138
73836,0.475138
73837,0.475138
73838,0.475138
73839,0.475138
73840,0.475138
73841,0.475138
73842,0.475138
73843,0.475138
73844,0.475138
73845,0.475138
73846,0.475138
73847,0.475138
73848,0.475138
73849,0.475138
73850,0.475138
73851,0.475138
73852,0.475138
73853,0.475138
73854,0.475138
73855,0.475138
73856,0.475138
73857,0.475138
73858,0.475138
73859,0.475138
73860,0.475138
73861,0.475138
73862,0.475138
73863,0.475138
73864,0.475138
73865,0.475138
73866,0.475138
73867,0.475138
73868,0.475138
73869,0.475138
73870,0.475138
73871,0.475138
73872,0.475138
73873,0.475138
73874,0.475138
73875,0.475138
73876,0.475138
73877,0.475138
73878,0.475138
73879,0.475138
73880,0.475138
73881,0.475138
73882,0.475138
73883,0.475138
73884,0.475138
73885,0.475138
73886,0.475138
73887,0.475138
73888,0.475138
73889,0.475138
73890,0.475138
73891,0.475138
73892,0.475138
73893,0.475138
73894,0.475138
73895,0.475138
73896,0.475138
73897,0.475138
73898,0.475138
73899,0.475138
73900,0.475138
73901,0.475138
73902,0.475138
73903,0.475138
73904,0.475138
73905,0.475138
73906,0.475138
73907,0.475138
73908,0.475138
73909,0.475138
73910,0.475138
73911,0.475138
73912,0.475138
73913,0.475138
73914,0.475138
73915,0.475138
73916,0.475138
73917,0.475138
73918,0.475138
73919,0.475138
73920,0.475138
73921,0.475138
73922,0.475138
73923,0.475138
73924,0.475138
73925,0.475138
73926,0.475138
73927,0.475138
73928,0.475138
73929,0.475138
73930,0.475138
73931,0.475138
73932,0.475138
73933,0.475138
73934,0.475138
73935,0.475138
73936,0.475138
73937,0.475138
73938,0.475138
73939,0.475138
73940,0.475138
73941,0.475138
73942,0.475138
73943,0.475138
73944,0.475138
73945,0.475138
73946,0.475138
73947,0.475138
73948,0.475138
73949,0.475138
73950,0.475138
73951,0.475138
73952,0.475138
73953,0.475138
73954,0.475138
73955,0.475138
73956,0.475138
73957,0.475138
73958,0.475138
73959,0.475138
73960,0.475138
73961,0.475138
73962,0.475138
73963,0.475138
73964,0.475138
73965,0.475138
73966,0.475138
73967,0.475138
73968,0.475138
73969,0.475138
73970,0.475138
73971,0.475138
73972,0.475138
73973,0.475138
73974,0.475138
73975,0.475138
73976,0.475138
73977,0.475138
73978,0.475138
73979,0.475138
73980,0.475138
73981,0.475138
73982,0.475138
73983,0.475138
73984,0.475138
73985,0.475138
73986,0.475138
73987,0.475138
73988,0.475138
73989,0.475138
73990,0.475138
73991,0.475138
73992,0.475138
73993,0.475138
73994,0.475138
73995,0.475138
73996,0.475138
73997,0.475138
73998,0.475138
73999,0.475138
74000,0.475138
74001,0.475138
74002,0.475138
74003,0.475138
74004,0.475138
74005,0.475138
74006,0.475138
74007,0.475138
74008,0.475138
74009,0.475138
74010,0.475138
74011,0.475138
74012,0.475138
74013,0.475138
74014,0.475138
74015,0.475138
74016,0.475138
74017,0.475138
74018,0.475138
74019,0.475138
74020,0.475138
74021,0.475138
74022,0.475138
74023,0.475138
74024,0.475138
74025,0.475138
74026,0.475138
74027,0.475138
74028,0.475138
74029,0.475138
74030,0.475138
74031,0.475138
74032,0.475138
74033,0.475138
74034,0.475138
74035,0.475138
74036,0.475138
74037,0.475138
74038,0.475138
74039,0.475138
74040,0.475138
74041,0.475138
74042,0.475138
74043,0.475138
74044,0.475138
74045,0.475138
74046,0.475138
74047,0.475138
74048,0.475138
74049,0.475138
74050,0.475138
74051,0.475138
74052,0.475138
74053,0.475138
74054,0.475138
74055,0.475138
74056,0.475138
74057,0.475138
74058,0.475138
74059,0.475138
74060,0.475138
74061,0.475138
74062,0.475138
74063,0.475138
74064,0.475138
74065,0.475138
74066,0.475138
74067,0.475138
74068,0.475138
74069,0.475138
74070,0.475138
74071,0.475138
74072,0.475138
74073,0.475138
74074,0.475138
74075,0.475138
74076,0.475138
74077,0.475138
74078,0.475138
74079,0.475138
74080,0.475138
74081,0.475138
74082,0.475138
74083,0.475138
74084,0.475138
74085,0.475138
74086,0.475138
74087,0.475138
74088,0.475138
74089,0.475138
74090,0.475138
74091,0.475138
74092,0.475138
74093,0.475138
74094,0.475138
74095,0.475138
74096,0.475138
74097,0.475138
74098,0.475138
74099,0.475138
74100,0.475138
74101,0.475138
74102,0.475138
74103,0.475138
74104,0.475138
74105,0.475138
74106,0.475138
74107,0.475138
74108,0.475138
74109,0.475138
74110,0.475138
74111,0.475138
74112,0.475138
74113,0.475138
74114,0.475138
74115,0.475138
74116,0.475138
74117,0.475138
74118,0.475138
74119,0.475138
74120,0.475138
74121,0.475138
74122,0.475138
74123,0.475138
74124,0.475138
74125,0.475138
74126,0.475138
74127,0.475138
74128,0.475138
74129,0.475138
74130,0.475138
74131,0.475138
74132,0.475138
74133,0.475138
74134,0.475138
74135,0.475138
74136,0.475138
74137,0.475138
74138,0.475138
74139,0.475138
74140,0.475138
74141,0.475138
74142,0.475138
74143,0.475138
74144,0.475138
74145,0.475138
74146,0.475138
74147,0.475138
74148,0.475138
74149,0.475138
74150,0.475138
74151,0.475138
74152,0.475138
74153,0.475138
74154,0.475138
74155,0.475138
74156,0.475138
74157,0.475138
74158,0.475138
74159,0.475138
74160,0.475138
74161,0.475138
74162,0.475138
74163,0.475138
74164,0.475138
74165,0.475138
74166,0.475138
74167,0.475138
74168,0.475138
74169,0.475138
74170,0.475138
74171,0.475138
74172,0.475138
74173,0.475138
74174,0.475138
74175,0.475138
74176,0.475138
74177,0.475138
74178,0.475138
74179,0.475138
74180,0.475138
74181,0.475138
74182,0.475138
74183,0.475138
74184,0.475138
74185,0.475138
74186,0.475138
74187,0.475138
74188,0.475138
74189,0.475138
74190,0.475138
74191,0.475138
74192,0.475138
74193,0.475138
74194,0.475138
74195,0.475138
74196,0.475138
74197,0.475138
74198,0.475138
74199,0.475138
74200,0.475138
74201,0.475138
74202,0.475138
74203,0.475138
74204,0.475138
74205,0.475138
74206,0.475138
74207,0.475138
74208,0.475138
74209,0.475138
74210,0.475138
74211,0.475138
74212,0.475138
74213,0.475138
74214,0.475138
74215,0.475138
74216,0.475138
74217,0.475138
74218,0.475138
74219,0.475138
74220,0.475138
74221,0.475138
74222,0.475138
74223,0.475138
74224,0.475138
74225,0.475138
74226,0.475138
74227,0.475138
74228,0.475138
74229,0.475138
74230,0.475138
74231,0.475138
74232,0.475138
74233,0.475138
74234,0.475138
74235,0.475138
74236,0.475138
74237,0.475138
74238,0.475138
74239,0.475138
74240,0.475138
74241,0.475138
74242,0.475138
74243,0.475138
74244,0.475138
74245,0.475138
74246,0.475138
74247,0.475138
74248,0.475138
74249,0.475138
74250,0.475138
74251,0.475138
74252,0.475138
74253,0.475138
74254,0.475138
74255,0.475138
74256,0.475138
74257,0.475138
74258,0.475138
74259,0.475138
74260,0.475138
74261,0.475138
74262,0.475138
74263,0.475138
74264,0.475138
74265,0.475138
74266,0.475138
74267,0.475138
74268,0.475138
74269,0.475138
74270,0.475138
74271,0.475138
74272,0.475138
74273,0.475138
74274,0.475138
74275,0.475138
74276,0.475138
74277,0.475138
74278,0.475138
74279,0.475138
74280,0.475138
74281,0.475138
74282,0.475138
74283,0.475138
74284,0.475138
74285,0.475138
74286,0.475138
74287,0.475138
74288,0.475138
74289,0.475138
74290,0.475138
74291,0.475138
74292,0.475138
74293,0.475138
74294,0.475138
74295,0.475138
74296,0.475138
74297,0.475138
74298,0.475138
74299,0.475138
74300,0.475138
74301,0.475138
74302,0.475138
74303,0.475138
74304,0.475138
74305,0.475138
74306,0.475138
74307,0.475138
74308,0.475138
74309,0.475138
74310,0.475138
74311,0.475138
74312,0.475138
74313,0.475138
74314,0.475138
74315,0.475138
74316,0.475138
74317,0.475138
74318,0.475138
74319,0.475138
74320,0.475138
74321,0.475138
74322,0.475138
74323,0.475138
74324,0.475138
74325,0.475138
74326,0.475138
74327,0.475138
74328,0.475138
74329,0.475138
74330,0.475138
74331,0.475138
74332,0.475138
74333,0.475138
74334,0.475138
74335,0.475138
74336,0.475138
74337,0.475138
74338,0.475138
74339,0.475138
74340,0.475138
74341,0.475138
74342,0.475138
74343,0.475138
74344,0.475138
74345,0.475138
74346,0.475138
74347,0.475138
74348,0.475138
74349,0.475138
74350,0.475138
74351,0.475138
74352,0.475138
74353,0.475138
74354,0.475138
74355,0.475138
74356,0.475138
74357,0.475138
74358,0.475138
74359,0.475138
74360,0.475138
74361,0.475138
74362,0.475138
74363,0.475138
74364,0.475138
74365,0.475138
74366,0.475138
74367,0.475138
74368,0.475138
74369,0.475138
74370,0.475138
74371,0.474970
74372,0.474970
74373,0.474970
74374,0.475138
74375,0.475138
74376,0.475138
74377,0.475138
74378,0.475138
74379,0.475138
74380,0.475138
74381,0.475138
74382,0.475138
74383,0.475138
74384,0.475138
74385,0.475138
74386,0.475138
74387,0.475138
74388,0.475138
74389,0.475138
74390,0.475138
74391,0.475138
74392,0.475138
74393,0.475138
74394,0.475138
74395,0.475138
74396,0.475138
74397,0.475138
74398,0.475138
74399,0.475138
74400,0.475138
74401,0.475138
74402,0.475138
74403,0.475138
74404,0.475138
74405,0.475138
74406,0.475138
74407,0.475138
74408,0.475138
74409,0.475138
74410,0.475138
74411,0.475138
74412,0.475138
74413,0.475138
74414,0.475138
74415,0.475138
74416,0.475138
74417,0.475138
74418,0.475138
74419,0.475138
74420,0.475138
74421,0.475138
74422,0.475138
74423,0.468892
74424,0.475138
74425,0.475138
74426,0.475138
74427,0.475138
74428,0.475138
74429,0.475138
74430,0.475138
74431,0.475138
74432,0.475138
74433,0.475138
74434,0.475138
74435,0.475138
74436,0.475138
74437,0.475138
74438,0.475138
74439,0.475138
74440,0.475138
74441,0.475138
74442,0.475138
74443,0.475138
74444,0.475138
74445,0.475138
74446,0.475138
74447,0.475138
74448,0.475138
74449,0.475138
74450,0.475138
74451,0.475138
74452,0.475138
74453,0.475138
74454,0.475138
74455,0.475138
74456,0.475138
74457,0.475138
74458,0.475138
74459,0.475138
74460,0.475138
74461,0.475138
74462,0.475138
74463,0.475138
74464,0.475138
74465,0.475138
74466,0.475138
74467,0.475138
74468,0.475138
74469,0.475138
74470,0.475138
74471,0.475138
74472,0.475138
74473,0.475138
74474,0.475138
74475,0.475138
74476,0.475138
74477,0.475138
74478,0.475138
74479,0.475138
74480,0.475138
74481,0.475138
74482,0.475138
74483,0.475138
74484,0.475138
74485,0.475138
74486,0.475138
74487,0.475138
74488,0.475138
74489,0.475138
74490,0.475138
74491,0.475138
74492,0.475138
74493,0.475138
74494,0.475138
74495,0.475138
74496,0.475138
74497,0.475138
74498,0.475138
74499,0.475138
74500,0.475138
74501,0.475138
74502,0.475138
74503,0.475138
74504,0.475138
74505,0.475138
74506,0.475138
74507,0.475138
74508,0.475138
74509,0.475138
74510,0.475138
74511,0.475138
74512,0.475138
74513,0.475138
74514,0.475138
74515,0.475138
74516,0.475138
74517,0.475138
74518,0.475138
74519,0.475138
74520,0.475138
74521,0.475138
74522,0.475138
74523,0.475138
74524,0.475138
74525,0.475138
74526,0.475138
74527,0.475138
74528,0.475138
74529,0.475138
74530,0.475138
74531,0.475138
74532,0.475138
74533,0.475138
74534,0.475138
74535,0.475138
74536,0.475138
74537,0.475138
74538,0.475138
74539,0.475138
74540,0.475138
74541,0.475138
74542,0.475138
74543,0.475138
74544,0.475138
74545,0.475138
74546,0.475138
74547,0.475138
74548,0.475138
74549,0.475138
74550,0.475138
74551,0.475138
74552,0.475138
74553,0.475138
74554,0.475138
74555,0.475138
74556,0.475138
74557,0.475138
74558,0.475138
74559,0.475138
74560,0.475138
74561,0.475138
74562,0.475138
74563,0.475138
74564,0.475138
74565,0.475138
74566,0.475138
74567,0.475138
74568,0.475138
74569,0.475138
74570,0.475138
74571,0.475138
74572,0.475138
74573,0.475138
74574,0.475138
74575,0.475138
74576,0.475138
74577,0.475138
74578,0.475138
74579,0.475138
74580,0.475138
74581,0.475138
74582,0.475138
74583,0.475138
74584,0.476880
74585,0.476880
74586,0.476880
74587,0.476880
74588,0.476880
74589,0.475475
74590,0.475475
74591,0.475475
74592,0.475475
74593,0.475475
74594,0.475138
74595,0.475138
74596,0.475138
74597,0.475138
74598,0.475138
74599,0.475138
74600,0.475138
74601,0.475138
74602,0.475138
74603,0.475138
74604,0.475138
74605,0.475138
74606,0.475138
74607,0.475138
74608,0.475138
74609,0.475138
74610,0.475138
74611,0.475138
74612,0.475138
74613,0.475138
74614,0.475138
74615,0.475138
74616,0.475138
74617,0.475138
74618,0.475138
74619,0.475138
74620,0.475138
74621,0.475138
74622,0.475138
74623,0.475138
74624,0.475138
74625,0.475138
74626,0.475138
74627,0.475138
74628,0.475138
74629,0.475138
74630,0.475138
74631,0.475138
74632,0.475138
74633,0.475138
74634,0.475138
74635,0.475138
74636,0.475138
74637,0.475138
74638,0.475138
74639,0.475138
74640,0.475138
74641,0.475138
74642,0.475138
74643,0.475138
74644,0.475138
74645,0.475138
74646,0.475138
74647,0.475138
74648,0.475138
74649,0.475138
74650,0.475138
74651,0.475138
74652,0.475138
74653,0.475138
74654,0.475138
74655,0.475138
74656,0.475138
74657,0.475138
74658,0.475138
74659,0.475138
74660,0.475138
74661,0.475138
74662,0.475138
74663,0.475138
74664,0.475138
74665,0.475138
74666,0.475138
74667,0.475138
74668,0.475138
74669,0.475138
74670,0.475138
74671,0.475138
74672,0.475138
74673,0.475138
74674,0.475138
74675,0.475138
74676,0.475138
74677,0.475138
74678,0.475138
74679,0.475138
74680,0.475138
74681,0.475138
74682,0.475138
74683,0.475138
74684,0.475138
74685,0.475138
74686,0.475138
74687,0.475138
74688,0.475138
74689,0.475138
74690,0.475138
74691,0.475138
74692,0.475138
74693,0.475138
74694,0.475138
74695,0.475138
74696,0.475138
74697,0.475138
74698,0.475138
74699,0.475138
74700,0.475138
74701,0.475138
74702,0.475138
74703,0.475138
74704,0.475138
74705,0.475138
74706,0.475138
74707,0.475138
74708,0.475138
74709,0.475138
74710,0.475138
74711,0.475138
74712,0.475138
74713,0.475138
74714,0.475138
74715,0.475138
74716,0.475138
74717,0.475138
74718,0.475138
74719,0.475138
74720,0.475138
74721,0.475138
74722,0.475138
74723,0.475138
74724,0.475138
74725,0.475138
74726,0.475138
74727,0.475138
74728,0.475138
74729,0.475138
74730,0.475138
74731,0.475138
74732,0.475138
74733,0.475138
74734,0.475138
74735,0.475138
74736,0.475138
74737,0.475138
74738,0.475138
74739,0.475138
74740,0.475138
74741,0.475138
74742,0.475138
74743,0.475138
74744,0.475138
74745,0.475138
74746,0.475138
74747,0.475138
74748,0.475138
74749,0.475138
74750,0.475138
74751,0.475138
74752,0.475138
74753,0.475138
74754,0.475138
74755,0.475138
74756,0.475138
74757,0.475138
74758,0.475138
74759,0.475138
74760,0.475138
74761,0.475138
74762,0.475138
74763,0.475138
74764,0.475138
74765,0.475138
74766,0.475138
74767,0.475138
74768,0.475138
74769,0.475138
74770,0.475138
74771,0.475138
74772,0.475138
74773,0.475138
74774,0.475138
74775,0.475138
74776,0.475138
74777,0.475138
74778,0.475138
74779,0.475138
74780,0.475138
74781,0.475138
74782,0.475138
74783,0.475138
74784,0.475138
74785,0.475138
74786,0.475138
74787,0.475138
74788,0.475138
74789,0.475138
74790,0.475138
74791,0.475138
74792,0.475138
74793,0.475138
74794,0.475138
74795,0.475138
74796,0.475138
74797,0.475138
74798,0.475138
74799,0.475138
74800,0.475138
74801,0.475138
74802,0.475138
74803,0.475138
74804,0.475138
74805,0.475138
74806,0.475138
74807,0.475138
74808,0.475138
74809,0.475138
74810,0.475138
74811,0.475138
74812,0.475138
74813,0.475138
74814,0.475138
74815,0.475138
74816,0.475138
74817,0.475138
74818,0.475138
74819,0.475138
74820,0.475138
74821,0.475138
74822,0.475138
74823,0.475138
74824,0.475138
74825,0.475138
74826,0.475138
74827,0.475138
74828,0.475138
74829,0.475138
74830,0.475138
74831,0.475138
74832,0.475138
74833,0.475138
74834,0.475138
74835,0.475138
74836,0.475138
74837,0.475138
74838,0.475138
74839,0.475138
74840,0.475138
74841,0.475138
74842,0.475138
74843,0.475138
74844,0.475138
74845,0.475138
74846,0.475138
74847,0.475138
74848,0.475138
74849,0.475138
74850,0.475138
74851,0.475138
74852,0.475138
74853,0.475138
74854,0.475138
74855,0.475138
74856,0.475138
74857,0.475138
74858,0.475138
74859,0.475138
74860,0.475138
74861,0.475138
74862,0.475138
74863,0.475138
74864,0.475138
74865,0.475138
74866,0.475138
74867,0.475138
74868,0.475138
74869,0.475138
74870,0.475138
74871,0.475138
74872,0.475138
74873,0.475138
74874,0.475138
74875,0.475138
74876,0.475138
74877,0.475138
74878,0.475138
74879,0.475138
74880,0.475138
74881,0.475138
74882,0.475138
74883,0.475138
74884,0.475138
74885,0.475138
74886,0.475138
74887,0.475138
74888,0.475138
74889,0.475138
74890,0.475138
74891,0.475138
74892,0.475138
74893,0.475138
74894,0.475138
74895,0.475138
74896,0.475138
74897,0.475138
74898,0.475138
74899,0.475138
74900,0.475138
74901,0.475138
74902,0.475138
74903,0.475138
74904,0.475138
74905,0.475138
74906,0.475138
74907,0.475138
74908,0.475138
74909,0.475138
74910,0.475138
74911,0.475138
74912,0.475138
74913,0.475138
74914,0.475138
74915,0.475138
74916,0.475138
74917,0.475138
74918,0.475138
74919,0.475138
74920,0.475138
74921,0.475138
74922,0.475138
74923,0.475138
74924,0.475138
74925,0.475138
74926,0.475138
74927,0.475138
74928,0.475138
74929,0.475138
74930,0.475138
74931,0.475138
74932,0.475138
74933,0.475138
74934,0.475138
74935,0.475138
74936,0.475138
74937,0.475138
74938,0.475138
74939,0.475138
74940,0.475138
74941,0.475138
74942,0.475138
74943,0.475138
74944,0.475138
74945,0.475138
74946,0.475138
74947,0.475138
74948,0.475138
74949,0.475138
74950,0.475138
74951,0.475138
74952,0.475138
74953,0.475138
74954,0.475138
74955,0.475138
74956,0.475138
74957,0.475138
74958,0.475138
74959,0.475138
74960,0.475138
74961,0.475138
74962,0.475138
74963,0.475138
74964,0.475138
74965,0.475138
74966,0.475138
74967,0.475138
74968,0.475138
74969,0.475138
74970,0.475138
74971,0.475138
74972,0.475138
74973,0.475138
74974,0.475138
74975,0.475138
74976,0.475138
74977,0.475138
74978,0.475138
74979,0.475138
74980,0.475138
74981,0.475138
74982,0.475138
74983,0.475138
74984,0.475138
74985,0.475138
74986,0.475138
74987,0.475138
74988,0.475138
74989,0.475138
74990,0.475138
74991,0.475138
74992,0.475138
74993,0.475138
74994,0.475138
74995,0.475138
74996,0.475138
74997,0.475138
74998,0.475138
74999,0.475138
75000,0.475138
75001,0.475138
75002,0.475138
75003,0.475138
75004,0.475138
75005,0.475138
75006,0.475138
75007,0.475138
75008,0.475138
75009,0.475138
75010,0.475138
75011,0.475138
75012,0.475138
75013,0.475138
75014,0.475138
75015,0.475138
75016,0.475138
75017,0.475138
75018,0.475138
75019,0.475138
75020,0.475138
75021,0.475138
75022,0.475138
75023,0.475138
75024,0.475138
75025,0.475138
75026,0.475138
75027,0.475138
75028,0.475138
75029,0.475138
75030,0.475138
75031,0.475138
75032,0.475138
75033,0.475138
75034,0.475138
75035,0.475138
75036,0.475138
75037,0.475138
75038,0.475138
75039,0.475138
75040,0.475138
75041,0.475138
75042,0.475138
75043,0.475138
75044,0.475138
75045,0.475138
75046,0.475138
75047,0.475138
75048,0.475138
75049,0.475138
75050,0.475138
75051,0.475138
75052,0.475138
75053,0.475138
75054,0.475138
75055,0.475138
75056,0.475138
75057,0.475138
75058,0.475138
75059,0.475138
75060,0.475138
75061,0.475138
75062,0.475138
75063,0.475138
75064,0.475138
75065,0.475138
75066,0.475138
75067,0.475138
75068,0.475138
75069,0.475138
75070,0.475138
75071,0.475138
75072,0.475138
75073,0.475138
75074,0.475138
75075,0.475138
75076,0.475138
75077,0.475138
75078,0.475138
75079,0.475138
75080,0.475138
75081,0.475138
75082,0.475138
75083,0.475138
75084,0.475138
75085,0.475138
75086,0.475138
75087,0.475138
75088,0.475138
75089,0.475138
75090,0.475138
75091,0.475138
75092,0.475138
75093,0.475138
75094,0.475138
75095,0.475138
75096,0.475138
75097,0.475138
75098,0.475138
75099,0.433504
75100,0.433504
75101,0.475138
75102,0.475138
75103,0.475138
75104,0.475138
75105,0.475138
75106,0.475138
75107,0.475138
75108,0.475138
75109,0.475138
75110,0.475138
75111,0.475138
75112,0.475138
75113,0.475138
75114,0.475138
75115,0.475138
75116,0.475138
75117,0.475138
75118,0.475138
75119,0.475138
75120,0.475138
75121,0.475138
75122,0.475138
75123,0.475138
75124,0.475138
75125,0.475138
75126,0.475138
75127,0.475138
75128,0.475138
75129,0.475138
75130,0.475138
75131,0.475138
75132,0.475138
75133,0.475138
75134,0.475138
75135,0.475138
75136,0.475138
75137,0.475138
75138,0.475138
75139,0.475138
75140,0.475138
75141,0.475138
75142,0.475138
75143,0.475138
75144,0.475138
75145,0.475138
75146,0.475138
75147,0.475138
75148,0.475138
75149,0.475138
75150,0.475138
75151,0.475138
75152,0.475138
75153,0.475138
75154,0.475138
75155,0.475138
75156,0.475138
75157,0.475138
75158,0.475138
75159,0.475138
75160,0.475138
75161,0.475138
75162,0.475138
75163,0.475138
75164,0.475138
75165,0.475138
75166,0.475138
75167,0.475138
75168,0.475138
75169,0.475138
75170,0.475138
75171,0.475138
75172,0.475138
75173,0.475138
75174,0.475138
75175,0.475138
75176,0.475138
75177,0.475138
75178,0.475138
75179,0.475138
75180,0.475138
75181,0.475138
75182,0.475138
75183,0.475138
75184,0.475138
75185,0.475138
75186,0.475138
75187,0.475138
75188,0.475138
75189,0.475138
75190,0.475138
75191,0.475138
75192,0.475138
75193,0.475138
75194,0.475138
75195,0.475138
75196,0.475138
75197,0.475138
75198,0.475138
75199,0.475138
75200,0.475138
75201,0.475138
75202,0.476153
75203,0.476153
75204,0.476153
75205,0.475138
75206,0.474219
75207,0.475138
75208,0.475138
75209,0.475138
75210,0.475138
75211,0.475138
75212,0.475138
75213,0.475138
75214,0.475138
75215,0.475138
75216,0.475138
75217,0.475138
75218,0.475138
75219,0.475138
75220,0.475138
75221,0.475138
75222,0.475138
75223,0.475138
75224,0.475138
75225,0.475138
75226,0.475138
75227,0.475138
75228,0.475138
75229,0.475138
75230,0.475138
75231,0.475138
75232,0.475138
75233,0.475138
75234,0.475138
75235,0.475138
75236,0.475138
75237,0.475138
75238,0.475138
75239,0.475138
75240,0.475138
75241,0.475138
75242,0.475138
75243,0.475138
75244,0.475138
75245,0.475138
75246,0.475138
75247,0.475138
75248,0.475138
75249,0.475138
75250,0.475138
75251,0.475138
75252,0.475138
75253,0.475138
75254,0.475138
75255,0.475138
75256,0.475138
75257,0.475138
75258,0.475138
75259,0.475138
75260,0.475138
75261,0.475138
75262,0.475138
75263,0.475138
75264,0.475138
75265,0.475138
75266,0.475138
75267,0.475138
75268,0.475138
75269,0.475138
75270,0.475138
75271,0.475138
75272,0.475138
75273,0.475138
75274,0.475138
75275,0.475138
75276,0.475138
75277,0.475138
75278,0.475138
75279,0.475138
75280,0.475138
75281,0.475138
75282,0.475138
75283,0.475138
75284,0.475138
75285,0.475138
75286,0.475138
75287,0.475138
75288,0.475138
75289,0.475138
75290,0.475138
75291,0.475138
75292,0.475138
75293,0.475138
75294,0.475138
75295,0.475138
75296,0.475138
75297,0.475138
75298,0.475138
75299,0.475138
75300,0.475138
75301,0.475138
75302,0.475138
75303,0.475138
75304,0.475138
75305,0.475138
75306,0.475138
75307,0.475138
75308,0.475138
75309,0.475138
75310,0.475138
75311,0.475138
75312,0.475138
75313,0.475138
75314,0.475138
75315,0.475138
75316,0.475138
75317,0.475138
75318,0.475138
75319,0.475138
75320,0.475138
75321,0.475138
75322,0.475138
75323,0.475138
75324,0.475138
75325,0.475138
75326,0.475138
75327,0.475138
75328,0.475138
75329,0.475138
75330,0.475138
75331,0.475138
75332,0.475138
75333,0.475138
75334,0.475138
75335,0.475138
75336,0.475138
75337,0.475138
75338,0.475138
75339,0.475138
75340,0.475138
75341,0.475138
75342,0.475138
75343,0.475138
75344,0.475138
75345,0.475138
75346,0.475138
75347,0.475138
75348,0.475138
75349,0.475138
75350,0.475138
75351,0.475138
75352,0.475138
75353,0.475138
75354,0.475138
75355,0.475138
75356,0.475138
75357,0.475138
75358,0.475138
75359,0.475138
75360,0.475138
75361,0.475138
75362,0.475138
75363,0.475138
75364,0.475138
75365,0.475138
75366,0.475138
75367,0.475138
75368,0.475138
75369,0.475138
75370,0.475138
75371,0.475138
75372,0.475138
75373,0.475138
75374,0.475138
75375,0.475138
75376,0.475138
75377,0.475138
75378,0.475138
75379,0.475138
75380,0.475138
75381,0.475138
75382,0.475138
75383,0.475138
75384,0.475138
75385,0.475138
75386,0.475138
75387,0.475138
75388,0.475138
75389,0.475138
75390,0.475138
75391,0.475138
75392,0.475138
75393,0.475138
75394,0.475138
75395,0.475138
75396,0.475138
75397,0.475138
75398,0.475138
75399,0.475138
75400,0.475138
75401,0.475138
75402,0.475138
75403,0.475138
75404,0.475138
75405,0.475138
75406,0.475138
75407,0.475138
75408,0.475138
75409,0.475138
75410,0.475138
75411,0.475138
75412,0.475138
75413,0.475138
75414,0.475138
75415,0.475138
75416,0.475138
75417,0.475138
75418,0.475138
75419,0.475138
75420,0.475138
75421,0.475138
75422,0.475138
75423,0.475138
75424,0.475138
75425,0.475138
75426,0.475138
75427,0.475138
75428,0.475138
75429,0.475138
75430,0.475138
75431,0.475138
75432,0.475138
75433,0.472370
75434,0.475138
75435,0.475138
75436,0.475138
75437,0.475138
75438,0.475138
75439,0.475138
75440,0.475138
75441,0.475138
75442,0.475138
75443,0.475138
75444,0.475138
75445,0.475138
75446,0.475138
75447,0.475138
75448,0.475138
75449,0.475138
75450,0.475138
75451,0.475138
75452,0.475138
75453,0.475138
75454,0.475138
75455,0.475138
75456,0.475138
75457,0.475138
75458,0.475138
75459,0.475138
75460,0.475138
75461,0.475138
75462,0.475138
75463,0.475138
75464,0.475138
75465,0.475138
75466,0.475138
75467,0.475138
75468,0.475138
75469,0.475138
75470,0.475138
75471,0.475138
75472,0.475138
75473,0.475138
75474,0.475138
75475,0.475138
75476,0.474970
75477,0.474970
75478,0.475138
75479,0.475138
75480,0.475138
75481,0.475138
75482,0.475138
75483,0.475138
75484,0.475138
75485,0.475138
75486,0.474970
75487,0.475138
75488,0.475138
75489,0.475138
75490,0.475138
75491,0.475138
75492,0.475138
75493,0.475138
75494,0.475138
75495,0.475138
75496,0.472785
75497,0.472785
75498,0.475138
75499,0.475138
75500,0.475138
75501,0.475138
75502,0.475138
75503,0.472785
75504,0.472785
75505,0.472785
75506,0.472785
75507,0.472785
75508,0.475138
75509,0.475138
75510,0.475138
75511,0.475138
75512,0.475138
75513,0.475138
75514,0.475138
75515,0.475138
75516,0.475138
75517,0.474970
75518,0.474970
75519,0.474970
75520,0.474970
75521,0.475138
75522,0.475138
75523,0.475138
75524,0.475138
75525,0.475138
75526,0.475138
75527,0.475138
75528,0.475138
75529,0.475138
75530,0.475138
75531,0.475138
75532,0.474970
75533,0.474970
75534,0.474970
75535,0.475138
75536,0.475138
75537,0.475138
75538,0.475138
75539,0.475138
75540,0.475138
75541,0.475138
75542,0.475138
75543,0.475138
75544,0.475138
75545,0.475138
75546,0.475138
75547,0.475138
75548,0.475138
75549,0.475138
75550,0.475138
75551,0.475138
75552,0.475138
75553,0.475138
75554,0.475138
75555,0.475138
75556,0.475138
75557,0.475138
75558,0.475138
75559,0.475138
75560,0.475138
75561,0.475138
75562,0.475138
75563,0.475138
75564,0.475138
75565,0.475138
75566,0.475138
75567,0.475138
75568,0.475138
75569,0.475138
75570,0.475138
75571,0.475138
75572,0.475138
75573,0.475138
75574,0.475138
75575,0.475138
75576,0.475138
75577,0.475138
75578,0.458865
75579,0.475138
75580,0.475138
75581,0.475138
75582,0.475138
75583,0.475138
75584,0.475138
75585,0.467975
75586,0.467975
75587,0.467975
75588,0.467975
75589,0.467975
75590,0.467975
75591,0.458865
75592,0.458865
75593,0.475138
75594,0.475138
75595,0.475475
75596,0.475475
75597,0.475475
75598,0.475475
75599,0.475138
75600,0.475138
75601,0.475138
75602,0.475138
75603,0.475138
75604,0.475138
75605,0.467453
75606,0.467453
75607,0.467453
75608,0.467453
75609,0.467453
75610,0.475138
75611,0.475138
75612,0.475138
75613,0.475138
75614,0.475138
75615,0.475138
75616,0.475138
75617,0.475138
75618,0.475138
75619,0.475138
75620,0.475138
75621,0.475138
75622,0.467453
75623,0.467453
75624,0.467453
75625,0.475138
75626,0.475138
75627,0.475138
75628,0.475138
75629,0.475138
75630,0.475138
75631,0.475138
75632,0.475138
75633,0.475138
75634,0.475138
75635,0.475138
75636,0.475138
75637,0.474970
75638,0.474970
75639,0.474970
75640,0.474970
75641,0.474970
75642,0.474970
75643,0.475138
75644,0.475138
75645,0.475138
75646,0.475138
75647,0.475138
75648,0.475138
75649,0.476153
75650,0.476153
75651,0.476153
75652,0.476153
75653,0.474970
75654,0.474970
75655,0.474970
75656,0.476153
75657,0.476153
75658,0.475138
75659,0.475138
75660,0.475138
75661,0.475138
75662,0.475138
75663,0.475138
75664,0.475138
75665,0.475138
75666,0.475138
75667,0.475138
75668,0.475138
75669,0.475138
75670,0.475138
75671,0.475138
75672,0.475138
75673,0.475138
75674,0.475138
75675,0.475138
75676,0.475138
75677,0.475138
75678,0.475138
75679,0.475138
75680,0.475138
75681,0.475138
75682,0.475138
75683,0.475138
75684,0.475138
75685,0.475138
75686,0.475138
75687,0.475138
75688,0.475138
75689,0.475138
75690,0.475138
75691,0.475138
75692,0.475138
75693,0.475138
75694,0.475138
75695,0.475138
75696,0.475138
75697,0.475138
75698,0.475138
75699,0.475138
75700,0.475138
75701,0.475138
75702,0.475138
75703,0.475138
75704,0.475138
75705,0.475138
75706,0.475138
75707,0.475138
75708,0.475138
75709,0.475138
75710,0.475138
75711,0.475138
75712,0.475138
75713,0.475138
75714,0.475138
75715,0.475138
75716,0.475138
75717,0.475138
75718,0.475138
75719,0.475138
75720,0.475138
75721,0.475138
75722,0.475138
75723,0.475138
75724,0.475138
75725,0.475138
75726,0.475138
75727,0.475138
75728,0.475138
75729,0.475138
75730,0.475138
75731,0.475138
75732,0.475138
75733,0.475138
75734,0.475138
75735,0.475138
75736,0.475138
75737,0.475138
75738,0.475138
75739,0.475138
75740,0.475138
75741,0.475138
75742,0.475138
75743,0.475138
75744,0.475138
75745,0.475138
75746,0.475138
75747,0.475138
75748,0.475138
75749,0.475138
75750,0.475138
75751,0.475138
75752,0.475138
75753,0.475138
75754,0.475138
75755,0.475138
75756,0.475138
75757,0.475138
75758,0.475138
75759,0.475138
75760,0.475138
75761,0.475138
75762,0.475138
75763,0.475138
75764,0.475138
75765,0.475138
75766,0.475138
75767,0.475138
75768,0.475138
75769,0.475138
75770,0.475138
75771,0.475138
75772,0.475138
75773,0.475138
75774,0.475138
75775,0.475138
75776,0.475138
75777,0.475138
75778,0.475138
75779,0.475138
75780,0.475138
75781,0.475138
75782,0.475138
75783,0.475138
75784,0.475138
75785,0.475138
75786,0.475138
75787,0.475138
75788,0.475138
75789,0.475138
75790,0.475138
75791,0.475138
75792,0.475138
75793,0.475138
75794,0.475138
75795,0.475138
75796,0.475138
75797,0.475138
75798,0.475138
75799,0.475138
75800,0.475138
75801,0.475138
75802,0.475138
75803,0.475138
75804,0.475138
75805,0.475138
75806,0.475138
75807,0.475138
75808,0.475138
75809,0.475138
75810,0.475138
75811,0.475138
75812,0.475138
75813,0.475138
75814,0.475138
75815,0.475138
75816,0.475138
75817,0.475138
75818,0.475138
75819,0.475138
75820,0.475138
75821,0.475138
75822,0.475138
75823,0.475138
75824,0.475138
75825,0.475138
75826,0.475138
75827,0.475138
75828,0.475138
75829,0.475138
75830,0.475138
75831,0.475138
75832,0.475138
75833,0.475138
75834,0.475138
75835,0.475138
75836,0.475138
75837,0.475138
75838,0.475138
75839,0.475138
75840,0.475138
75841,0.475138
75842,0.475138
75843,0.475138
75844,0.475138
75845,0.475138
75846,0.475138
75847,0.475138
75848,0.475138
75849,0.475138
75850,0.475138
75851,0.475138
75852,0.475138
75853,0.475138
75854,0.475138
75855,0.475138
75856,0.475138
75857,0.475138
75858,0.475138
75859,0.475138
75860,0.475138
75861,0.475138
75862,0.475138
75863,0.475138
75864,0.475138
75865,0.475138
75866,0.475138
75867,0.475138
75868,0.475138
75869,0.475138
75870,0.475138
75871,0.475138
75872,0.475138
75873,0.475138
75874,0.475138
75875,0.475138
75876,0.475138
75877,0.475138
75878,0.475138
75879,0.475138
75880,0.475138
75881,0.475138
75882,0.475138
75883,0.475138
75884,0.475138
75885,0.475138
75886,0.475138
75887,0.475138
75888,0.475138
75889,0.475138
75890,0.475138
75891,0.475138
75892,0.475138
75893,0.475138
75894,0.475138
75895,0.475138
75896,0.475138
75897,0.475138
75898,0.475138
75899,0.475138
75900,0.475138
75901,0.475138
75902,0.475138
75903,0.475138
75904,0.475138
75905,0.475138
75906,0.475138
75907,0.475138
75908,0.475138
75909,0.475138
75910,0.475138
75911,0.475138
75912,0.475138
75913,0.475138
75914,0.475138
75915,0.475138
75916,0.475138
75917,0.475138
75918,0.475138
75919,0.475138
75920,0.475138
75921,0.475138
75922,0.475138
75923,0.475138
75924,0.475138
75925,0.475138
75926,0.475138
75927,0.475138
75928,0.475138
75929,0.475138
75930,0.475138
75931,0.475138
75932,0.475138
75933,0.475138
75934,0.475138
75935,0.475138
75936,0.475138
75937,0.475138
75938,0.475138
75939,0.475138
75940,0.475138
75941,0.475138
75942,0.475138
75943,0.475138
75944,0.475138
75945,0.475138
75946,0.475138
75947,0.475138
75948,0.475138
75949,0.475138
75950,0.475138
75951,0.475138
75952,0.475138
75953,0.475138
75954,0.475138
75955,0.475138
75956,0.475138
75957,0.475138
75958,0.475138
75959,0.475138
75960,0.475138
75961,0.475138
75962,0.475138
75963,0.475138
75964,0.475138
75965,0.475138
75966,0.475138
75967,0.475138
75968,0.475138
75969,0.475138
75970,0.475138
75971,0.475138
75972,0.475138
75973,0.475138
75974,0.475138
75975,0.475138
75976,0.475138
75977,0.475138
75978,0.475138
75979,0.475138
75980,0.475138
75981,0.475138
75982,0.475138
75983,0.475138
75984,0.475138
75985,0.475138
75986,0.475138
75987,0.475138
75988,0.475138
75989,0.475138
75990,0.475138
75991,0.475138
75992,0.475138
75993,0.475138
75994,0.475138
75995,0.475138
75996,0.475138
75997,0.475138
75998,0.475138
75999,0.475138
76000,0.475138
76001,0.475138
76002,0.475138
76003,0.475138
76004,0.475138
76005,0.475138
76006,0.475138
76007,0.475138
76008,0.475138
76009,0.475138
76010,0.475138
76011,0.475138
76012,0.475138
76013,0.475138
76014,0.475138
76015,0.475138
76016,0.475138
76017,0.475138
76018,0.475138
76019,0.475138
76020,0.475138
76021,0.475138
76022,0.475138
76023,0.475138
76024,0.475138
76025,0.475138
76026,0.475138
76027,0.475138
76028,0.475138
76029,0.475138
76030,0.475138
76031,0.475138
76032,0.475138
76033,0.475138
76034,0.475138
76035,0.475138
76036,0.475138
76037,0.475138
76038,0.475138
76039,0.475138
76040,0.475138
76041,0.475138
76042,0.475138
76043,0.475138
76044,0.475138
76045,0.475138
76046,0.475138
76047,0.475138
76048,0.475138
76049,0.475138
76050,0.475138
76051,0.475138
76052,0.475138
76053,0.475138
76054,0.475138
76055,0.475138
76056,0.475138
76057,0.475138
76058,0.475138
76059,0.475138
76060,0.475138
76061,0.475138
76062,0.475138
76063,0.475138
76064,0.475138
76065,0.475138
76066,0.475138
76067,0.475138
76068,0.475138
76069,0.475138
76070,0.475138
76071,0.475138
76072,0.475138
76073,0.475138
76074,0.475138
76075,0.475138
76076,0.475138
76077,0.475138
76078,0.475138
76079,0.475138
76080,0.475138
76081,0.475138
76082,0.475138
76083,0.475138
76084,0.475138
76085,0.475138
76086,0.475138
76087,0.475138
76088,0.475138
76089,0.475138
76090,0.475138
76091,0.475138
76092,0.475138
76093,0.475138
76094,0.475138
76095,0.475138
76096,0.475138
76097,0.475138
76098,0.475138
76099,0.475138
76100,0.475138
76101,0.475138
76102,0.475138
76103,0.475138
76104,0.475138
76105,0.475138
76106,0.475138
76107,0.475138
76108,0.475138
76109,0.475138
76110,0.475138
76111,0.475138
76112,0.475138
76113,0.475138
76114,0.475138
76115,0.475138
76116,0.475138
76117,0.475138
76118,0.475138
76119,0.475138
76120,0.475138
76121,0.475138
76122,0.475138
76123,0.475138
76124,0.475138
76125,0.475138
76126,0.475138
76127,0.475138
76128,0.475138
76129,0.475138
76130,0.475138
76131,0.475138
76132,0.475138
76133,0.475138
76134,0.475138
76135,0.475138
76136,0.475138
76137,0.475138
76138,0.475138
76139,0.475138
76140,0.475138
76141,0.475138
76142,0.475138
76143,0.475138
76144,0.475138
76145,0.475138
76146,0.475138
76147,0.475138
76148,0.475138
76149,0.475138
76150,0.475138
76151,0.475138
76152,0.475138
76153,0.475138
76154,0.475138
76155,0.475138
76156,0.475138
76157,0.475138
76158,0.475138
76159,0.475138
76160,0.475138
76161,0.475138
76162,0.475138
76163,0.475138
76164,0.475138
76165,0.475138
76166,0.475138
76167,0.475138
76168,0.475138
76169,0.475138
76170,0.475138
76171,0.475138
76172,0.475138
76173,0.475138
76174,0.475138
76175,0.475138
76176,0.475138
76177,0.475138
76178,0.475138
76179,0.475138
76180,0.475138
76181,0.475138
76182,0.475138
76183,0.475138
76184,0.475138
76185,0.475138
76186,0.475138
76187,0.475138
76188,0.475138
76189,0.475138
76190,0.475138
76191,0.475138
76192,0.475138
76193,0.475138
76194,0.475138
76195,0.475138
76196,0.475138
76197,0.475138
76198,0.475138
76199,0.475138
76200,0.475138
76201,0.475138
76202,0.475138
76203,0.475138
76204,0.475138
76205,0.475138
76206,0.475138
76207,0.475138
76208,0.475138
76209,0.475138
76210,0.475138
76211,0.475138
76212,0.475138
76213,0.475138
76214,0.475138
76215,0.475138
76216,0.475138
76217,0.475138
76218,0.475138
76219,0.475138
76220,0.475138
76221,0.475138
76222,0.475138
76223,0.475138
76224,0.475138
76225,0.475138
76226,0.475138
76227,0.475138
76228,0.475138
76229,0.475138
76230,0.475138
76231,0.475138
76232,0.475138
76233,0.475138
76234,0.475138
76235,0.475138
76236,0.475138
76237,0.475138
76238,0.475138
76239,0.475138
76240,0.475138
76241,0.475138
76242,0.475138
76243,0.475138
76244,0.475138
76245,0.475138
76246,0.475138
76247,0.475138
76248,0.475138
76249,0.475138
76250,0.475138
76251,0.475138
76252,0.475138
76253,0.475138
76254,0.475138
76255,0.475138
76256,0.475138
76257,0.475138
76258,0.475138
76259,0.475138
76260,0.475138
76261,0.475138
76262,0.475138
76263,0.475138
76264,0.475138
76265,0.475138
76266,0.475138
76267,0.475138
76268,0.475138
76269,0.475138
76270,0.475138
76271,0.475138
76272,0.475138
76273,0.475138
76274,0.475138
76275,0.475138
76276,0.475138
76277,0.475138
76278,0.475138
76279,0.475138
76280,0.475138
76281,0.475138
76282,0.475138
76283,0.475138
76284,0.475138
76285,0.475138
76286,0.475138
76287,0.475138
76288,0.475138
76289,0.475138
76290,0.475138
76291,0.475138
76292,0.475138
76293,0.475138
76294,0.475138
76295,0.475138
76296,0.475138
76297,0.475138
76298,0.475138
76299,0.475138
76300,0.475138
76301,0.475138
76302,0.475138
76303,0.475138
76304,0.475138
76305,0.475138
76306,0.475138
76307,0.475138
76308,0.475138
76309,0.475138
76310,0.475138
76311,0.475138
76312,0.449657
76313,0.475138
76314,0.475138
76315,0.475138
76316,0.475138
76317,0.475138
76318,0.475138
76319,0.475138
76320,0.475138
76321,0.475138
76322,0.475138
76323,0.475138
76324,0.475138
76325,0.475138
76326,0.475138
76327,0.475138
76328,0.475138
76329,0.475138
76330,0.475138
76331,0.475138
76332,0.475138
76333,0.475138
76334,0.475138
76335,0.475138
76336,0.475138
76337,0.475138
76338,0.475138
76339,0.475138
76340,0.475138
76341,0.475138
76342,0.475138
76343,0.475138
76344,0.475138
76345,0.475138
76346,0.475138
76347,0.475138
76348,0.475138
76349,0.475138
76350,0.475138
76351,0.475138
76352,0.475138
76353,0.475138
76354,0.475138
76355,0.475138
76356,0.475138
76357,0.475138
76358,0.475138
76359,0.475138
76360,0.475138
76361,0.475138
76362,0.475138
76363,0.475138
76364,0.475138
76365,0.475138
76366,0.475138
76367,0.475138
76368,0.475138
76369,0.475138
76370,0.475138
76371,0.475138
76372,0.475138
76373,0.475138
76374,0.475138
76375,0.475138
76376,0.475138
76377,0.475138
76378,0.475138
76379,0.475138
76380,0.475138
76381,0.475138
76382,0.475138
76383,0.475138
76384,0.475138
76385,0.475138
76386,0.475138
76387,0.475138
76388,0.475138
76389,0.475138
76390,0.475138
76391,0.475138
76392,0.475138
76393,0.475138
76394,0.475138
76395,0.475138
76396,0.475138
76397,0.475138
76398,0.475138
76399,0.475138
76400,0.475138
76401,0.475138
76402,0.475138
76403,0.475138
76404,0.475138
76405,0.475138
76406,0.475138
76407,0.475138
76408,0.475138
76409,0.475138
76410,0.475138
76411,0.475138
76412,0.475138
76413,0.475138
76414,0.475138
76415,0.475138
76416,0.475138
76417,0.475138
76418,0.475138
76419,0.475138
76420,0.475138
76421,0.475138
76422,0.475138
76423,0.475138
76424,0.475138
76425,0.475138
76426,0.475138
76427,0.475138
76428,0.475138
76429,0.475138
76430,0.475138
76431,0.475138
76432,0.475138
76433,0.475138
76434,0.475138
76435,0.475138
76436,0.475138
76437,0.475138
76438,0.475138
76439,0.475138
76440,0.475138
76441,0.475138
76442,0.475138
76443,0.475138
76444,0.475138
76445,0.475138
76446,0.475138
76447,0.475138
76448,0.475138
76449,0.475138
76450,0.475138
76451,0.475138
76452,0.475138
76453,0.475138
76454,0.475138
76455,0.475138
76456,0.475138
76457,0.475138
76458,0.475138
76459,0.475138
76460,0.475138
76461,0.475138
76462,0.475138
76463,0.475138
76464,0.475138
76465,0.475138
76466,0.475138
76467,0.475138
76468,0.475138
76469,0.475138
76470,0.475138
76471,0.475138
76472,0.475138
76473,0.475138
76474,0.475138
76475,0.475138
76476,0.475138
76477,0.475138
76478,0.475138
76479,0.475138
76480,0.475138
76481,0.475138
76482,0.475138
76483,0.475138
76484,0.475138
76485,0.475138
76486,0.475138
76487,0.475138
76488,0.475138
76489,0.475138
76490,0.475138
76491,0.475138
76492,0.475138
76493,0.475138
76494,0.475138
76495,0.475138
76496,0.475138
76497,0.475138
76498,0.475138
76499,0.475138
76500,0.475138
76501,0.475138
76502,0.475138
76503,0.475138
76504,0.475138
76505,0.475138
76506,0.475138
76507,0.475138
76508,0.475138
76509,0.475138
76510,0.475138
76511,0.475138
76512,0.475138
76513,0.475138
76514,0.475138
76515,0.475138
76516,0.475138
76517,0.475138
76518,0.475138
76519,0.475138
76520,0.475138
76521,0.475138
76522,0.475138
76523,0.475138
76524,0.475138
76525,0.475138
76526,0.475138
76527,0.475138
76528,0.475138
76529,0.475138
76530,0.475138
76531,0.475138
76532,0.475138
76533,0.475138
76534,0.475138
76535,0.475138
76536,0.475138
76537,0.475138
76538,0.475138
76539,0.475138
76540,0.475138
76541,0.475138
76542,0.475138
76543,0.475138
76544,0.475138
76545,0.475138
76546,0.475138
76547,0.475138
76548,0.475138
76549,0.475138
76550,0.475138
76551,0.475138
76552,0.475138
76553,0.475138
76554,0.475138
76555,0.475138
76556,0.475138
76557,0.475138
76558,0.475138
76559,0.475138
76560,0.475138
76561,0.475138
76562,0.475138
76563,0.475138
76564,0.475138
76565,0.475138
76566,0.475138
76567,0.475138
76568,0.475138
76569,0.475138
76570,0.475138
76571,0.475138
76572,0.475138
76573,0.475138
76574,0.475138
76575,0.475138
76576,0.475138
76577,0.475138
76578,0.475138
76579,0.475138
76580,0.475138
76581,0.475138
76582,0.475138
76583,0.475138
76584,0.475138
76585,0.475138
76586,0.475138
76587,0.475138
76588,0.475138
76589,0.475138
76590,0.475138
76591,0.475138
76592,0.475138
76593,0.475138
76594,0.475138
76595,0.475138
76596,0.475138
76597,0.475138
76598,0.475138
76599,0.475138
76600,0.475138
76601,0.475138
76602,0.475138
76603,0.475138
76604,0.475138
76605,0.475138
76606,0.475138
76607,0.475138
76608,0.475138
76609,0.475138
76610,0.475138
76611,0.475138
76612,0.475138
76613,0.475138
76614,0.475138
76615,0.475138
76616,0.475138
76617,0.475138
76618,0.475138
76619,0.475138
76620,0.475138
76621,0.475138
76622,0.475138
76623,0.475138
76624,0.475138
76625,0.475138
76626,0.475138
76627,0.475138
76628,0.475138
76629,0.475138
76630,0.475138
76631,0.475138
76632,0.475138
76633,0.475138
76634,0.475138
76635,0.475138
76636,0.475138
76637,0.475138
76638,0.475138
76639,0.475138
76640,0.475138
76641,0.475138
76642,0.475138
76643,0.475138
76644,0.475138
76645,0.475138
76646,0.475138
76647,0.475138
76648,0.475138
76649,0.475138
76650,0.475138
76651,0.475138
76652,0.475138
76653,0.475138
76654,0.475138
76655,0.475138
76656,0.475138
76657,0.475138
76658,0.475138
76659,0.475138
76660,0.475138
76661,0.475138
76662,0.475138
76663,0.475138
76664,0.475138
76665,0.475138
76666,0.475138
76667,0.475138
76668,0.475138
76669,0.475138
76670,0.475138
76671,0.475138
76672,0.475138
76673,0.475138
76674,0.475138
76675,0.475138
76676,0.475138
76677,0.475138
76678,0.475138
76679,0.475138
76680,0.475138
76681,0.475138
76682,0.475138
76683,0.475138
76684,0.475138
76685,0.475138
76686,0.475138
76687,0.475138
76688,0.475138
76689,0.475138
76690,0.475138
76691,0.475138
76692,0.475138
76693,0.475138
76694,0.475138
76695,0.475138
76696,0.475138
76697,0.475138
76698,0.475138
76699,0.475138
76700,0.475138
76701,0.475138
76702,0.475138
76703,0.475138
76704,0.475138
76705,0.475138
76706,0.475138
76707,0.475138
76708,0.475138
76709,0.475138
76710,0.475138
76711,0.475138
76712,0.475138
76713,0.475138
76714,0.475138
76715,0.475138
76716,0.475138
76717,0.475138
76718,0.475138
76719,0.475138
76720,0.475138
76721,0.475138
76722,0.475138
76723,0.475138
76724,0.475138
76725,0.475138
76726,0.475138
76727,0.475138
76728,0.475138
76729,0.475138
76730,0.475138
76731,0.475138
76732,0.475138
76733,0.475138
76734,0.475138
76735,0.475138
76736,0.475138
76737,0.475138
76738,0.475138
76739,0.475138
76740,0.475138
76741,0.475138
76742,0.475138
76743,0.475138
76744,0.475138
76745,0.475138
76746,0.475138
76747,0.475138
76748,0.475138
76749,0.475138
76750,0.475138
76751,0.475138
76752,0.475138
76753,0.475138
76754,0.475138
76755,0.475138
76756,0.475138
76757,0.475138
76758,0.475138
76759,0.475138
76760,0.475138
76761,0.475138
76762,0.475138
76763,0.475138
76764,0.475138
76765,0.475138
76766,0.475138
76767,0.475138
76768,0.475138
76769,0.475138
76770,0.475138
76771,0.475138
76772,0.475138
76773,0.475138
76774,0.475138
76775,0.475138
76776,0.475138
76777,0.475138
76778,0.475138
76779,0.475138
76780,0.475138
76781,0.475138
76782,0.475138
76783,0.475138
76784,0.475138
76785,0.475138
76786,0.475138
76787,0.475138
76788,0.475138
76789,0.475138
76790,0.475138
76791,0.475138
76792,0.475138
76793,0.475138
76794,0.475138
76795,0.475138
76796,0.475138
76797,0.475138
76798,0.475138
76799,0.475138
76800,0.475138
76801,0.475138
76802,0.475138
76803,0.475138
76804,0.475138
76805,0.475138
76806,0.475138
76807,0.475138
76808,0.475138
76809,0.475138
76810,0.475138
76811,0.475138
76812,0.475138
76813,0.475138
76814,0.475138
76815,0.475138
76816,0.475138
76817,0.475138
76818,0.475138
76819,0.475138
76820,0.475138
76821,0.475138
76822,0.475138
76823,0.475138
76824,0.475138
76825,0.475138
76826,0.475138
76827,0.475138
76828,0.475138
76829,0.475138
76830,0.475138
76831,0.475138
76832,0.475138
76833,0.475138
76834,0.475138
76835,0.475138
76836,0.475138
76837,0.475138
76838,0.475138
76839,0.475138
76840,0.475138
76841,0.475138
76842,0.475138
76843,0.475138
76844,0.475138
76845,0.475138
76846,0.475138
76847,0.475138
76848,0.475138
76849,0.475138
76850,0.475138
76851,0.475138
76852,0.475138
76853,0.475138
76854,0.475138
76855,0.475138
76856,0.475138
76857,0.475138
76858,0.475138
76859,0.475138
76860,0.475138
76861,0.475138
76862,0.475138
76863,0.475138
76864,0.475138
76865,0.475138
76866,0.475138
76867,0.475138
76868,0.475138
76869,0.475138
76870,0.475138
76871,0.475138
76872,0.475138
76873,0.475138
76874,0.475138
76875,0.475138
76876,0.475138
76877,0.475138
76878,0.475138
76879,0.475138
76880,0.475138
76881,0.475138
76882,0.475138
76883,0.475138
76884,0.475138
76885,0.475138
76886,0.475138
76887,0.475138
76888,0.475138
76889,0.475138
76890,0.475138
76891,0.475138
76892,0.475138
76893,0.475138
76894,0.475138
76895,0.475138
76896,0.475138
76897,0.475138
76898,0.475138
76899,0.475138
76900,0.475138
76901,0.475138
76902,0.475138
76903,0.475138
76904,0.475138
76905,0.475138
76906,0.475138
76907,0.475138
76908,0.475138
76909,0.475138
76910,0.475138
76911,0.475138
76912,0.475138
76913,0.475138
76914,0.475138
76915,0.475138
76916,0.475138
76917,0.475138
76918,0.475138
76919,0.475138
76920,0.475138
76921,0.475138
76922,0.475138
76923,0.475138
76924,0.475138
76925,0.475138
76926,0.475138
76927,0.475138
76928,0.475138
76929,0.475138
76930,0.475138
76931,0.475138
76932,0.475138
76933,0.475138
76934,0.475138
76935,0.475138
76936,0.475138
76937,0.475138
76938,0.475138
76939,0.475138
76940,0.475138
76941,0.475138
76942,0.475138
76943,0.475138
76944,0.475138
76945,0.475138
76946,0.475138
76947,0.475138
76948,0.475138
76949,0.475138
76950,0.475138
76951,0.475138
76952,0.475138
76953,0.475138
76954,0.475138
76955,0.475138
76956,0.475138
76957,0.475138
76958,0.475138
76959,0.475138
76960,0.475138
76961,0.475138
76962,0.475138
76963,0.475138
76964,0.475138
76965,0.475138
76966,0.475138
76967,0.475138
76968,0.475138
76969,0.475138
76970,0.475138
76971,0.475138
76972,0.475138
76973,0.475138
76974,0.475138
76975,0.475138
76976,0.475138
76977,0.475138
76978,0.475138
76979,0.475138
76980,0.475138
76981,0.475138
76982,0.475138
76983,0.475138
76984,0.475138
76985,0.475138
76986,0.475138
76987,0.475138
76988,0.475138
76989,0.475138
76990,0.475138
76991,0.475138
76992,0.475138
76993,0.475138
76994,0.475138
76995,0.475138
76996,0.475138
76997,0.475138
76998,0.475138
76999,0.475138
77000,0.475138
77001,0.475138
77002,0.475138
77003,0.475138
77004,0.475138
77005,0.475138
77006,0.475138
77007,0.475138
77008,0.475138
77009,0.475138
77010,0.475138
77011,0.475138
77012,0.475138
77013,0.475138
77014,0.475138
77015,0.475138
77016,0.475138
77017,0.475138
77018,0.475138
77019,0.475138
77020,0.475138
77021,0.475138
77022,0.475138
77023,0.475138
77024,0.475138
77025,0.475138
77026,0.475138
77027,0.475138
77028,0.475138
77029,0.475138
77030,0.475138
77031,0.475138
77032,0.475138
77033,0.475138
77034,0.475138
77035,0.475138
77036,0.475138
77037,0.475138
77038,0.475138
77039,0.475138
77040,0.475138
77041,0.475138
77042,0.475138
77043,0.475138
77044,0.475138
77045,0.475138
77046,0.475138
77047,0.475138
77048,0.475138
77049,0.475138
77050,0.475138
77051,0.475138
77052,0.475138
77053,0.475138
77054,0.475138
77055,0.475138
77056,0.475138
77057,0.475138
77058,0.475138
77059,0.475138
77060,0.475138
77061,0.475138
77062,0.475138
77063,0.475138
77064,0.475138
77065,0.475138
77066,0.475138
77067,0.475138
77068,0.475138
77069,0.475138
77070,0.475138
77071,0.475138
77072,0.475138
77073,0.475138
77074,0.475138
77075,0.475138
77076,0.475138
77077,0.475138
77078,0.475138
77079,0.475138
77080,0.475138
77081,0.475138
77082,0.475138
77083,0.475138
77084,0.475138
77085,0.475138
77086,0.475138
77087,0.475138
77088,0.475138
77089,0.475138
77090,0.475138
77091,0.475138
77092,0.475138
77093,0.475138
77094,0.475138
77095,0.475138
77096,0.475138
77097,0.475138
77098,0.475138
77099,0.475138
77100,0.475138
77101,0.475138
77102,0.475138
77103,0.475138
77104,0.475138
77105,0.475138
77106,0.475138
77107,0.475138
77108,0.475138
77109,0.475138
77110,0.475138
77111,0.475138
77112,0.475138
77113,0.475138
77114,0.475138
77115,0.475138
77116,0.475138
77117,0.475138
77118,0.475138
77119,0.475138
77120,0.475138
77121,0.475138
77122,0.475138
77123,0.475138
77124,0.475138
77125,0.475138
77126,0.475138
77127,0.475138
77128,0.475138
77129,0.475138
77130,0.475138
77131,0.475138
77132,0.475138
77133,0.475138
77134,0.475138
77135,0.475138
77136,0.475138
77137,0.475138
77138,0.475138
77139,0.475138
77140,0.475138
77141,0.475138
77142,0.475138
77143,0.475138
77144,0.475138
77145,0.475138
77146,0.475138
77147,0.475138
77148,0.475138
77149,0.475138
77150,0.475138
77151,0.475138
77152,0.475138
77153,0.475138
77154,0.475138
77155,0.475138
77156,0.475138
77157,0.475138
77158,0.475138
77159,0.475138
77160,0.475138
77161,0.475138
77162,0.475138
77163,0.475138
77164,0.475138
77165,0.475138
77166,0.475138
77167,0.475138
77168,0.475138
77169,0.475138
77170,0.475138
77171,0.475138
77172,0.475138
77173,0.475138
77174,0.475138
77175,0.475138
77176,0.475138
77177,0.475138
77178,0.475138
77179,0.475138
77180,0.475138
77181,0.475138
77182,0.475138
77183,0.475138
77184,0.475138
77185,0.475138
77186,0.475138
77187,0.475138
77188,0.475138
77189,0.475138
77190,0.475138
77191,0.475138
77192,0.475138
77193,0.475138
77194,0.475138
77195,0.475138
77196,0.475138
77197,0.475138
77198,0.475138
77199,0.475138
77200,0.475138
77201,0.475138
77202,0.475138
77203,0.475138
77204,0.475138
77205,0.475138
77206,0.475138
77207,0.475138
77208,0.475138
77209,0.475138
77210,0.475138
77211,0.475138
77212,0.475138
77213,0.475138
77214,0.475138
77215,0.475138
77216,0.475138
77217,0.475138
77218,0.475138
77219,0.475138
77220,0.475138
77221,0.475138
77222,0.475138
77223,0.475138
77224,0.475138
77225,0.475138
77226,0.475138
77227,0.475138
77228,0.475138
77229,0.475138
77230,0.475138
77231,0.475138
77232,0.475138
77233,0.475138
77234,0.475138
77235,0.475138
77236,0.475138
77237,0.475138
77238,0.475138
77239,0.475138
77240,0.475138
77241,0.475138
77242,0.475138
77243,0.475138
77244,0.475138
77245,0.475138
77246,0.475138
77247,0.475138
77248,0.475138
77249,0.475138
77250,0.475138
77251,0.475138
77252,0.475138
77253,0.475138
77254,0.475138
77255,0.475138
77256,0.475138
77257,0.475138
77258,0.475138
77259,0.475138
77260,0.475138
77261,0.475138
77262,0.475138
77263,0.475138
77264,0.475138
77265,0.475138
77266,0.475138
77267,0.475138
77268,0.475138
77269,0.475138
77270,0.475138
77271,0.475138
77272,0.475138
77273,0.475138
77274,0.475138
77275,0.475138
77276,0.475138
77277,0.475138
77278,0.475138
77279,0.475138
77280,0.475138
77281,0.475138
77282,0.475138
77283,0.475138
77284,0.475138
77285,0.475138
77286,0.475138
77287,0.475138
77288,0.475138
77289,0.475138
77290,0.475138
77291,0.475138
77292,0.475138
77293,0.475138
77294,0.475138
77295,0.475138
77296,0.475138
77297,0.475138
77298,0.475138
77299,0.475138
77300,0.475138
77301,0.475138
77302,0.475138
77303,0.475138
77304,0.475138
77305,0.475138
77306,0.475138
77307,0.475138
77308,0.475138
77309,0.475138
77310,0.475138
77311,0.475138
77312,0.475138
77313,0.475138
77314,0.475138
77315,0.475138
77316,0.475138
77317,0.475138
77318,0.475138
77319,0.475138
77320,0.475138
77321,0.475138
77322,0.475138
77323,0.475138
77324,0.475138
77325,0.475138
77326,0.475138
77327,0.475138
77328,0.475138
77329,0.475138
77330,0.475138
77331,0.475138
77332,0.475138
77333,0.475138
77334,0.475138
77335,0.475138
77336,0.475138
77337,0.475138
77338,0.475138
77339,0.475138
77340,0.475138
77341,0.475138
77342,0.475138
77343,0.475138
77344,0.475138
77345,0.475138
77346,0.475138
77347,0.475138
77348,0.475138
77349,0.475138
77350,0.475138
77351,0.475138
77352,0.475138
77353,0.475138
77354,0.475138
77355,0.475138
77356,0.475138
77357,0.475138
77358,0.475138
77359,0.475138
77360,0.475138
77361,0.475138
77362,0.475138
77363,0.475138
77364,0.475138
77365,0.475138
77366,0.475138
77367,0.475138
77368,0.475138
77369,0.475138
77370,0.475138
77371,0.475138
77372,0.475138
77373,0.475138
77374,0.475138
77375,0.475138
77376,0.475138
77377,0.475138
77378,0.475138
77379,0.475138
77380,0.475138
77381,0.475138
77382,0.475138
77383,0.475138
77384,0.475138
77385,0.475138
77386,0.475138
77387,0.475138
77388,0.475138
77389,0.475138
77390,0.475138
77391,0.475138
77392,0.475138
77393,0.475138
77394,0.475138
77395,0.475138
77396,0.475138
77397,0.475138
77398,0.475138
77399,0.475138
77400,0.475138
77401,0.475138
77402,0.475138
77403,0.475138
77404,0.475138
77405,0.475138
77406,0.475138
77407,0.475138
77408,0.475138
77409,0.475138
77410,0.475138
77411,0.475138
77412,0.475138
77413,0.475138
77414,0.475138
77415,0.475138
77416,0.475138
77417,0.475138
77418,0.475138
77419,0.475138
77420,0.475138
77421,0.475138
77422,0.475138
77423,0.475138
77424,0.475138
77425,0.475138
77426,0.475138
77427,0.475138
77428,0.475138
77429,0.475138
77430,0.475138
77431,0.475138
77432,0.475138
77433,0.475138
77434,0.475138
77435,0.475138
77436,0.475138
77437,0.475138
77438,0.475138
77439,0.475138
77440,0.475138
77441,0.475138
77442,0.475138
77443,0.475138
77444,0.475138
77445,0.475138
77446,0.475138
77447,0.475138
77448,0.475138
77449,0.475138
77450,0.475138
77451,0.475138
77452,0.475138
77453,0.475138
77454,0.475138
77455,0.475138
77456,0.475138
77457,0.475138
77458,0.475138
77459,0.475138
77460,0.475138
77461,0.475138
77462,0.475138
77463,0.475138
77464,0.475138
77465,0.475138
77466,0.475138
77467,0.475138
77468,0.475138
77469,0.475138
77470,0.475138
77471,0.475138
77472,0.475138
77473,0.475138
77474,0.475138
77475,0.475138
77476,0.475138
77477,0.475138
77478,0.475138
77479,0.475138
77480,0.475138
77481,0.475138
77482,0.475138
77483,0.475138
77484,0.475138
77485,0.475138
77486,0.475138
77487,0.475138
77488,0.475138
77489,0.475138
77490,0.475138
77491,0.475138
77492,0.475138
77493,0.475138
77494,0.475138
77495,0.475138
77496,0.475138
77497,0.475138
77498,0.475138
77499,0.475138
77500,0.475138
77501,0.475138
77502,0.475138
77503,0.475138
77504,0.475138
77505,0.475138
77506,0.475138
77507,0.475138
77508,0.475138
77509,0.475138
77510,0.475138
77511,0.475138
77512,0.475138
77513,0.475138
77514,0.475138
77515,0.475138
77516,0.475138
77517,0.475138
77518,0.475138
77519,0.475138
77520,0.475138
77521,0.475138
77522,0.475138
77523,0.475138
77524,0.475138
77525,0.475138
77526,0.475138
77527,0.475138
77528,0.475138
77529,0.475138
77530,0.475138
77531,0.475138
77532,0.475138
77533,0.475138
77534,0.475138
77535,0.475138
77536,0.475138
77537,0.475138
77538,0.475138
77539,0.475138
77540,0.475138
77541,0.475138
77542,0.475138
77543,0.475138
77544,0.475138
77545,0.475138
77546,0.475138
77547,0.475138
77548,0.475138
77549,0.475138
77550,0.475138
77551,0.475138
77552,0.475138
77553,0.475138
77554,0.475138
77555,0.475138
77556,0.475138
77557,0.475138
77558,0.475138
77559,0.475138
77560,0.475138
77561,0.475138
77562,0.475138
77563,0.475138
77564,0.475138
77565,0.475138
77566,0.475138
77567,0.475138
77568,0.475138
77569,0.475138
77570,0.475138
77571,0.475138
77572,0.475138
77573,0.475138
77574,0.475138
77575,0.475138
77576,0.475138
77577,0.475138
77578,0.475138
77579,0.475138
77580,0.475138
77581,0.475138
77582,0.475138
77583,0.475138
77584,0.475138
77585,0.475138
77586,0.475138
77587,0.475138
77588,0.475138
77589,0.475138
77590,0.475138
77591,0.475138
77592,0.475138
77593,0.475138
77594,0.475138
77595,0.475138
77596,0.475138
77597,0.475138
77598,0.475138
77599,0.475138
77600,0.475138
77601,0.475138
77602,0.475138
77603,0.475138
77604,0.475138
77605,0.475138
77606,0.475138
77607,0.475138
77608,0.475138
77609,0.475138
77610,0.475138
77611,0.475138
77612,0.475138
77613,0.475138
77614,0.475138
77615,0.475138
77616,0.475138
77617,0.475138
77618,0.475138
77619,0.475138
77620,0.475138
77621,0.475138
77622,0.475138
77623,0.475138
77624,0.475138
77625,0.475138
77626,0.475138
77627,0.475138
77628,0.475138
77629,0.475138
77630,0.475138
77631,0.475138
77632,0.475138
77633,0.475138
77634,0.475138
77635,0.475138
77636,0.475138
77637,0.475138
77638,0.475138
77639,0.475138
77640,0.475138
77641,0.475138
77642,0.475138
77643,0.475138
77644,0.475138
77645,0.475138
77646,0.475138
77647,0.475138
77648,0.475138
77649,0.475138
77650,0.475138
77651,0.475138
77652,0.475138
77653,0.475138
77654,0.475138
77655,0.475138
77656,0.475138
77657,0.475138
77658,0.475138
77659,0.475138
77660,0.475138
77661,0.475138
77662,0.475138
77663,0.475138
77664,0.475138
77665,0.475138
77666,0.475138
77667,0.475138
77668,0.475138
77669,0.475138
77670,0.475138
77671,0.475138
77672,0.475138
77673,0.475138
77674,0.475138
77675,0.475138
77676,0.475138
77677,0.475138
77678,0.475138
77679,0.475138
77680,0.475138
77681,0.475138
77682,0.475138
77683,0.475138
77684,0.475138
77685,0.475138
77686,0.475138
77687,0.475138
77688,0.475138
77689,0.475138
77690,0.475138
77691,0.475138
77692,0.475138
77693,0.475138
77694,0.475138
77695,0.475138
77696,0.475138
77697,0.475138
77698,0.475138
77699,0.475138
77700,0.475138
77701,0.475138
77702,0.475138
77703,0.475138
77704,0.475138
77705,0.475138
77706,0.475138
77707,0.475138
77708,0.475138
77709,0.475138
77710,0.475138
77711,0.475138
77712,0.475138
77713,0.475138
77714,0.475138
77715,0.475138
77716,0.475138
77717,0.475138
77718,0.475138
77719,0.475138
77720,0.475138
77721,0.475138
77722,0.475138
77723,0.475138
77724,0.475138
77725,0.475138
77726,0.475138
77727,0.475138
77728,0.475138
77729,0.475138
77730,0.475138
77731,0.475138
77732,0.475138
77733,0.475138
77734,0.475138
77735,0.475138
77736,0.475138
77737,0.475138
77738,0.475138
77739,0.475138
77740,0.475138
77741,0.475138
77742,0.475138
77743,0.475138
77744,0.475138
77745,0.475138
77746,0.475138
77747,0.475138
77748,0.475138
77749,0.475138
77750,0.475138
77751,0.475138
77752,0.475138
77753,0.475138
77754,0.475138
77755,0.475138
77756,0.475138
77757,0.475138
77758,0.475138
77759,0.475138
77760,0.475138
77761,0.475138
77762,0.475138
77763,0.475138
77764,0.475138
77765,0.475138
77766,0.475138
77767,0.475138
77768,0.475138
77769,0.475138
77770,0.475138
77771,0.475138
77772,0.475138
77773,0.475138
77774,0.475138
77775,0.475138
77776,0.475138
77777,0.475138
77778,0.475138
77779,0.475138
77780,0.475138
77781,0.475138
77782,0.475138
77783,0.475138
77784,0.475138
77785,0.475138
77786,0.475138
77787,0.475138
77788,0.475138
77789,0.475138
77790,0.475138
77791,0.475138
77792,0.475138
77793,0.475138
77794,0.475138
77795,0.475138
77796,0.475138
77797,0.475138
77798,0.475138
77799,0.475138
77800,0.475138
77801,0.475138
77802,0.475138
77803,0.475138
77804,0.475138
77805,0.475138
77806,0.475138
77807,0.475138
77808,0.475138
77809,0.475138
77810,0.475138
77811,0.475138
77812,0.475138
77813,0.475138
77814,0.475138
77815,0.475138
77816,0.475138
77817,0.475138
77818,0.475138
77819,0.475138
77820,0.475138
77821,0.475138
77822,0.475138
77823,0.475138
77824,0.475138
77825,0.475138
77826,0.475138
77827,0.475138
77828,0.475138
77829,0.475138
77830,0.475138
77831,0.475138
77832,0.475138
77833,0.475138
77834,0.475138
77835,0.475138
77836,0.475138
77837,0.475138
77838,0.475138
77839,0.475138
77840,0.475138
77841,0.475138
77842,0.475138
77843,0.475138
77844,0.475138
77845,0.475138
77846,0.475138
77847,0.475138
77848,0.475138
77849,0.475138
77850,0.475138
77851,0.475138
77852,0.475138
77853,0.475138
77854,0.475138
77855,0.475138
77856,0.475138
77857,0.475138
77858,0.475138
77859,0.475138
77860,0.475138
77861,0.475138
77862,0.475138
77863,0.475138
77864,0.475138
77865,0.475138
77866,0.475138
77867,0.475138
77868,0.475138
77869,0.475138
77870,0.475138
77871,0.475138
77872,0.475138
77873,0.475138
77874,0.475138
77875,0.475138
77876,0.475138
77877,0.475138
77878,0.475138
77879,0.475138
77880,0.475138
77881,0.475138
77882,0.475138
77883,0.475138
77884,0.475138
77885,0.475138
77886,0.475138
77887,0.475138
77888,0.475138
77889,0.475138
77890,0.475138
77891,0.475138
77892,0.475138
77893,0.475138
77894,0.475138
77895,0.475138
77896,0.475138
77897,0.475138
77898,0.475138
77899,0.475138
77900,0.475138
77901,0.475138
77902,0.475138
77903,0.475138
77904,0.475138
77905,0.475138
77906,0.475138
77907,0.475138
77908,0.475138
77909,0.475138
77910,0.475138
77911,0.475138
77912,0.475138
77913,0.475138
77914,0.475138
77915,0.475138
77916,0.475138
77917,0.475138
77918,0.475138
77919,0.475138
77920,0.475138
77921,0.475138
77922,0.475138
77923,0.475138
77924,0.475138
77925,0.475138
77926,0.475138
77927,0.475138
77928,0.475138
77929,0.475138
77930,0.475138
77931,0.475138
77932,0.475138
77933,0.475138
77934,0.475138
77935,0.475138
77936,0.475138
77937,0.475138
77938,0.475138
77939,0.475138
77940,0.475138
77941,0.475138
77942,0.475138
77943,0.475138
77944,0.475138
77945,0.475138
77946,0.475138
77947,0.475138
77948,0.475138
77949,0.475138
77950,0.475138
77951,0.475138
77952,0.475138
77953,0.475138
77954,0.475138
77955,0.475138
77956,0.475138
77957,0.475138
77958,0.475138
77959,0.475138
77960,0.475138
77961,0.475138
77962,0.475138
77963,0.475138
77964,0.475138
77965,0.475138
77966,0.475138
77967,0.475138
77968,0.475138
77969,0.475138
77970,0.475138
77971,0.475138
77972,0.475138
77973,0.475138
77974,0.475138
77975,0.475138
77976,0.475138
77977,0.475138
77978,0.475138
77979,0.475138
77980,0.475138
77981,0.475138
77982,0.475138
77983,0.475138
77984,0.475138
77985,0.475138
77986,0.475138
77987,0.475138
77988,0.475138
77989,0.475138
77990,0.475138
77991,0.475138
77992,0.475138
77993,0.475138
77994,0.475138
77995,0.475138
77996,0.475138
77997,0.475138
77998,0.475138
77999,0.475138
78000,0.475138
78001,0.475138
78002,0.475138
78003,0.475138
78004,0.475138
78005,0.475138
78006,0.475138
78007,0.475138
78008,0.475138
78009,0.475138
78010,0.475138
78011,0.475138
78012,0.475138
78013,0.475138
78014,0.475138
78015,0.475138
78016,0.475138
78017,0.475138
78018,0.475138
78019,0.475138
78020,0.475138
78021,0.475138
78022,0.475138
78023,0.475138
78024,0.475138
78025,0.475138
78026,0.475138
78027,0.475138
78028,0.475138
78029,0.475138
78030,0.475138
78031,0.475138
78032,0.475138
78033,0.475138
78034,0.475138
78035,0.475138
78036,0.475138
78037,0.475138
78038,0.475138
78039,0.475138
78040,0.475138
78041,0.475138
78042,0.475138
78043,0.475138
78044,0.475138
78045,0.475138
78046,0.475138
78047,0.475138
78048,0.475138
78049,0.475138
78050,0.475138
78051,0.475138
78052,0.475138
78053,0.475138
78054,0.475138
78055,0.475138
78056,0.475138
78057,0.475138
78058,0.475138
78059,0.475138
78060,0.475138
78061,0.475138
78062,0.475138
78063,0.475138
78064,0.475138
78065,0.475138
78066,0.475138
78067,0.475138
78068,0.475138
78069,0.475138
78070,0.475138
78071,0.475138
78072,0.475138
78073,0.475138
78074,0.475138
78075,0.475138
78076,0.475138
78077,0.475138
78078,0.475138
78079,0.475138
78080,0.475138
78081,0.475138
78082,0.475138
78083,0.475138
78084,0.475138
78085,0.475138
78086,0.475138
78087,0.475138
78088,0.475138
78089,0.475138
78090,0.475138
78091,0.475138
78092,0.475138
78093,0.475138
78094,0.475138
78095,0.475138
78096,0.475138
78097,0.475138
78098,0.475138
78099,0.475138
78100,0.475138
78101,0.475138
78102,0.475138
78103,0.475138
78104,0.475138
78105,0.475138
78106,0.475138
78107,0.475138
78108,0.475138
78109,0.475138
78110,0.475138
78111,0.475138
78112,0.475138
78113,0.475138
78114,0.475138
78115,0.475138
78116,0.475138
78117,0.475138
78118,0.475138
78119,0.475138
78120,0.475138
78121,0.475138
78122,0.475138
78123,0.475138
78124,0.475138
78125,0.475138
78126,0.475138
78127,0.475138
78128,0.475138
78129,0.475138
78130,0.475138
78131,0.475138
78132,0.475138
78133,0.475138
78134,0.475138
78135,0.475138
78136,0.475138
78137,0.475138
78138,0.475138
78139,0.475138
78140,0.475138
78141,0.475138
78142,0.475138
78143,0.475138
78144,0.475138
78145,0.475138
78146,0.475138
78147,0.475138
78148,0.475138
78149,0.475138
78150,0.475138
78151,0.475138
78152,0.475138
78153,0.475138
78154,0.475138
78155,0.475138
78156,0.475138
78157,0.475138
78158,0.475138
78159,0.475138
78160,0.475138
78161,0.475138
78162,0.475138
78163,0.475138
78164,0.475138
78165,0.475138
78166,0.475138
78167,0.475138
78168,0.475138
78169,0.475138
78170,0.475138
78171,0.475138
78172,0.475138
78173,0.462505
78174,0.475138
78175,0.475138
78176,0.475138
78177,0.475138
78178,0.475138
78179,0.475138
78180,0.475138
78181,0.475138
78182,0.475138
78183,0.475138
78184,0.475138
78185,0.475138
78186,0.475138
78187,0.475138
78188,0.475138
78189,0.475138
78190,0.475138
78191,0.475138
78192,0.475138
78193,0.475138
78194,0.475138
78195,0.475138
78196,0.475138
78197,0.475138
78198,0.475138
78199,0.475138
78200,0.475138
78201,0.475138
78202,0.475138
78203,0.475138
78204,0.475138
78205,0.475138
78206,0.475138
78207,0.475138
78208,0.475138
78209,0.475138
78210,0.475138
78211,0.475138
78212,0.475138
78213,0.475138
78214,0.475138
78215,0.475138
78216,0.475138
78217,0.475138
78218,0.475138
78219,0.475138
78220,0.475138
78221,0.475138
78222,0.475138
78223,0.475138
78224,0.475138
78225,0.475138
78226,0.475138
78227,0.475138
78228,0.475138
78229,0.475138
78230,0.475138
78231,0.475138
78232,0.475138
78233,0.475138
78234,0.475138
78235,0.475138
78236,0.475138
78237,0.475138
78238,0.475138
78239,0.475138
78240,0.475138
78241,0.475138
78242,0.475138
78243,0.475138
78244,0.475138
78245,0.475138
78246,0.475138
78247,0.475138
78248,0.475138
78249,0.475138
78250,0.475138
78251,0.475138
78252,0.475138
78253,0.475138
78254,0.475138
78255,0.475138
78256,0.475138
78257,0.475138
78258,0.475138
78259,0.475138
78260,0.475138
78261,0.475138
78262,0.475138
78263,0.475138
78264,0.475138
78265,0.475138
78266,0.475138
78267,0.475138
78268,0.475138
78269,0.475138
78270,0.475138
78271,0.475138
78272,0.475138
78273,0.475138
78274,0.475138
78275,0.475138
78276,0.475138
78277,0.475138
78278,0.475138
78279,0.475138
78280,0.475138
78281,0.475138
78282,0.475138
78283,0.475138
78284,0.475138
78285,0.475138
78286,0.475138
78287,0.475138
78288,0.475138
78289,0.475138
78290,0.475138
78291,0.455405
78292,0.455405
78293,0.455405
78294,0.455405
78295,0.475138
78296,0.475138
78297,0.475138
78298,0.475138
78299,0.475138
78300,0.475138
78301,0.475138
78302,0.475138
78303,0.475138
78304,0.475138
78305,0.475138
78306,0.475138
78307,0.475138
78308,0.475138
78309,0.475138
78310,0.475138
78311,0.475138
78312,0.475138
78313,0.475138
78314,0.475138
78315,0.475138
78316,0.475138
78317,0.475138
78318,0.475138
78319,0.475138
78320,0.475138
78321,0.475138
78322,0.475138
78323,0.475138
78324,0.475138
78325,0.475138
78326,0.475138
78327,0.475138
78328,0.475138
78329,0.475138
78330,0.475138
78331,0.475138
78332,0.475138
78333,0.475138
78334,0.475138
78335,0.475138
78336,0.475138
78337,0.475138
78338,0.475138
78339,0.475138
78340,0.475138
78341,0.475138
78342,0.475138
78343,0.475138
78344,0.475138
78345,0.475138
78346,0.475138
78347,0.475138
78348,0.475138
78349,0.475138
78350,0.475138
78351,0.475138
78352,0.475138
78353,0.475138
78354,0.475138
78355,0.475138
78356,0.475138
78357,0.475138
78358,0.475138
78359,0.475138
78360,0.475138
78361,0.475138
78362,0.475138
78363,0.475138
78364,0.475138
78365,0.475138
78366,0.475138
78367,0.475138
78368,0.475138
78369,0.475138
78370,0.475138
78371,0.475138
78372,0.475138
78373,0.475138
78374,0.475138
78375,0.475138
78376,0.475138
78377,0.475138
78378,0.475138
78379,0.475138
78380,0.475138
78381,0.475138
78382,0.475138
78383,0.475138
78384,0.475138
78385,0.475138
78386,0.475138
78387,0.475138
78388,0.475138
78389,0.475138
78390,0.475138
78391,0.475138
78392,0.475138
78393,0.475138
78394,0.475138
78395,0.475138
78396,0.475138
78397,0.475138
78398,0.475138
78399,0.475138
78400,0.475138
78401,0.475138
78402,0.475138
78403,0.475138
78404,0.475138
78405,0.475138
78406,0.475138
78407,0.475138
78408,0.475138
78409,0.475138
78410,0.475138
78411,0.475138
78412,0.475138
78413,0.475138
78414,0.475138
78415,0.475138
78416,0.475138
78417,0.475138
78418,0.475138
78419,0.475138
78420,0.475138
78421,0.475138
78422,0.475138
78423,0.475138
78424,0.475138
78425,0.475138
78426,0.475138
78427,0.475138
78428,0.475138
78429,0.475138
78430,0.475138
78431,0.475138
78432,0.475138
78433,0.475138
78434,0.475138
78435,0.475138
78436,0.475138
78437,0.475138
78438,0.475138
78439,0.475138
78440,0.475138
78441,0.475138
78442,0.475138
78443,0.475138
78444,0.475138
78445,0.475138
78446,0.475138
78447,0.475138
78448,0.475138
78449,0.475138
78450,0.475138
78451,0.475138
78452,0.475138
78453,0.475138
78454,0.475138
78455,0.475138
78456,0.475138
78457,0.475138
78458,0.475138
78459,0.475138
78460,0.475138
78461,0.475138
78462,0.475138
78463,0.475138
78464,0.475138
78465,0.475138
78466,0.475138
78467,0.475138
78468,0.475138
78469,0.475138
78470,0.475138
78471,0.475138
78472,0.475138
78473,0.475138
78474,0.475138
78475,0.475138
78476,0.475138
78477,0.475138
78478,0.475138
78479,0.475138
78480,0.475138
78481,0.475138
78482,0.475138
78483,0.475138
78484,0.475138
78485,0.475138
78486,0.475138
78487,0.475138
78488,0.475138
78489,0.475138
78490,0.475138
78491,0.475138
78492,0.475138
78493,0.475138
78494,0.475138
78495,0.475138
78496,0.475138
78497,0.475138
78498,0.475138
78499,0.461602
78500,0.475138
78501,0.475138
78502,0.475138
78503,0.475138
78504,0.475138
78505,0.475138
78506,0.475138
78507,0.475138
78508,0.475138
78509,0.475138
78510,0.475138
78511,0.475138
78512,0.475138
78513,0.475138
78514,0.475138
78515,0.475138
78516,0.475138
78517,0.475138
78518,0.475138
78519,0.475138
78520,0.475138
78521,0.475138
78522,0.475138
78523,0.475138
78524,0.475138
78525,0.475138
78526,0.475138
78527,0.475138
78528,0.475138
78529,0.475138
78530,0.475138
78531,0.475138
78532,0.475138
78533,0.475138
78534,0.475138
78535,0.475138
78536,0.475138
78537,0.475138
78538,0.475138
78539,0.475138
78540,0.475138
78541,0.475138
78542,0.475138
78543,0.475138
78544,0.475138
78545,0.475138
78546,0.475138
78547,0.475138
78548,0.475138
78549,0.475138
78550,0.475138
78551,0.475138
78552,0.475138
78553,0.475138
78554,0.475138
78555,0.475138
78556,0.475138
78557,0.475138
78558,0.475138
78559,0.475138
78560,0.475138
78561,0.475138
78562,0.475138
78563,0.475138
78564,0.475138
78565,0.475138
78566,0.475138
78567,0.475138
78568,0.475138
78569,0.475138
78570,0.475138
78571,0.475138
78572,0.475138
78573,0.475138
78574,0.475138
78575,0.475138
78576,0.475138
78577,0.475138
78578,0.475138
78579,0.475138
78580,0.475138
78581,0.475138
78582,0.475138
78583,0.475138
78584,0.475138
78585,0.475138
78586,0.475138
78587,0.475138
78588,0.475138
78589,0.475138
78590,0.475138
78591,0.475138
78592,0.475138
78593,0.475138
78594,0.475138
78595,0.475138
78596,0.475138
78597,0.475138
78598,0.475138
78599,0.475138
78600,0.475138
78601,0.475138
78602,0.475138
78603,0.475138
78604,0.475138
78605,0.475138
78606,0.475138
78607,0.475138
78608,0.475138
78609,0.475138
78610,0.475138
78611,0.475138
78612,0.475138
78613,0.475138
78614,0.475138
78615,0.475138
78616,0.475138
78617,0.475138
78618,0.475138
78619,0.475138
78620,0.475138
78621,0.475138
78622,0.475138
78623,0.475138
78624,0.475138
78625,0.475138
78626,0.475138
78627,0.475138
78628,0.475138
78629,0.475138
78630,0.475138
78631,0.475138
78632,0.475138
78633,0.475138
78634,0.475138
78635,0.475138
78636,0.475138
78637,0.475138
78638,0.475138
78639,0.475138
78640,0.475138
78641,0.475138
78642,0.475138
78643,0.475138
78644,0.475138
78645,0.475138
78646,0.475138
78647,0.475138
78648,0.475138
78649,0.475138
78650,0.475138
78651,0.475138
78652,0.475138
78653,0.475138
78654,0.475138
78655,0.475138
78656,0.475138
78657,0.475138
78658,0.475138
78659,0.475138
78660,0.475138
78661,0.475138
78662,0.475138
78663,0.475138
78664,0.475138
78665,0.475138
78666,0.475138
78667,0.475138
78668,0.475138
78669,0.475138
78670,0.475138
78671,0.475138
78672,0.475138
78673,0.475138
78674,0.475138
78675,0.475138
78676,0.475138
78677,0.475138
78678,0.475138
78679,0.475138
78680,0.475138
78681,0.475138
78682,0.475138
78683,0.475138
78684,0.475138
78685,0.475138
78686,0.475138
78687,0.475138
78688,0.475138
78689,0.475138
78690,0.475138
78691,0.475138
78692,0.475138
78693,0.475138
78694,0.475138
78695,0.475138
78696,0.475138
78697,0.475138
78698,0.475138
78699,0.475138
78700,0.475138
78701,0.475138
78702,0.475138
78703,0.475138
78704,0.475138
78705,0.475138
78706,0.475138
78707,0.475138
78708,0.475138
78709,0.475138
78710,0.475138
78711,0.475138
78712,0.475138
78713,0.475138
78714,0.475138
78715,0.475138
78716,0.475138
78717,0.475138
78718,0.475138
78719,0.475138
78720,0.475138
78721,0.475138
78722,0.475138
78723,0.475138
78724,0.475138
78725,0.475138
78726,0.475138
78727,0.475138
78728,0.475138
78729,0.475138
78730,0.475138
78731,0.475138
78732,0.475138
78733,0.475138
78734,0.475138
78735,0.475138
78736,0.475138
78737,0.475138
78738,0.475138
78739,0.475138
78740,0.475138
78741,0.475138
78742,0.475138
78743,0.475138
78744,0.475138
78745,0.475138
78746,0.475138
78747,0.475138
78748,0.475138
78749,0.475138
78750,0.475138
78751,0.475138
78752,0.475138
78753,0.475138
78754,0.475138
78755,0.475138
78756,0.475138
78757,0.475138
78758,0.475138
78759,0.475138
78760,0.475138
78761,0.475138
78762,0.475138
78763,0.475138
78764,0.475138
78765,0.475138
78766,0.475138
78767,0.475138
78768,0.475138
78769,0.475138
78770,0.475138
78771,0.475138
78772,0.475138
78773,0.475138
78774,0.475138
78775,0.475138
78776,0.475138
78777,0.475138
78778,0.475138
78779,0.475138
78780,0.475138
78781,0.475138
78782,0.475138
78783,0.475138
78784,0.475138
78785,0.475138
78786,0.475138
78787,0.475138
78788,0.475138
78789,0.475138
78790,0.475138
78791,0.475138
78792,0.475138
78793,0.475138
78794,0.475138
78795,0.475138
78796,0.475138
78797,0.475138
78798,0.475138
78799,0.475138
78800,0.475138
78801,0.475138
78802,0.475138
78803,0.475138
78804,0.475138
78805,0.475138
78806,0.475138
78807,0.475138
78808,0.475138
78809,0.475138
78810,0.475138
78811,0.475138
78812,0.475138
78813,0.475138
78814,0.475138
78815,0.475138
78816,0.475138
78817,0.475138
78818,0.475138
78819,0.475138
78820,0.475138
78821,0.475138
78822,0.475138
78823,0.475138
78824,0.475138
78825,0.475138
78826,0.475138
78827,0.475138
78828,0.475138
78829,0.475138
78830,0.475138
78831,0.475138
78832,0.475138
78833,0.475138
78834,0.475138
78835,0.475138
78836,0.475138
78837,0.475138
78838,0.475138
78839,0.475138
78840,0.475138
78841,0.475138
78842,0.475138
78843,0.475138
78844,0.475138
78845,0.475138
78846,0.475138
78847,0.475138
78848,0.475138
78849,0.475138
78850,0.475138
78851,0.475138
78852,0.475138
78853,0.475138
78854,0.475138
78855,0.475138
78856,0.475138
78857,0.475138
78858,0.475138
78859,0.475138
78860,0.475138
78861,0.475138
78862,0.475138
78863,0.475138
78864,0.475138
78865,0.475138
78866,0.475138
78867,0.475138
78868,0.475138
78869,0.475138
78870,0.475138
78871,0.475138
78872,0.475138
78873,0.475138
78874,0.475138
78875,0.475138
78876,0.475138
78877,0.475138
78878,0.475138
78879,0.475138
78880,0.475138
78881,0.475138
78882,0.475138
78883,0.475138
78884,0.475138
78885,0.475138
78886,0.475138
78887,0.475138
78888,0.475138
78889,0.475138
78890,0.475138
78891,0.475138
78892,0.475138
78893,0.475138
78894,0.475138
78895,0.475138
78896,0.475138
78897,0.475138
78898,0.475138
78899,0.475138
78900,0.475138
78901,0.475138
78902,0.475138
78903,0.475138
78904,0.475138
78905,0.475138
78906,0.475138
78907,0.475138
78908,0.475138
78909,0.433504
78910,0.433504
78911,0.433504
78912,0.433504
78913,0.475138
78914,0.475138
78915,0.475138
78916,0.475138
78917,0.475138
78918,0.475138
78919,0.475138
78920,0.475138
78921,0.475138
78922,0.475138
78923,0.475138
78924,0.475138
78925,0.475138
78926,0.475138
78927,0.475138
78928,0.475138
78929,0.475138
78930,0.475138
78931,0.475138
78932,0.475138
78933,0.475138
78934,0.475138
78935,0.475138
78936,0.475138
78937,0.475138
78938,0.475138
78939,0.475138
78940,0.475138
78941,0.475138
78942,0.475138
78943,0.475138
78944,0.475138
78945,0.475138
78946,0.475138
78947,0.475138
78948,0.475138
78949,0.475138
78950,0.475138
78951,0.475138
78952,0.475138
78953,0.475138
78954,0.475138
78955,0.475138
78956,0.475138
78957,0.475138
78958,0.475138
78959,0.475138
78960,0.475138
78961,0.475138
78962,0.475138
78963,0.475138
78964,0.475138
78965,0.475138
78966,0.475138
78967,0.475138
78968,0.475138
78969,0.475138
78970,0.475138
78971,0.475138
78972,0.475138
78973,0.475138
78974,0.475138
78975,0.475138
78976,0.475138
78977,0.475138
78978,0.475138
78979,0.475138
78980,0.475138
78981,0.475138
78982,0.475138
78983,0.475138
78984,0.475138
78985,0.475138
78986,0.475138
78987,0.475138
78988,0.475138
78989,0.475138
78990,0.475138
78991,0.475138
78992,0.475138
78993,0.475138
78994,0.475138
78995,0.475138
78996,0.475138
78997,0.475138
78998,0.475138
78999,0.475138
79000,0.475138
79001,0.475138
79002,0.475138
79003,0.475138
79004,0.475138
79005,0.475138
79006,0.475138
79007,0.475138
79008,0.475138
79009,0.475138
79010,0.475138
79011,0.475138
79012,0.475138
79013,0.475138
79014,0.475138
79015,0.475138
79016,0.475138
79017,0.475138
79018,0.475138
79019,0.475138
79020,0.475138
79021,0.475138
79022,0.475138
79023,0.475138
79024,0.475138
79025,0.475138
79026,0.475138
79027,0.475138
79028,0.475138
79029,0.475138
79030,0.475138
79031,0.475138
79032,0.475138
79033,0.475138
79034,0.475138
79035,0.475138
79036,0.475138
79037,0.475138
79038,0.475138
79039,0.475138
79040,0.475138
79041,0.475138
79042,0.475138
79043,0.475138
79044,0.475138
79045,0.475138
79046,0.475138
79047,0.461658
79048,0.475138
79049,0.475138
79050,0.475138
79051,0.475138
79052,0.475138
79053,0.475138
79054,0.475138
79055,0.475138
79056,0.475138
79057,0.475138
79058,0.475138
79059,0.475138
79060,0.475138
79061,0.475138
79062,0.475138
79063,0.475138
79064,0.475138
79065,0.475138
79066,0.475138
79067,0.475138
79068,0.475138
79069,0.475138
79070,0.475138
79071,0.475138
79072,0.475138
79073,0.475138
79074,0.475138
79075,0.475138
79076,0.475138
79077,0.475138
79078,0.475138
79079,0.475138
79080,0.475138
79081,0.475138
79082,0.475138
79083,0.475138
79084,0.475138
79085,0.475138
79086,0.475138
79087,0.475138
79088,0.475138
79089,0.475138
79090,0.475138
79091,0.475138
79092,0.475138
79093,0.475138
79094,0.475138
79095,0.475138
79096,0.475138
79097,0.475138
79098,0.475138
79099,0.475138
79100,0.475138
79101,0.475138
79102,0.475138
79103,0.475138
79104,0.475138
79105,0.475138
79106,0.475138
79107,0.475138
79108,0.475138
79109,0.475138
79110,0.475138
79111,0.475138
79112,0.475138
79113,0.475138
79114,0.475138
79115,0.475138
79116,0.475138
79117,0.475138
79118,0.475138
79119,0.475138
79120,0.475138
79121,0.475138
79122,0.475138
79123,0.475138
79124,0.475138
79125,0.475138
79126,0.475138
79127,0.475138
79128,0.475138
79129,0.475138
79130,0.475138
79131,0.475138
79132,0.475138
79133,0.475138
79134,0.475138
79135,0.475138
79136,0.475138
79137,0.475138
79138,0.475138
79139,0.475138
79140,0.475138
79141,0.475138
79142,0.475138
79143,0.475138
79144,0.475138
79145,0.475138
79146,0.475138
79147,0.475138
79148,0.475138
79149,0.475138
79150,0.475138
79151,0.475138
79152,0.475138
79153,0.475138
79154,0.475138
79155,0.475138
79156,0.475138
79157,0.475138
79158,0.475138
79159,0.475138
79160,0.475138
79161,0.475138
79162,0.475138
79163,0.475138
79164,0.475138
79165,0.475138
79166,0.475138
79167,0.475138
79168,0.475138
79169,0.475138
79170,0.475138
79171,0.475138
79172,0.475138
79173,0.475138
79174,0.475138
79175,0.475138
79176,0.475138
79177,0.475138
79178,0.475138
79179,0.475138
79180,0.475138
79181,0.475138
79182,0.475138
79183,0.475138
79184,0.475138
79185,0.475138
79186,0.475138
79187,0.475138
79188,0.475138
79189,0.475138
79190,0.475138
79191,0.475138
79192,0.475138
79193,0.475138
79194,0.475138
79195,0.475138
79196,0.475138
79197,0.475138
79198,0.475138
79199,0.475138
79200,0.475138
79201,0.475138
79202,0.475138
79203,0.475138
79204,0.475138
79205,0.475138
79206,0.475138
79207,0.475138
79208,0.475138
79209,0.475138
79210,0.475138
79211,0.475138
79212,0.475138
79213,0.475138
79214,0.475138
79215,0.475138
79216,0.475138
79217,0.475138
79218,0.475138
79219,0.475138
79220,0.475138
79221,0.475138
79222,0.475138
79223,0.475138
79224,0.475138
79225,0.475138
79226,0.475138
79227,0.475138
79228,0.475138
79229,0.475138
79230,0.475138
79231,0.475138
79232,0.475138
79233,0.475138
79234,0.475138
79235,0.475138
79236,0.475138
79237,0.475138
79238,0.475138
79239,0.475138
79240,0.475138
79241,0.475138
79242,0.475138
79243,0.475138
79244,0.475138
79245,0.475138
79246,0.475138
79247,0.475138
79248,0.475138
79249,0.475138
79250,0.475138
79251,0.475138
79252,0.475138
79253,0.475138
79254,0.475138
79255,0.475138
79256,0.475138
79257,0.475138
79258,0.475138
79259,0.475138
79260,0.475138
79261,0.475138
79262,0.475138
79263,0.475138
79264,0.475138
79265,0.475138
79266,0.475138
79267,0.475138
79268,0.475138
79269,0.475138
79270,0.475138
79271,0.475138
79272,0.475138
79273,0.475138
79274,0.475138
79275,0.475138
79276,0.475138
79277,0.475138
79278,0.475138
79279,0.475138
79280,0.475138
79281,0.475138
79282,0.475138
79283,0.475138
79284,0.475138
79285,0.475138
79286,0.475138
79287,0.475138
79288,0.475138
79289,0.475138
79290,0.475138
79291,0.475138
79292,0.475138
79293,0.475138
79294,0.475138
79295,0.475138
79296,0.475138
79297,0.475138
79298,0.475138
79299,0.475138
79300,0.475138
79301,0.475138
79302,0.475138
79303,0.475138
79304,0.475138
79305,0.475138
79306,0.475138
79307,0.475138
79308,0.475138
79309,0.475138
79310,0.475138
79311,0.475138
79312,0.475138
79313,0.475138
79314,0.475138
79315,0.475138
79316,0.475138
79317,0.475138
79318,0.475138
79319,0.475138
79320,0.475138
79321,0.475138
79322,0.475138
79323,0.475138
79324,0.475138
79325,0.475138
79326,0.475138
79327,0.475138
79328,0.475138
79329,0.475138
79330,0.475138
79331,0.475138
79332,0.475138
79333,0.475138
79334,0.475138
79335,0.475138
79336,0.475138
79337,0.475138
79338,0.475138
79339,0.475138
79340,0.475138
79341,0.475138
79342,0.475138
79343,0.475138
79344,0.475138
79345,0.475138
79346,0.475138
79347,0.475138
79348,0.475138
79349,0.475138
79350,0.475138
79351,0.475138
79352,0.475138
79353,0.475138
79354,0.475138
79355,0.475138
79356,0.475138
79357,0.475138
79358,0.475138
79359,0.475138
79360,0.475138
79361,0.475138
79362,0.475138
79363,0.475138
79364,0.475138
79365,0.475138
79366,0.475138
79367,0.475138
79368,0.475138
79369,0.475138
79370,0.475138
79371,0.475138
79372,0.475138
79373,0.475138
79374,0.475138
79375,0.475138
79376,0.475138
79377,0.475138
79378,0.475138
79379,0.475138
79380,0.475138
79381,0.475138
79382,0.475138
79383,0.475138
79384,0.475138
79385,0.475138
79386,0.475138
79387,0.475138
79388,0.475138
79389,0.475138
79390,0.475138
79391,0.475138
79392,0.475138
79393,0.475138
79394,0.475138
79395,0.475138
79396,0.475138
79397,0.475138
79398,0.475138
79399,0.475138
79400,0.475138
79401,0.475138
79402,0.475138
79403,0.475138
79404,0.475138
79405,0.475138
79406,0.475138
79407,0.475138
79408,0.475138
79409,0.475138
79410,0.475138
79411,0.475138
79412,0.475138
79413,0.475138
79414,0.475138
79415,0.475138
79416,0.475138
79417,0.475138
79418,0.475138
79419,0.475138
79420,0.475138
79421,0.475138
79422,0.475138
79423,0.475138
79424,0.475138
79425,0.475138
79426,0.475138
79427,0.475138
79428,0.475138
79429,0.475138
79430,0.475138
79431,0.475138
79432,0.475138
79433,0.475138
79434,0.475138
79435,0.475138
79436,0.475138
79437,0.475138
79438,0.475138
79439,0.475138
79440,0.475138
79441,0.475138
79442,0.475138
79443,0.475138
79444,0.475138
79445,0.475138
79446,0.475138
79447,0.475138
79448,0.475138
79449,0.475138
79450,0.475138
79451,0.475138
79452,0.475138
79453,0.475138
79454,0.475138
79455,0.475138
79456,0.475138
79457,0.475138
79458,0.475138
79459,0.475138
79460,0.475138
79461,0.475138
79462,0.475138
79463,0.475138
79464,0.475138
79465,0.475138
79466,0.475138
79467,0.475138
79468,0.475138
79469,0.475138
79470,0.475138
79471,0.475138
79472,0.475138
79473,0.475138
79474,0.475138
79475,0.475138
79476,0.475138
79477,0.475138
79478,0.475138
79479,0.475138
79480,0.475138
79481,0.475138
79482,0.475138
79483,0.475138
79484,0.475138
79485,0.475138
79486,0.475138
79487,0.475138
79488,0.475138
79489,0.475138
79490,0.475138
79491,0.475138
79492,0.475138
79493,0.475138
79494,0.475138
79495,0.475138
79496,0.475138
79497,0.475138
79498,0.475138
79499,0.475138
79500,0.475138
79501,0.475138
79502,0.475138
79503,0.475138
79504,0.475138
79505,0.475138
79506,0.475138
79507,0.475138
79508,0.475138
79509,0.475138
79510,0.475138
79511,0.475138
79512,0.475138
79513,0.475138
79514,0.475138
79515,0.475138
79516,0.475138
79517,0.475138
79518,0.475138
79519,0.475138
79520,0.475138
79521,0.475138
79522,0.475138
79523,0.475138
79524,0.475138
79525,0.475138
79526,0.475138
79527,0.475138
79528,0.475138
79529,0.475138
79530,0.475138
79531,0.475138
79532,0.475138
79533,0.475138
79534,0.475138
79535,0.475138
79536,0.475138
79537,0.475138
79538,0.475138
79539,0.475138
79540,0.475138
79541,0.475138
79542,0.475138
79543,0.475138
79544,0.475138
79545,0.475138
79546,0.475138
79547,0.475138
79548,0.475138
79549,0.475138
79550,0.475138
79551,0.475138
79552,0.475138
79553,0.475138
79554,0.475138
79555,0.475138
79556,0.475138
79557,0.475138
79558,0.475138
79559,0.475138
79560,0.475138
79561,0.475138
79562,0.475138
79563,0.475138
79564,0.475138
79565,0.475138
79566,0.475138
79567,0.475138
79568,0.475138
79569,0.475138
79570,0.475138
79571,0.475138
79572,0.475138
79573,0.475138
79574,0.475138
79575,0.475138
79576,0.475138
79577,0.475138
79578,0.475138
79579,0.475138
79580,0.475138
79581,0.475138
79582,0.475138
79583,0.475138
79584,0.475138
79585,0.475138
79586,0.475138
79587,0.475138
79588,0.475138
79589,0.475138
79590,0.475138
79591,0.475138
79592,0.475138
79593,0.475138
79594,0.475138
79595,0.475138
79596,0.475138
79597,0.475138
79598,0.475138
79599,0.475138
79600,0.475138
79601,0.475138
79602,0.475138
79603,0.475138
79604,0.475138
79605,0.475138
79606,0.475138
79607,0.475138
79608,0.475138
79609,0.475138
79610,0.475138
79611,0.475138
79612,0.475138
79613,0.475138
79614,0.475138
79615,0.475138
79616,0.475138
79617,0.475138
79618,0.475138
79619,0.475138
79620,0.475138
79621,0.475138
79622,0.475138
79623,0.475138
79624,0.475138
79625,0.475138
79626,0.475138
79627,0.475138
79628,0.475138
79629,0.475138
79630,0.475138
79631,0.475138
79632,0.475138
79633,0.475138
79634,0.475138
79635,0.475138
79636,0.475138
79637,0.475138
79638,0.475138
79639,0.475138
79640,0.475138
79641,0.475138
79642,0.475138
79643,0.475138
79644,0.475138
79645,0.475138
79646,0.475138
79647,0.475138
79648,0.475138
79649,0.475138
79650,0.475138
79651,0.475138
79652,0.475138
79653,0.475138
79654,0.475138
79655,0.475138
79656,0.475138
79657,0.475138
79658,0.475138
79659,0.475138
79660,0.475138
79661,0.475138
79662,0.475138
79663,0.475138
79664,0.475138
79665,0.475138
79666,0.475138
79667,0.475138
79668,0.475138
79669,0.475138
79670,0.475138
79671,0.475138
79672,0.475138
79673,0.475138
79674,0.475138
79675,0.475138
79676,0.475138
79677,0.475138
79678,0.475138
79679,0.475138
79680,0.475138
79681,0.475138
79682,0.475138
79683,0.475138
79684,0.475138
79685,0.475138
79686,0.475138
79687,0.475138
79688,0.475138
79689,0.475138
79690,0.475138
79691,0.475138
79692,0.475138
79693,0.475138
79694,0.475138
79695,0.475138
79696,0.475138
79697,0.475138
79698,0.475138
79699,0.475138
79700,0.475138
79701,0.475138
79702,0.475138
79703,0.475138
79704,0.475138
79705,0.475138
79706,0.475138
79707,0.475138
79708,0.475138
79709,0.475138
79710,0.475138
79711,0.475138
79712,0.475138
79713,0.475138
79714,0.475138
79715,0.475138
79716,0.475138
79717,0.475138
79718,0.475138
79719,0.475138
79720,0.475138
79721,0.475138
79722,0.475138
79723,0.475138
79724,0.475138
79725,0.475138
79726,0.475138
79727,0.475138
79728,0.475138
79729,0.475138
79730,0.475138
79731,0.475138
79732,0.475138
79733,0.475138
79734,0.475138
79735,0.475138
79736,0.475138
79737,0.475138
79738,0.475138
79739,0.475138
79740,0.475138
79741,0.475138
79742,0.475138
79743,0.475138
79744,0.475138
79745,0.475138
79746,0.475138
79747,0.475138
79748,0.475138
79749,0.475138
79750,0.475138
79751,0.475138
79752,0.475138
79753,0.475138
79754,0.475138
79755,0.475138
79756,0.475138
79757,0.475138
79758,0.475138
79759,0.475138
79760,0.475138
79761,0.475138
79762,0.475138
79763,0.475138
79764,0.475138
79765,0.475138
79766,0.475138
79767,0.475138
79768,0.475138
79769,0.475138
79770,0.475138
79771,0.475138
79772,0.475138
79773,0.475138
79774,0.475138
79775,0.475138
79776,0.475138
79777,0.475138
79778,0.475138
79779,0.475138
79780,0.475138
79781,0.475138
79782,0.475138
79783,0.475138
79784,0.475138
79785,0.475138
79786,0.475138
79787,0.475138
79788,0.475138
79789,0.475138
79790,0.475138
79791,0.475138
79792,0.475138
79793,0.475138
79794,0.475138
79795,0.475138
79796,0.475138
79797,0.475138
79798,0.475138
79799,0.475138
79800,0.475138
79801,0.475138
79802,0.475138
79803,0.475138
79804,0.475138
79805,0.475138
79806,0.475138
79807,0.475138
79808,0.475138
79809,0.475138
79810,0.475138
79811,0.475138
79812,0.475138
79813,0.475138
79814,0.475138
79815,0.475138
79816,0.475138
79817,0.475138
79818,0.475138
79819,0.475138
79820,0.475138
79821,0.475138
79822,0.475138
79823,0.475138
79824,0.475138
79825,0.475138
79826,0.475138
79827,0.475138
79828,0.475138
79829,0.475138
79830,0.475138
79831,0.475138
79832,0.475138
79833,0.475138
79834,0.475138
79835,0.475138
79836,0.475138
79837,0.475138
79838,0.475138
79839,0.475138
79840,0.475138
79841,0.475138
79842,0.475138
79843,0.475138
79844,0.475138
79845,0.475138
79846,0.475138
79847,0.475138
79848,0.475138
79849,0.475138
79850,0.475138
79851,0.475138
79852,0.475138
79853,0.475138
79854,0.475138
79855,0.475138
79856,0.475138
79857,0.475138
79858,0.475138
79859,0.475138
79860,0.475138
79861,0.475138
79862,0.475138
79863,0.475138
79864,0.475138
79865,0.475138
79866,0.475138
79867,0.475138
79868,0.475138
79869,0.475138
79870,0.475138
79871,0.475138
79872,0.475138
79873,0.475138
79874,0.475138
79875,0.475138
79876,0.475138
79877,0.475138
79878,0.475138
79879,0.475138
79880,0.475138
79881,0.475138
79882,0.475138
79883,0.475138
79884,0.475138
79885,0.475138
79886,0.475138
79887,0.475138
79888,0.475138
79889,0.475138
79890,0.475138
79891,0.475138
79892,0.475138
79893,0.475138
79894,0.475138
79895,0.475138
79896,0.475138
79897,0.475138
79898,0.475138
79899,0.475138
79900,0.475138
79901,0.475138
79902,0.475138
79903,0.475138
79904,0.475138
79905,0.475138
79906,0.475138
79907,0.475138
79908,0.475138
79909,0.475138
79910,0.475138
79911,0.475138
79912,0.475138
79913,0.475138
79914,0.475138
79915,0.475138
79916,0.475138
79917,0.475138
79918,0.475138
79919,0.475138
79920,0.475138
79921,0.475138
79922,0.475138
79923,0.475138
79924,0.475138
79925,0.475138
79926,0.475138
79927,0.475138
79928,0.475138
79929,0.475138
79930,0.475138
79931,0.475138
79932,0.475138
79933,0.475138
79934,0.475138
79935,0.475138
79936,0.475138
79937,0.475138
79938,0.475138
79939,0.475138
79940,0.475138
79941,0.475138
79942,0.475138
79943,0.475138
79944,0.475138
79945,0.475138
79946,0.475138
79947,0.475138
79948,0.475138
79949,0.475138
79950,0.475138
79951,0.475138
79952,0.475138
79953,0.475138
79954,0.475138
79955,0.475138
79956,0.475138
79957,0.475138
79958,0.475138
79959,0.475138
79960,0.475138
79961,0.475138
79962,0.475138
79963,0.475138
79964,0.475138
79965,0.475138
79966,0.475138
79967,0.475138
79968,0.475138
79969,0.475138
79970,0.475138
79971,0.475138
79972,0.475138
79973,0.475138
79974,0.475138
79975,0.475138
79976,0.475138
79977,0.475138
79978,0.475138
79979,0.475138
79980,0.475138
79981,0.475138
79982,0.475138
79983,0.475138
79984,0.475138
79985,0.475138
79986,0.475138
79987,0.475138
79988,0.475138
79989,0.475138
79990,0.475138
79991,0.475138
79992,0.475138
79993,0.475138
79994,0.475138
79995,0.475138
79996,0.475138
79997,0.475138
79998,0.475138
79999,0.475138
80000,0.475138
80001,0.475138
80002,0.475138
80003,0.475138
80004,0.475138
80005,0.475138
80006,0.475138
80007,0.475138
80008,0.475138
80009,0.475138
80010,0.475138
80011,0.475138
80012,0.475138
80013,0.475138
80014,0.475138
80015,0.475138
80016,0.475138
80017,0.475138
80018,0.475138
80019,0.475138
80020,0.475138
80021,0.475138
80022,0.475138
80023,0.475138
80024,0.475138
80025,0.475138
80026,0.475138
80027,0.475138
80028,0.475138
80029,0.475138
80030,0.475138
80031,0.475138
80032,0.475138
80033,0.475138
80034,0.475138
80035,0.475138
80036,0.475138
80037,0.475138
80038,0.475138
80039,0.475138
80040,0.473035
80041,0.475138
80042,0.475138
80043,0.475138
80044,0.475138
80045,0.475138
80046,0.475138
80047,0.475138
80048,0.475138
80049,0.475138
80050,0.475138
80051,0.475138
80052,0.475138
80053,0.475138
80054,0.475138
80055,0.475138
80056,0.475138
80057,0.475138
80058,0.475138
80059,0.475138
80060,0.475138
80061,0.475138
80062,0.475138
80063,0.475138
80064,0.475138
80065,0.475138
80066,0.475138
80067,0.475138
80068,0.475138
80069,0.475138
80070,0.475138
80071,0.475138
80072,0.475138
80073,0.475138
80074,0.475138
80075,0.475138
80076,0.475138
80077,0.475138
80078,0.475138
80079,0.475138
80080,0.475138
80081,0.475138
80082,0.475138
80083,0.475138
80084,0.475138
80085,0.475138
80086,0.475138
80087,0.475138
80088,0.475138
80089,0.475138
80090,0.475138
80091,0.475138
80092,0.475138
80093,0.475138
80094,0.475138
80095,0.475138
80096,0.475138
80097,0.475138
80098,0.475138
80099,0.475138
80100,0.475138
80101,0.475138
80102,0.475138
80103,0.475138
80104,0.475138
80105,0.475138
80106,0.475138
80107,0.475138
80108,0.475138
80109,0.475138
80110,0.475138
80111,0.475138
80112,0.475138
80113,0.475138
80114,0.475138
80115,0.475138
80116,0.475138
80117,0.475138
80118,0.475138
80119,0.475138
80120,0.475138
80121,0.475138
80122,0.475138
80123,0.475138
80124,0.475138
80125,0.475138
80126,0.475138
80127,0.475138
80128,0.475138
80129,0.475138
80130,0.475138
80131,0.475138
80132,0.475138
80133,0.475138
80134,0.475138
80135,0.475138
80136,0.475138
80137,0.475138
80138,0.475138
80139,0.475138
80140,0.475138
80141,0.475138
80142,0.475138
80143,0.475138
80144,0.475138
80145,0.475138
80146,0.475138
80147,0.475138
80148,0.475138
80149,0.475138
80150,0.475138
80151,0.475138
80152,0.475138
80153,0.475138
80154,0.475138
80155,0.475138
80156,0.475138
80157,0.475138
80158,0.475138
80159,0.475138
80160,0.475138
80161,0.475138
80162,0.475138
80163,0.475138
80164,0.475138
80165,0.475138
80166,0.475138
80167,0.475138
80168,0.475138
80169,0.475138
80170,0.475138
80171,0.475138
80172,0.475138
80173,0.475138
80174,0.475138
80175,0.475138
80176,0.475138
80177,0.475138
80178,0.475138
80179,0.475138
80180,0.475138
80181,0.475138
80182,0.475138
80183,0.475138
80184,0.475138
80185,0.475138
80186,0.475138
80187,0.475138
80188,0.475138
80189,0.475138
80190,0.475138
80191,0.475138
80192,0.475138
80193,0.475138
80194,0.475138
80195,0.475138
80196,0.475138
80197,0.475138
80198,0.475138
80199,0.475138
80200,0.475138
80201,0.475138
80202,0.475138
80203,0.475138
80204,0.475138
80205,0.475138
80206,0.475138
80207,0.475138
80208,0.475138
80209,0.475138
80210,0.475138
80211,0.475138
80212,0.475138
80213,0.475138
80214,0.475138
80215,0.475138
80216,0.475138
80217,0.475138
80218,0.475138
80219,0.475138
80220,0.475138
80221,0.475138
80222,0.475138
80223,0.475138
80224,0.475138
80225,0.475138
80226,0.475138
80227,0.475138
80228,0.475138
80229,0.475138
80230,0.475138
80231,0.475138
80232,0.475138
80233,0.475138
80234,0.475138
80235,0.475138
80236,0.475138
80237,0.475138
80238,0.475138
80239,0.475138
80240,0.475138
80241,0.475138
80242,0.475138
80243,0.475138
80244,0.475138
80245,0.475138
80246,0.475138
80247,0.475138
80248,0.475138
80249,0.475138
80250,0.475138
80251,0.475138
80252,0.475138
80253,0.475138
80254,0.475138
80255,0.475138
80256,0.475138
80257,0.475138
80258,0.475138
80259,0.475138
80260,0.475138
80261,0.475138
80262,0.475138
80263,0.475138
80264,0.475138
80265,0.475138
80266,0.475138
80267,0.475138
80268,0.475138
80269,0.475138
80270,0.475138
80271,0.475138
80272,0.475138
80273,0.475138
80274,0.475138
80275,0.475138
80276,0.475138
80277,0.475138
80278,0.475138
80279,0.475138
80280,0.475138
80281,0.475138
80282,0.475138
80283,0.475138
80284,0.475138
80285,0.475138
80286,0.475138
80287,0.475138
80288,0.475138
80289,0.475138
80290,0.475138
80291,0.475138
80292,0.475138
80293,0.475138
80294,0.475138
80295,0.475138
80296,0.475138
80297,0.475138
80298,0.475138
80299,0.475138
80300,0.475138
80301,0.475138
80302,0.475138
80303,0.475138
80304,0.475138
80305,0.475138
80306,0.475138
80307,0.475138
80308,0.475138
80309,0.475138
80310,0.475138
80311,0.475138
80312,0.475138
80313,0.475138
80314,0.475138
80315,0.475138
80316,0.475138
80317,0.475138
80318,0.475138
80319,0.475138
80320,0.475138
80321,0.475138
80322,0.475138
80323,0.475138
80324,0.475138
80325,0.475138
80326,0.475138
80327,0.475138
80328,0.475138
80329,0.475138
80330,0.475138
80331,0.475138
80332,0.475138
80333,0.475138
80334,0.475138
80335,0.475138
80336,0.475138
80337,0.475138
80338,0.475138
80339,0.475138
80340,0.475138
80341,0.475138
80342,0.475138
80343,0.475138
80344,0.475138
80345,0.475138
80346,0.475138
80347,0.475138
80348,0.475138
80349,0.475138
80350,0.475138
80351,0.475138
80352,0.475138
80353,0.475138
80354,0.475138
80355,0.475138
80356,0.475138
80357,0.475138
80358,0.475138
80359,0.475138
80360,0.475138
80361,0.475138
80362,0.475138
80363,0.475138
80364,0.475138
80365,0.475138
80366,0.475138
80367,0.475138
80368,0.475138
80369,0.475138
80370,0.475138
80371,0.475138
80372,0.475138
80373,0.475138
80374,0.475138
80375,0.475138
80376,0.475138
80377,0.475138
80378,0.475138
80379,0.475138
80380,0.475138
80381,0.475138
80382,0.475138
80383,0.475138
80384,0.475138
80385,0.475138
80386,0.475138
80387,0.475138
80388,0.475138
80389,0.475138
80390,0.475138
80391,0.475138
80392,0.475138
80393,0.475138
80394,0.475138
80395,0.475138
80396,0.475138
80397,0.475138
80398,0.475138
80399,0.475138
80400,0.475138
80401,0.475138
80402,0.475138
80403,0.475138
80404,0.475138
80405,0.475138
80406,0.475138
80407,0.475138
80408,0.475138
80409,0.475138
80410,0.475138
80411,0.475138
80412,0.475138
80413,0.475138
80414,0.475138
80415,0.475138
80416,0.475138
80417,0.475138
80418,0.475138
80419,0.475138
80420,0.475138
80421,0.475138
80422,0.475138
80423,0.475138
80424,0.475138
80425,0.475138
80426,0.475138
80427,0.475138
80428,0.475138
80429,0.475138
80430,0.475138
80431,0.475138
80432,0.475138
80433,0.475138
80434,0.475138
80435,0.475138
80436,0.475138
80437,0.475138
80438,0.475138
80439,0.475138
80440,0.475138
80441,0.475138
80442,0.475138
80443,0.475138
80444,0.475138
80445,0.475138
80446,0.475138
80447,0.475138
80448,0.475138
80449,0.475138
80450,0.475138
80451,0.475138
80452,0.475138
80453,0.475138
80454,0.475138
80455,0.475138
80456,0.475138
80457,0.475138
80458,0.475138
80459,0.475138
80460,0.475138
80461,0.475138
80462,0.475138
80463,0.475138
80464,0.475138
80465,0.475138
80466,0.475138
80467,0.475138
80468,0.475138
80469,0.475138
80470,0.475138
80471,0.475138
80472,0.475138
80473,0.475138
80474,0.475138
80475,0.475138
80476,0.475138
80477,0.475138
80478,0.475138
80479,0.475138
80480,0.475138
80481,0.475138
80482,0.475138
80483,0.475138
80484,0.475138
80485,0.475138
80486,0.475138
80487,0.475138
80488,0.475138
80489,0.475138
80490,0.475138
80491,0.475138
80492,0.475138
80493,0.475138
80494,0.475138
80495,0.475138
80496,0.475138
80497,0.475138
80498,0.475138
80499,0.475138
80500,0.475138
80501,0.475138
80502,0.475138
80503,0.475138
80504,0.475138
80505,0.475138
80506,0.475138
80507,0.475138
80508,0.475138
80509,0.475138
80510,0.475138
80511,0.475138
80512,0.475138
80513,0.475138
80514,0.475138
80515,0.475138
80516,0.475138
80517,0.475138
80518,0.475138
80519,0.475138
80520,0.475138
80521,0.475138
80522,0.475138
80523,0.475138
80524,0.475138
80525,0.475138
80526,0.475138
80527,0.475138
80528,0.475138
80529,0.475138
80530,0.475138
80531,0.475138
80532,0.475138
80533,0.475138
80534,0.475138
80535,0.475138
80536,0.475138
80537,0.475138
80538,0.475138
80539,0.475138
80540,0.475138
80541,0.475138
80542,0.475138
80543,0.475138
80544,0.475138
80545,0.475138
80546,0.475138
80547,0.475138
80548,0.475138
80549,0.475138
80550,0.475138
80551,0.475138
80552,0.475138
80553,0.475138
80554,0.475138
80555,0.475138
80556,0.475138
80557,0.475138
80558,0.475138
80559,0.475138
80560,0.475138
80561,0.475138
80562,0.475138
80563,0.475138
80564,0.475138
80565,0.475138
80566,0.475138
80567,0.475138
80568,0.475138
80569,0.475138
80570,0.475138
80571,0.475138
80572,0.475138
80573,0.475138
80574,0.475138
80575,0.475138
80576,0.475138
80577,0.475138
80578,0.475138
80579,0.475138
80580,0.475138
80581,0.475138
80582,0.475138
80583,0.475138
80584,0.475138
80585,0.475138
80586,0.475138
80587,0.475138
80588,0.475138
80589,0.475138
80590,0.475138
80591,0.475138
80592,0.475138
80593,0.475138
80594,0.475138
80595,0.475138
80596,0.475138
80597,0.475138
80598,0.475138
80599,0.475138
80600,0.475138
80601,0.475138
80602,0.475138
80603,0.475138
80604,0.475138
80605,0.475138
80606,0.475138
80607,0.475138
80608,0.475138
80609,0.475138
80610,0.475138
80611,0.475138
80612,0.475138
80613,0.475138
80614,0.475138
80615,0.475138
80616,0.475138
80617,0.475138
80618,0.475138
80619,0.475138
80620,0.475138
80621,0.475138
80622,0.475138
80623,0.475138
80624,0.475138
80625,0.475138
80626,0.475138
80627,0.475138
80628,0.475138
80629,0.475138
80630,0.475138
80631,0.475138
80632,0.475138
80633,0.475138
80634,0.475138
80635,0.475138
80636,0.475138
80637,0.475138
80638,0.475138
80639,0.475138
80640,0.475138
80641,0.475138
80642,0.475138
80643,0.475138
80644,0.475138
80645,0.475138
80646,0.475138
80647,0.475138
80648,0.475138
80649,0.475138
80650,0.475138
80651,0.475138
80652,0.475138
80653,0.475138
80654,0.475138
80655,0.475138
80656,0.475138
80657,0.475138
80658,0.475138
80659,0.475138
80660,0.475138
80661,0.475138
80662,0.475138
80663,0.475138
80664,0.475138
80665,0.475138
80666,0.475138
80667,0.475138
80668,0.475138
80669,0.475138
80670,0.475138
80671,0.475138
80672,0.475138
80673,0.475138
80674,0.475138
80675,0.475138
80676,0.475138
80677,0.475138
80678,0.475138
80679,0.475138
80680,0.475138
80681,0.475138
80682,0.475138
80683,0.475138
80684,0.475138
80685,0.475138
80686,0.475138
80687,0.475138
80688,0.475138
80689,0.475138
80690,0.475138
80691,0.475138
80692,0.475138
80693,0.475138
80694,0.475138
80695,0.475138
80696,0.475138
80697,0.475138
80698,0.475138
80699,0.475138
80700,0.475138
80701,0.475138
80702,0.475138
80703,0.475138
80704,0.475138
80705,0.475138
80706,0.475138
80707,0.475138
80708,0.475138
80709,0.475138
80710,0.475138
80711,0.475138
80712,0.475138
80713,0.475138
80714,0.475138
80715,0.475138
80716,0.475138
80717,0.475138
80718,0.475138
80719,0.475138
80720,0.475138
80721,0.475138
80722,0.475138
80723,0.475138
80724,0.475138
80725,0.475138
80726,0.475138
80727,0.475138
80728,0.475138
80729,0.475138
80730,0.475138
80731,0.475138
80732,0.475138
80733,0.475138
80734,0.475138
80735,0.475138
80736,0.475138
80737,0.475138
80738,0.475138
80739,0.475138
80740,0.475138
80741,0.475138
80742,0.475138
80743,0.475138
80744,0.475138
80745,0.475138
80746,0.475138
80747,0.475138
80748,0.475138
80749,0.475138
80750,0.475138
80751,0.475138
80752,0.475138
80753,0.475138
80754,0.475138
80755,0.475138
80756,0.475138
80757,0.475138
80758,0.475138
80759,0.475138
80760,0.475138
80761,0.475138
80762,0.475138
80763,0.475138
80764,0.475138
80765,0.475138
80766,0.475138
80767,0.475138
80768,0.475138
80769,0.475138
80770,0.475138
80771,0.475138
80772,0.475138
80773,0.475138
80774,0.475138
80775,0.475138
80776,0.475138
80777,0.475138
80778,0.475138
80779,0.475138
80780,0.475138
80781,0.475138
80782,0.475138
80783,0.475138
80784,0.475138
80785,0.475138
80786,0.475138
80787,0.475138
80788,0.475138
80789,0.475138
80790,0.475138
80791,0.475138
80792,0.475138
80793,0.475138
80794,0.475138
80795,0.475138
80796,0.475138
80797,0.475138
80798,0.475138
80799,0.475138
80800,0.475138
80801,0.475138
80802,0.475138
80803,0.475138
80804,0.475138
80805,0.475138
80806,0.475138
80807,0.475138
80808,0.475138
80809,0.475138
80810,0.475138
80811,0.475138
80812,0.475138
80813,0.475138
80814,0.475138
80815,0.475138
80816,0.475138
80817,0.475138
80818,0.475138
80819,0.475138
80820,0.475138
80821,0.475138
80822,0.475138
80823,0.475138
80824,0.475138
80825,0.475138
80826,0.475138
80827,0.475138
80828,0.475138
80829,0.475138
80830,0.475138
80831,0.475138
80832,0.475138
80833,0.475138
80834,0.475138
80835,0.475138
80836,0.475138
80837,0.475138
80838,0.475138
80839,0.475138
80840,0.475138
80841,0.475138
80842,0.475138
80843,0.475138
80844,0.475138
80845,0.475138
80846,0.475138
80847,0.475138
80848,0.475138
80849,0.475138
80850,0.475138
80851,0.475138
80852,0.475138
80853,0.475138
80854,0.475138
80855,0.475138
80856,0.475138
80857,0.475138
80858,0.475138
80859,0.475138
80860,0.475138
80861,0.475138
80862,0.475138
80863,0.475138
80864,0.475138
80865,0.475138
80866,0.475138
80867,0.475138
80868,0.475138
80869,0.475138
80870,0.475138
80871,0.475138
80872,0.475138
80873,0.475138
80874,0.475138
80875,0.475138
80876,0.475138
80877,0.475138
80878,0.475138
80879,0.475138
80880,0.475138
80881,0.475138
80882,0.475138
80883,0.475138
80884,0.475138
80885,0.475138
80886,0.475138
80887,0.475138
80888,0.475138
80889,0.475138
80890,0.475138
80891,0.475138
80892,0.475138
80893,0.475138
80894,0.475138
80895,0.475138
80896,0.475138
80897,0.475138
80898,0.475138
80899,0.475138
80900,0.475138
80901,0.475138
80902,0.475138
80903,0.475138
80904,0.475138
80905,0.475138
80906,0.475138
80907,0.475138
80908,0.475138
80909,0.475138
80910,0.475138
80911,0.475138
80912,0.475138
80913,0.475138
80914,0.475138
80915,0.475138
80916,0.475138
80917,0.475138
80918,0.475138
80919,0.475138
80920,0.475138
80921,0.475138
80922,0.475138
80923,0.475138
80924,0.475138
80925,0.475138
80926,0.475138
80927,0.475138
80928,0.475138
80929,0.475138
80930,0.475138
80931,0.475138
80932,0.475138
80933,0.475138
80934,0.475138
80935,0.475138
80936,0.475138
80937,0.475138
80938,0.475138
80939,0.475138
80940,0.475138
80941,0.475138
80942,0.475138
80943,0.475138
80944,0.475138
80945,0.475138
80946,0.475138
80947,0.475138
80948,0.475138
80949,0.475138
80950,0.475138
80951,0.475138
80952,0.475138
80953,0.475138
80954,0.475138
80955,0.475138
80956,0.475138
80957,0.475138
80958,0.475138
80959,0.475138
80960,0.475138
80961,0.475138
80962,0.475138
80963,0.475138
80964,0.475138
80965,0.475138
80966,0.475138
80967,0.475138
80968,0.475138
80969,0.475138
80970,0.475138
80971,0.475138
80972,0.475138
80973,0.475138
80974,0.475138
80975,0.475138
80976,0.475138
80977,0.475138
80978,0.475138
80979,0.475138
80980,0.475138
80981,0.475138
80982,0.475138
80983,0.475138
80984,0.475138
80985,0.475138
80986,0.475138
80987,0.475138
80988,0.475138
80989,0.475138
80990,0.475138
80991,0.475138
80992,0.475138
80993,0.475138
80994,0.475138
80995,0.475138
80996,0.475138
80997,0.475138
80998,0.475138
80999,0.475138
81000,0.475138
81001,0.475138
81002,0.475138
81003,0.475138
81004,0.475138
81005,0.475138
81006,0.475138
81007,0.475138
81008,0.475138
81009,0.475138
81010,0.475138
81011,0.475138
81012,0.475138
81013,0.475138
81014,0.475138
81015,0.475138
81016,0.475138
81017,0.475138
81018,0.475138
81019,0.475138
81020,0.475138
81021,0.475138
81022,0.475138
81023,0.475138
81024,0.475138
81025,0.475138
81026,0.475138
81027,0.475138
81028,0.475138
81029,0.475138
81030,0.475138
81031,0.475138
81032,0.475138
81033,0.475138
81034,0.475138
81035,0.475138
81036,0.475138
81037,0.475138
81038,0.475138
81039,0.475138
81040,0.475138
81041,0.475138
81042,0.475138
81043,0.475138
81044,0.475138
81045,0.475138
81046,0.475138
81047,0.475138
81048,0.475138
81049,0.475138
81050,0.475138
81051,0.475138
81052,0.475138
81053,0.475138
81054,0.475138
81055,0.475138
81056,0.475138
81057,0.475138
81058,0.475138
81059,0.475138
81060,0.475138
81061,0.475138
81062,0.475138
81063,0.475138
81064,0.475138
81065,0.475138
81066,0.475138
81067,0.475138
81068,0.475138
81069,0.475138
81070,0.475138
81071,0.475138
81072,0.475138
81073,0.475138
81074,0.475138
81075,0.475138
81076,0.475138
81077,0.475138
81078,0.475138
81079,0.475138
81080,0.475138
81081,0.475138
81082,0.475138
81083,0.475138
81084,0.475138
81085,0.475138
81086,0.475138
81087,0.475138
81088,0.475138
81089,0.475138
81090,0.475138
81091,0.475138
81092,0.475138
81093,0.475138
81094,0.475138
81095,0.475138
81096,0.475138
81097,0.475138
81098,0.475138
81099,0.475138
81100,0.475138
81101,0.475138
81102,0.475138
81103,0.475138
81104,0.475138
81105,0.475138
81106,0.475138
81107,0.475138
81108,0.475138
81109,0.475138
81110,0.475138
81111,0.475138
81112,0.475138
81113,0.475138
81114,0.475138
81115,0.475138
81116,0.475138
81117,0.475138
81118,0.475138
81119,0.475138
81120,0.475138
81121,0.475138
81122,0.475138
81123,0.475138
81124,0.475138
81125,0.475138
81126,0.475138
81127,0.475138
81128,0.475138
81129,0.475138
81130,0.475138
81131,0.475138
81132,0.475138
81133,0.475138
81134,0.475138
81135,0.475138
81136,0.475138
81137,0.475138
81138,0.475138
81139,0.475138
81140,0.475138
81141,0.475138
81142,0.475138
81143,0.475138
81144,0.475138
81145,0.475138
81146,0.475138
81147,0.475138
81148,0.475138
81149,0.436949
81150,0.475138
81151,0.475138
81152,0.475138
81153,0.475138
81154,0.475138
81155,0.475138
81156,0.475138
81157,0.475138
81158,0.475138
81159,0.475138
81160,0.475138
81161,0.475138
81162,0.475138
81163,0.475138
81164,0.475138
81165,0.475138
81166,0.475138
81167,0.475138
81168,0.475138
81169,0.475138
81170,0.475138
81171,0.475138
81172,0.475138
81173,0.475138
81174,0.475138
81175,0.475138
81176,0.475138
81177,0.475138
81178,0.475138
81179,0.475138
81180,0.475138
81181,0.475138
81182,0.475138
81183,0.475138
81184,0.475138
81185,0.475138
81186,0.475138
81187,0.475138
81188,0.475138
81189,0.475138
81190,0.475138
81191,0.475138
81192,0.475138
81193,0.475138
81194,0.475138
81195,0.475138
81196,0.475138
81197,0.475138
81198,0.475138
81199,0.475138
81200,0.475138
81201,0.475138
81202,0.475138
81203,0.475138
81204,0.475138
81205,0.475138
81206,0.475138
81207,0.475138
81208,0.475138
81209,0.475138
81210,0.475138
81211,0.475138
81212,0.475138
81213,0.475138
81214,0.475138
81215,0.475138
81216,0.475138
81217,0.475138
81218,0.475138
81219,0.475138
81220,0.475138
81221,0.475138
81222,0.475138
81223,0.475138
81224,0.475138
81225,0.475138
81226,0.475138
81227,0.475138
81228,0.475138
81229,0.475138
81230,0.475138
81231,0.475138
81232,0.475138
81233,0.475138
81234,0.475138
81235,0.475138
81236,0.475138
81237,0.475138
81238,0.475138
81239,0.475138
81240,0.475138
81241,0.475138
81242,0.475138
81243,0.475138
81244,0.475138
81245,0.475138
81246,0.475138
81247,0.475138
81248,0.475138
81249,0.475138
81250,0.475138
81251,0.475138
81252,0.475138
81253,0.475138
81254,0.475138
81255,0.475138
81256,0.475138
81257,0.475138
81258,0.475138
81259,0.475138
81260,0.475138
81261,0.475138
81262,0.475138
81263,0.475138
81264,0.475138
81265,0.475138
81266,0.475138
81267,0.475138
81268,0.475138
81269,0.475138
81270,0.475138
81271,0.475138
81272,0.475138
81273,0.475138
81274,0.475138
81275,0.475138
81276,0.475138
81277,0.475138
81278,0.475138
81279,0.475138
81280,0.475138
81281,0.475138
81282,0.475138
81283,0.475138
81284,0.475138
81285,0.475138
81286,0.475138
81287,0.475138
81288,0.475138
81289,0.475138
81290,0.475138
81291,0.475138
81292,0.475138
81293,0.475138
81294,0.475138
81295,0.475138
81296,0.475138
81297,0.475138
81298,0.475138
81299,0.475138
81300,0.475138
81301,0.475138
81302,0.475138
81303,0.475138
81304,0.475138
81305,0.475138
81306,0.475138
81307,0.475138
81308,0.475138
81309,0.475138
81310,0.475138
81311,0.475138
81312,0.475138
81313,0.475138
81314,0.475138
81315,0.475138
81316,0.475138
81317,0.475138
81318,0.475138
81319,0.475138
81320,0.475138
81321,0.475138
81322,0.475138
81323,0.475138
81324,0.475138
81325,0.475138
81326,0.475138
81327,0.475138
81328,0.475138
81329,0.475138
81330,0.475138
81331,0.475138
81332,0.475138
81333,0.475138
81334,0.475138
81335,0.475138
81336,0.475138
81337,0.475138
81338,0.475138
81339,0.475138
81340,0.475138
81341,0.475138
81342,0.475138
81343,0.475138
81344,0.475138
81345,0.475138
81346,0.475138
81347,0.475138
81348,0.475138
81349,0.475138
81350,0.475138
81351,0.475138
81352,0.475138
81353,0.475138
81354,0.475138
81355,0.475138
81356,0.475138
81357,0.475138
81358,0.475138
81359,0.475138
81360,0.475138
81361,0.475138
81362,0.475138
81363,0.475138
81364,0.475138
81365,0.475138
81366,0.475138
81367,0.475138
81368,0.475138
81369,0.475138
81370,0.475138
81371,0.475138
81372,0.475138
81373,0.475138
81374,0.475138
81375,0.475138
81376,0.475138
81377,0.475138
81378,0.475138
81379,0.475138
81380,0.475138
81381,0.475138
81382,0.475138
81383,0.475138
81384,0.475138
81385,0.475138
81386,0.475138
81387,0.475138
81388,0.475138
81389,0.475138
81390,0.475138
81391,0.475138
81392,0.475138
81393,0.475138
81394,0.475138
81395,0.475138
81396,0.475138
81397,0.475138
81398,0.475138
81399,0.475138
81400,0.475138
81401,0.475138
81402,0.475138
81403,0.475138
81404,0.475138
81405,0.475138
81406,0.475138
81407,0.475138
81408,0.475138
81409,0.475138
81410,0.475138
81411,0.475138
81412,0.475138
81413,0.475138
81414,0.475138
81415,0.475138
81416,0.475138
81417,0.475138
81418,0.475138
81419,0.475138
81420,0.475138
81421,0.475138
81422,0.475138
81423,0.475138
81424,0.475138
81425,0.475138
81426,0.475138
81427,0.475138
81428,0.475138
81429,0.475138
81430,0.475138
81431,0.475138
81432,0.475138
81433,0.475138
81434,0.475138
81435,0.475138
81436,0.475138
81437,0.475138
81438,0.475138
81439,0.475138
81440,0.475138
81441,0.475138
81442,0.475138
81443,0.475138
81444,0.475138
81445,0.475138
81446,0.475138
81447,0.475138
81448,0.475138
81449,0.475138
81450,0.475138
81451,0.475138
81452,0.475138
81453,0.475138
81454,0.475138
81455,0.475138
81456,0.475138
81457,0.475138
81458,0.475138
81459,0.475138
81460,0.475138
81461,0.475138
81462,0.475138
81463,0.475138
81464,0.475138
81465,0.475138
81466,0.475138
81467,0.475138
81468,0.475138
81469,0.475138
81470,0.475138
81471,0.475138
81472,0.475138
81473,0.475138
81474,0.475138
81475,0.475138
81476,0.475138
81477,0.475138
81478,0.475138
81479,0.475138
81480,0.475138
81481,0.475138
81482,0.475138
81483,0.475138
81484,0.475138
81485,0.475138
81486,0.475138
81487,0.475138
81488,0.475138
81489,0.475138
81490,0.475138
81491,0.475138
81492,0.475138
81493,0.475138
81494,0.475138
81495,0.475138
81496,0.475138
81497,0.475138
81498,0.475138
81499,0.475138
81500,0.475138
81501,0.475138
81502,0.475138
81503,0.475138
81504,0.475138
81505,0.475138
81506,0.475138
81507,0.475138
81508,0.475138
81509,0.475138
81510,0.475138
81511,0.475138
81512,0.475138
81513,0.475138
81514,0.475138
81515,0.475138
81516,0.475138
81517,0.475138
81518,0.475138
81519,0.475138
81520,0.475138
81521,0.475138
81522,0.475138
81523,0.475138
81524,0.475138
81525,0.475138
81526,0.475138
81527,0.475138
81528,0.475138
81529,0.475138
81530,0.475138
81531,0.475138
81532,0.475138
81533,0.475138
81534,0.475138
81535,0.475138
81536,0.475138
81537,0.475138
81538,0.475138
81539,0.475138
81540,0.475138
81541,0.475138
81542,0.475138
81543,0.475138
81544,0.475138
81545,0.475138
81546,0.475138
81547,0.475138
81548,0.475138
81549,0.475138
81550,0.475138
81551,0.475138
81552,0.475138
81553,0.475138
81554,0.475138
81555,0.475138
81556,0.475138
81557,0.475138
81558,0.475138
81559,0.475138
81560,0.475138
81561,0.475138
81562,0.475138
81563,0.475138
81564,0.475138
81565,0.475138
81566,0.475138
81567,0.475138
81568,0.475138
81569,0.475138
81570,0.475138
81571,0.475138
81572,0.475138
81573,0.475138
81574,0.475138
81575,0.475138
81576,0.475138
81577,0.475138
81578,0.475138
81579,0.475138
81580,0.475138
81581,0.475138
81582,0.475138
81583,0.475138
81584,0.475138
81585,0.475138
81586,0.475138
81587,0.475138
81588,0.475138
81589,0.475138
81590,0.475138
81591,0.475138
81592,0.475138
81593,0.475138
81594,0.475138
81595,0.475138
81596,0.475138
81597,0.475138
81598,0.475138
81599,0.475138
81600,0.475138
81601,0.475138
81602,0.475138
81603,0.475138
81604,0.475138
81605,0.475138
81606,0.475138
81607,0.475138
81608,0.475138
81609,0.475138
81610,0.475138
81611,0.475138
81612,0.475138
81613,0.475138
81614,0.475138
81615,0.475138
81616,0.475138
81617,0.475138
81618,0.475138
81619,0.475138
81620,0.475138
81621,0.475138
81622,0.475138
81623,0.475138
81624,0.475138
81625,0.475138
81626,0.475138
81627,0.475138
81628,0.475138
81629,0.475138
81630,0.475138
81631,0.475138
81632,0.475138
81633,0.475138
81634,0.475138
81635,0.475138
81636,0.475138
81637,0.475138
81638,0.475138
81639,0.475138
81640,0.475138
81641,0.475138
81642,0.475138
81643,0.475138
81644,0.475138
81645,0.475138
81646,0.475138
81647,0.475138
81648,0.475138
81649,0.475138
81650,0.475138
81651,0.475138
81652,0.475138
81653,0.475138
81654,0.475138
81655,0.475138
81656,0.475138
81657,0.475138
81658,0.475138
81659,0.475138
81660,0.475138
81661,0.475138
81662,0.475138
81663,0.475138
81664,0.475138
81665,0.475138
81666,0.475138
81667,0.475138
81668,0.475138
81669,0.475138
81670,0.475138
81671,0.475138
81672,0.475138
81673,0.475138
81674,0.475138
81675,0.475138
81676,0.475138
81677,0.475138
81678,0.475138
81679,0.475138
81680,0.475138
81681,0.475138
81682,0.475138
81683,0.475138
81684,0.475138
81685,0.475138
81686,0.475138
81687,0.475138
81688,0.475138
81689,0.475138
81690,0.475138
81691,0.475138
81692,0.475138
81693,0.475138
81694,0.475138
81695,0.475138
81696,0.475138
81697,0.475138
81698,0.475138
81699,0.475138
81700,0.475138
81701,0.475138
81702,0.475138
81703,0.475138
81704,0.475138
81705,0.475138
81706,0.475138
81707,0.475138
81708,0.475138
81709,0.475138
81710,0.475138
81711,0.475138
81712,0.475138
81713,0.475138
81714,0.475138
81715,0.475138
81716,0.475138
81717,0.475138
81718,0.475138
81719,0.475138
81720,0.475138
81721,0.475138
81722,0.475138
81723,0.475138
81724,0.475138
81725,0.475138
81726,0.475138
81727,0.475138
81728,0.475138
81729,0.475138
81730,0.475138
81731,0.475138
81732,0.475138
81733,0.475138
81734,0.475138
81735,0.475138
81736,0.475138
81737,0.475138
81738,0.475138
81739,0.475138
81740,0.475138
81741,0.475138
81742,0.475138
81743,0.475138
81744,0.475138
81745,0.475138
81746,0.475138
81747,0.475138
81748,0.475138
81749,0.475138
81750,0.475138
81751,0.475138
81752,0.475138
81753,0.475138
81754,0.475138
81755,0.475138
81756,0.475138
81757,0.475138
81758,0.475138
81759,0.475138
81760,0.475138
81761,0.475138
81762,0.475138
81763,0.475138
81764,0.475138
81765,0.475138
81766,0.475138
81767,0.475138
81768,0.475138
81769,0.475138
81770,0.475138
81771,0.475138
81772,0.475138
81773,0.475138
81774,0.475138
81775,0.475138
81776,0.475138
81777,0.475138
81778,0.475138
81779,0.475138
81780,0.475138
81781,0.475138
81782,0.475138
81783,0.475138
81784,0.474671
81785,0.475138
81786,0.475138
81787,0.475138
81788,0.475138
81789,0.475138
81790,0.475138
81791,0.475138
81792,0.475138
81793,0.475138
81794,0.475138
81795,0.475138
81796,0.475138
81797,0.475138
81798,0.475138
81799,0.475138
81800,0.475138
81801,0.475138
81802,0.475138
81803,0.475138
81804,0.475138
81805,0.475138
81806,0.475138
81807,0.475138
81808,0.475138
81809,0.475138
81810,0.475138
81811,0.475138
81812,0.475138
81813,0.475138
81814,0.475138
81815,0.475138
81816,0.475138
81817,0.475138
81818,0.475138
81819,0.475138
81820,0.475138
81821,0.475138
81822,0.475138
81823,0.475138
81824,0.475138
81825,0.475138
81826,0.475138
81827,0.475138
81828,0.475138
81829,0.475138
81830,0.475138
81831,0.475138
81832,0.475138
81833,0.475138
81834,0.475138
81835,0.475138
81836,0.475138
81837,0.475138
81838,0.475138
81839,0.475138
81840,0.475138
81841,0.475138
81842,0.475138
81843,0.475138
81844,0.475138
81845,0.475138
81846,0.475138
81847,0.475138
81848,0.475138
81849,0.475138
81850,0.475138
81851,0.475138
81852,0.475138
81853,0.475138
81854,0.475138
81855,0.475138
81856,0.475138
81857,0.475138
81858,0.475138
81859,0.475138
81860,0.475138
81861,0.475138
81862,0.475138
81863,0.475138
81864,0.475138
81865,0.475138
81866,0.475138
81867,0.475138
81868,0.475138
81869,0.475138
81870,0.475138
81871,0.475138
81872,0.475138
81873,0.475138
81874,0.475138
81875,0.475138
81876,0.475138
81877,0.475138
81878,0.475138
81879,0.475138
81880,0.475138
81881,0.475138
81882,0.475138
81883,0.475138
81884,0.475138
81885,0.475138
81886,0.475138
81887,0.475138
81888,0.475138
81889,0.475138
81890,0.475138
81891,0.475138
81892,0.475138
81893,0.475138
81894,0.475138
81895,0.475138
81896,0.475138
81897,0.475138
81898,0.475138
81899,0.475138
81900,0.475138
81901,0.475138
81902,0.475138
81903,0.475138
81904,0.475138
81905,0.475138
81906,0.475138
81907,0.475138
81908,0.475138
81909,0.475138
81910,0.475138
81911,0.475138
81912,0.475138
81913,0.475138
81914,0.475138
81915,0.475138
81916,0.475138
81917,0.475138
81918,0.475138
81919,0.475138
81920,0.475138
81921,0.475138
81922,0.475138
81923,0.475138
81924,0.475138
81925,0.475138
81926,0.475138
81927,0.475138
81928,0.475138
81929,0.475138
81930,0.475138
81931,0.475138
81932,0.475138
81933,0.475138
81934,0.475138
81935,0.475138
81936,0.475138
81937,0.475138
81938,0.475138
81939,0.475138
81940,0.475138
81941,0.475138
81942,0.475138
81943,0.475138
81944,0.475138
81945,0.475138
81946,0.475138
81947,0.475138
81948,0.475138
81949,0.475138
81950,0.475138
81951,0.455405
81952,0.455405
81953,0.455405
81954,0.455405
81955,0.455405
81956,0.475138
81957,0.475138
81958,0.475138
81959,0.475138
81960,0.475138
81961,0.475138
81962,0.475138
81963,0.475138
81964,0.475138
81965,0.475138
81966,0.475138
81967,0.475138
81968,0.475138
81969,0.475138
81970,0.475138
81971,0.475138
81972,0.475138
81973,0.475138
81974,0.475138
81975,0.475138
81976,0.475138
81977,0.475138
81978,0.475138
81979,0.475138
81980,0.475138
81981,0.475138
81982,0.475138
81983,0.475138
81984,0.475138
81985,0.475138
81986,0.475138
81987,0.475138
81988,0.475138
81989,0.475138
81990,0.475138
81991,0.475138
81992,0.475138
81993,0.475138
81994,0.475138
81995,0.475138
81996,0.475138
81997,0.475138
81998,0.475138
81999,0.475138
82000,0.475138
82001,0.475138
82002,0.475138
82003,0.475138
82004,0.475138
82005,0.475138
82006,0.475138
82007,0.475138
82008,0.475138
82009,0.475138
82010,0.475138
82011,0.475138
82012,0.475138
82013,0.475138
82014,0.475138
82015,0.475138
82016,0.475138
82017,0.475138
82018,0.475138
82019,0.475138
82020,0.475138
82021,0.475138
82022,0.475138
82023,0.475138
82024,0.475138
82025,0.475138
82026,0.475138
82027,0.475138
82028,0.475138
82029,0.475138
82030,0.475138
82031,0.475138
82032,0.475138
82033,0.475138
82034,0.475138
82035,0.475138
82036,0.475138
82037,0.475138
82038,0.475138
82039,0.475138
82040,0.475138
82041,0.475138
82042,0.475138
82043,0.475138
82044,0.475138
82045,0.475138
82046,0.475138
82047,0.475138
82048,0.475138
82049,0.475138
82050,0.475138
82051,0.475138
82052,0.475138
82053,0.475138
82054,0.475138
82055,0.475138
82056,0.475138
82057,0.475138
82058,0.475138
82059,0.475138
82060,0.475138
82061,0.475138
82062,0.475138
82063,0.475138
82064,0.475138
82065,0.475138
82066,0.475138
82067,0.475138
82068,0.475138
82069,0.475138
82070,0.475138
82071,0.475138
82072,0.475138
82073,0.475138
82074,0.475138
82075,0.475138
82076,0.475138
82077,0.475138
82078,0.475138
82079,0.475138
82080,0.475138
82081,0.475138
82082,0.475138
82083,0.475138
82084,0.475138
82085,0.475138
82086,0.475138
82087,0.475138
82088,0.475138
82089,0.475138
82090,0.475138
82091,0.475138
82092,0.475138
82093,0.475138
82094,0.475138
82095,0.475138
82096,0.475138
82097,0.475138
82098,0.475138
82099,0.475138
82100,0.475138
82101,0.475138
82102,0.475138
82103,0.475138
82104,0.475138
82105,0.475138
82106,0.475138
82107,0.475138
82108,0.475138
82109,0.475138
82110,0.475138
82111,0.475138
82112,0.475138
82113,0.475138
82114,0.475138
82115,0.475138
82116,0.475138
82117,0.475138
82118,0.475138
82119,0.475138
82120,0.475138
82121,0.475138
82122,0.475138
82123,0.475138
82124,0.475138
82125,0.475138
82126,0.475138
82127,0.475138
82128,0.475138
82129,0.475138
82130,0.475138
82131,0.475138
82132,0.475138
82133,0.475138
82134,0.475138
82135,0.475138
82136,0.475138
82137,0.475138
82138,0.475138
82139,0.475138
82140,0.475138
82141,0.475138
82142,0.475138
82143,0.475138
82144,0.475138
82145,0.475138
82146,0.475138
82147,0.475138
82148,0.475138
82149,0.475138
82150,0.475138
82151,0.475138
82152,0.475138
82153,0.475138
82154,0.475138
82155,0.475138
82156,0.475138
82157,0.475138
82158,0.475138
82159,0.475138
82160,0.475138
82161,0.475138
82162,0.475138
82163,0.475138
82164,0.475138
82165,0.475138
82166,0.475138
82167,0.475138
82168,0.475138
82169,0.475138
82170,0.475138
82171,0.475138
82172,0.475138
82173,0.475138
82174,0.475138
82175,0.475138
82176,0.475138
82177,0.475138
82178,0.475138
82179,0.475138
82180,0.475138
82181,0.475138
82182,0.475138
82183,0.475138
82184,0.475138
82185,0.475138
82186,0.475138
82187,0.475138
82188,0.475138
82189,0.475138
82190,0.475138
82191,0.475138
82192,0.475138
82193,0.475138
82194,0.475138
82195,0.475138
82196,0.475138
82197,0.475138
82198,0.475138
82199,0.475138
82200,0.475138
82201,0.475138
82202,0.475138
82203,0.475138
82204,0.475138
82205,0.475138
82206,0.475138
82207,0.475138
82208,0.475138
82209,0.475138
82210,0.475138
82211,0.475138
82212,0.475138
82213,0.475138
82214,0.475138
82215,0.475138
82216,0.475138
82217,0.475138
82218,0.475138
82219,0.475138
82220,0.475138
82221,0.475138
82222,0.475138
82223,0.475138
82224,0.475138
82225,0.475138
82226,0.475138
82227,0.475138
82228,0.475138
82229,0.475138
82230,0.475138
82231,0.475138
82232,0.475138
82233,0.475138
82234,0.475138
82235,0.475138
82236,0.475138
82237,0.475138
82238,0.475138
82239,0.475138
82240,0.475138
82241,0.475138
82242,0.475138
82243,0.475138
82244,0.475138
82245,0.475138
82246,0.475138
82247,0.475138
82248,0.475138
82249,0.475138
82250,0.475138
82251,0.475138
82252,0.475138
82253,0.475138
82254,0.475138
82255,0.475138
82256,0.475138
82257,0.475138
82258,0.475138
82259,0.475138
82260,0.475138
82261,0.475138
82262,0.475138
82263,0.475138
82264,0.475138
82265,0.475138
82266,0.475138
82267,0.475138
82268,0.475138
82269,0.475138
82270,0.475138
82271,0.475138
82272,0.475138
82273,0.475138
82274,0.475138
82275,0.475138
82276,0.475138
82277,0.475138
82278,0.475138
82279,0.475138
82280,0.475138
82281,0.475138
82282,0.475138
82283,0.475138
82284,0.475138
82285,0.475138
82286,0.475138
82287,0.475138
82288,0.475138
82289,0.475138
82290,0.475138
82291,0.475138
82292,0.475138
82293,0.475138
82294,0.475138
82295,0.475138
82296,0.475138
82297,0.475138
82298,0.475138
82299,0.475138
82300,0.475138
82301,0.475138
82302,0.475138
82303,0.475138
82304,0.475138
82305,0.475138
82306,0.475138
82307,0.475138
82308,0.475138
82309,0.475138
82310,0.475138
82311,0.475138
82312,0.475138
82313,0.475138
82314,0.475138
82315,0.475138
82316,0.475138
82317,0.475138
82318,0.475138
82319,0.475138
82320,0.475138
82321,0.475138
82322,0.475138
82323,0.475138
82324,0.475138
82325,0.475138
82326,0.475138
82327,0.475138
82328,0.475138
82329,0.475138
82330,0.475138
82331,0.475138
82332,0.475138
82333,0.475138
82334,0.475138
82335,0.475138
82336,0.475138
82337,0.475138
82338,0.475138
82339,0.475138
82340,0.475138
82341,0.475138
82342,0.475138
82343,0.475138
82344,0.475138
82345,0.475138
82346,0.475138
82347,0.475138
82348,0.475138
82349,0.475138
82350,0.475138
82351,0.475138
82352,0.475138
82353,0.475138
82354,0.475138
82355,0.475138
82356,0.475138
82357,0.475138
82358,0.475138
82359,0.475138
82360,0.475138
82361,0.475138
82362,0.475138
82363,0.475138
82364,0.475138
82365,0.475138
82366,0.475138
82367,0.475138
82368,0.475138
82369,0.475138
82370,0.475138
82371,0.475138
82372,0.475138
82373,0.475138
82374,0.475138
82375,0.475138
82376,0.475138
82377,0.475138
82378,0.475138
82379,0.475138
82380,0.475138
82381,0.475138
82382,0.475138
82383,0.475138
82384,0.475138
82385,0.475138
82386,0.475138
82387,0.475138
82388,0.475138
82389,0.475138
82390,0.475138
82391,0.475138
82392,0.475138
82393,0.475138
82394,0.475138
82395,0.475138
82396,0.475138
82397,0.475138
82398,0.475138
82399,0.475138
82400,0.475138
82401,0.475138
82402,0.475138
82403,0.475138
82404,0.475138
82405,0.475138
82406,0.475138
82407,0.475138
82408,0.475138
82409,0.475138
82410,0.475138
82411,0.475138
82412,0.475138
82413,0.475138
82414,0.475138
82415,0.475138
82416,0.475138
82417,0.475138
82418,0.475138
82419,0.475138
82420,0.475138
82421,0.475138
82422,0.475138
82423,0.475138
82424,0.475138
82425,0.475138
82426,0.475138
82427,0.475138
82428,0.475138
82429,0.475138
82430,0.475138
82431,0.475138
82432,0.475138
82433,0.475138
82434,0.475138
82435,0.475138
82436,0.475138
82437,0.475138
82438,0.475138
82439,0.475138
82440,0.475138
82441,0.475138
82442,0.475138
82443,0.475138
82444,0.475138
82445,0.475138
82446,0.475138
82447,0.475138
82448,0.475138
82449,0.475138
82450,0.475138
82451,0.475138
82452,0.475138
82453,0.475138
82454,0.475138
82455,0.475138
82456,0.475138
82457,0.475138
82458,0.475138
82459,0.475138
82460,0.475138
82461,0.475138
82462,0.475138
82463,0.475138
82464,0.475138
82465,0.475138
82466,0.475138
82467,0.475138
82468,0.475138
82469,0.475138
82470,0.475138
82471,0.475138
82472,0.475138
82473,0.475138
82474,0.475138
82475,0.475138
82476,0.475138
82477,0.475138
82478,0.475138
82479,0.475138
82480,0.475138
82481,0.475138
82482,0.475138
82483,0.475138
82484,0.475138
82485,0.475138
82486,0.475138
82487,0.475138
82488,0.475138
82489,0.475138
82490,0.475138
82491,0.475138
82492,0.475138
82493,0.475138
82494,0.475138
82495,0.475138
82496,0.475138
82497,0.475138
82498,0.475138
82499,0.475138
82500,0.475138
82501,0.475138
82502,0.475138
82503,0.475138
82504,0.475138
82505,0.475138
82506,0.475138
82507,0.475138
82508,0.475138
82509,0.475138
82510,0.475138
82511,0.475138
82512,0.475138
82513,0.475138
82514,0.475138
82515,0.475138
82516,0.475138
82517,0.475138
82518,0.475138
82519,0.475138
82520,0.475138
82521,0.475138
82522,0.475138
82523,0.475138
82524,0.475138
82525,0.475138
82526,0.475138
82527,0.475138
82528,0.475138
82529,0.475138
82530,0.475138
82531,0.475138
82532,0.475138
82533,0.475138
82534,0.475138
82535,0.475138
82536,0.475138
82537,0.475138
82538,0.475138
82539,0.475138
82540,0.475138
82541,0.475138
82542,0.475138
82543,0.475138
82544,0.475138
82545,0.475138
82546,0.475138
82547,0.475138
82548,0.475138
82549,0.475138
82550,0.475138
82551,0.475138
82552,0.475138
82553,0.475138
82554,0.475138
82555,0.475138
82556,0.475138
82557,0.475138
82558,0.475138
82559,0.475138
82560,0.475138
82561,0.475138
82562,0.475138
82563,0.475138
82564,0.475138
82565,0.475138
82566,0.475138
82567,0.475138
82568,0.475138
82569,0.475138
82570,0.475138
82571,0.475138
82572,0.475138
82573,0.475138
82574,0.475138
82575,0.475138
82576,0.475138
82577,0.475138
82578,0.475138
82579,0.475138
82580,0.475138
82581,0.475138
82582,0.475138
82583,0.475138
82584,0.475138
82585,0.475138
82586,0.475138
82587,0.475138
82588,0.475138
82589,0.475138
82590,0.475138
82591,0.475138
82592,0.475138
82593,0.475138
82594,0.475138
82595,0.475138
82596,0.475138
82597,0.475138
82598,0.475138
82599,0.475138
82600,0.475138
82601,0.475138
82602,0.475138
82603,0.475138
82604,0.475138
82605,0.475138
82606,0.475138
82607,0.475138
82608,0.475138
82609,0.475138
82610,0.475138
82611,0.475138
82612,0.475138
82613,0.475138
82614,0.475138
82615,0.475138
82616,0.475138
82617,0.475138
82618,0.475138
82619,0.475138
82620,0.475138
82621,0.475138
82622,0.475138
82623,0.475138
82624,0.475138
82625,0.475138
82626,0.475138
82627,0.475138
82628,0.475138
82629,0.475138
82630,0.475138
82631,0.475138
82632,0.475138
82633,0.475138
82634,0.475138
82635,0.475138
82636,0.475138
82637,0.475138
82638,0.475138
82639,0.475138
82640,0.475138
82641,0.475138
82642,0.475138
82643,0.475138
82644,0.475138
82645,0.475138
82646,0.475138
82647,0.475138
82648,0.475138
82649,0.475138
82650,0.475138
82651,0.475138
82652,0.475138
82653,0.475138
82654,0.475138
82655,0.475138
82656,0.475138
82657,0.475138
82658,0.475138
82659,0.475138
82660,0.475138
82661,0.475138
82662,0.475138
82663,0.475138
82664,0.475138
82665,0.475138
82666,0.475138
82667,0.475138
82668,0.475138
82669,0.475138
82670,0.475138
82671,0.475138
82672,0.475138
82673,0.475138
82674,0.475138
82675,0.475138
82676,0.475138
82677,0.475138
82678,0.475138
82679,0.475138
82680,0.475138
82681,0.475138
82682,0.475138
82683,0.475138
82684,0.475138
82685,0.475138
82686,0.475138
82687,0.475138
82688,0.475138
82689,0.475138
82690,0.475138
82691,0.475138
82692,0.475138
82693,0.475138
82694,0.475138
82695,0.475138
82696,0.475138
82697,0.475138
82698,0.475138
82699,0.475138
82700,0.475138
82701,0.475138
82702,0.475138
82703,0.475138
82704,0.475138
82705,0.475138
82706,0.475138
82707,0.475138
82708,0.475138
82709,0.475138
82710,0.475138
82711,0.475138
82712,0.475138
82713,0.475138
82714,0.475138
82715,0.475138
82716,0.475138
82717,0.475138
82718,0.475138
82719,0.475138
82720,0.475138
82721,0.475138
82722,0.475138
82723,0.475138
82724,0.475138
82725,0.475138
82726,0.475138
82727,0.475138
82728,0.475138
82729,0.475138
82730,0.475138
82731,0.475138
82732,0.475138
82733,0.475138
82734,0.475138
82735,0.475138
82736,0.475138
82737,0.475138
82738,0.475138
82739,0.475138
82740,0.475138
82741,0.475138
82742,0.475138
82743,0.475138
82744,0.475138
82745,0.475138
82746,0.475138
82747,0.475138
82748,0.475138
82749,0.475138
82750,0.475138
82751,0.475138
82752,0.475138
82753,0.475138
82754,0.475138
82755,0.475138
82756,0.475138
82757,0.475138
82758,0.475138
82759,0.475138
82760,0.475138
82761,0.475138
82762,0.475138
82763,0.475138
82764,0.475138
82765,0.475138
82766,0.475138
82767,0.475138
82768,0.475138
82769,0.475138
82770,0.475138
82771,0.475138
82772,0.475138
82773,0.475138
82774,0.475138
82775,0.475138
82776,0.475138
82777,0.475138
82778,0.475138
82779,0.475138
82780,0.475138
82781,0.475138
82782,0.475138
82783,0.475138
82784,0.475138
82785,0.475138
82786,0.475138
82787,0.475138
82788,0.475138
82789,0.475138
82790,0.475138
82791,0.475138
82792,0.475138
82793,0.475138
82794,0.475138
82795,0.475138
82796,0.475138
82797,0.475138
82798,0.475138
82799,0.475138
82800,0.475138
82801,0.475138
82802,0.475138
82803,0.475138
82804,0.475138
82805,0.475138
82806,0.475138
82807,0.475138
82808,0.475138
82809,0.475138
82810,0.475138
82811,0.475138
82812,0.475138
82813,0.475138
82814,0.475138
82815,0.475138
82816,0.475138
82817,0.475138
82818,0.475138
82819,0.475138
82820,0.475138
82821,0.475138
82822,0.475138
82823,0.475138
82824,0.475138
82825,0.475138
82826,0.475138
82827,0.475138
82828,0.475138
82829,0.475138
82830,0.475138
82831,0.475138
82832,0.475138
82833,0.475138
82834,0.475138
82835,0.475138
82836,0.475138
82837,0.475138
82838,0.475138
82839,0.475138
82840,0.475138
82841,0.475138
82842,0.475138
82843,0.475138
82844,0.475138
82845,0.475138
82846,0.475138
82847,0.475138
82848,0.475138
82849,0.475138
82850,0.475138
82851,0.475138
82852,0.475138
82853,0.475138
82854,0.475138
82855,0.475138
82856,0.475138
82857,0.475138
82858,0.475138
82859,0.475138
82860,0.475138
82861,0.475138
82862,0.475138
82863,0.475138
82864,0.475138
82865,0.475138
82866,0.475138
82867,0.475138
82868,0.475138
82869,0.475138
82870,0.475138
82871,0.475138
82872,0.475138
82873,0.475138
82874,0.475138
82875,0.475138
82876,0.475138
82877,0.475138
82878,0.475138
82879,0.475138
82880,0.475138
82881,0.475138
82882,0.475138
82883,0.475138
82884,0.475138
82885,0.475138
82886,0.475138
82887,0.475138
82888,0.475138
82889,0.475138
82890,0.475138
82891,0.475138
82892,0.475138
82893,0.475138
82894,0.475138
82895,0.475138
82896,0.475138
82897,0.475138
82898,0.475138
82899,0.475138
82900,0.475138
82901,0.475138
82902,0.475138
82903,0.475138
82904,0.475138
82905,0.475138
82906,0.475138
82907,0.475138
82908,0.475138
82909,0.475138
82910,0.475138
82911,0.475138
82912,0.475138
82913,0.475138
82914,0.475138
82915,0.475138
82916,0.475138
82917,0.475138
82918,0.475138
82919,0.475138
82920,0.475138
82921,0.475138
82922,0.475138
82923,0.475138
82924,0.475138
82925,0.475138
82926,0.475138
82927,0.475138
82928,0.475138
82929,0.475138
82930,0.475138
82931,0.475138
82932,0.475138
82933,0.475138
82934,0.475138
82935,0.475138
82936,0.475138
82937,0.475138
82938,0.475138
82939,0.475138
82940,0.475138
82941,0.475138
82942,0.475138
82943,0.475138
82944,0.475138
82945,0.475138
82946,0.475138
82947,0.475138
82948,0.475138
82949,0.475138
82950,0.475138
82951,0.475138
82952,0.475138
82953,0.475138
82954,0.475138
82955,0.475138
82956,0.475138
82957,0.475138
82958,0.475138
82959,0.475138
82960,0.475138
82961,0.475138
82962,0.475138
82963,0.475138
82964,0.475138
82965,0.475138
82966,0.475138
82967,0.475138
82968,0.475138
82969,0.475138
82970,0.475138
82971,0.475138
82972,0.475138
82973,0.475138
82974,0.475138
82975,0.475138
82976,0.475138
82977,0.475138
82978,0.475138
82979,0.475138
82980,0.475138
82981,0.475138
82982,0.475138
82983,0.475138
82984,0.475138
82985,0.475138
82986,0.475138
82987,0.475138
82988,0.475138
82989,0.475138
82990,0.475138
82991,0.475138
82992,0.475138
82993,0.475138
82994,0.475138
82995,0.475138
82996,0.475138
82997,0.475138
82998,0.475138
82999,0.475138
83000,0.475138
83001,0.475138
83002,0.475138
83003,0.475138
83004,0.475138
83005,0.475138
83006,0.475138
83007,0.475138
83008,0.475138
83009,0.475138
83010,0.475138
83011,0.475138
83012,0.475138
83013,0.475138
83014,0.475138
83015,0.475138
83016,0.475138
83017,0.475138
83018,0.475138
83019,0.475138
83020,0.475138
83021,0.475138
83022,0.475138
83023,0.475138
83024,0.475138
83025,0.475138
83026,0.475138
83027,0.475138
83028,0.475138
83029,0.475138
83030,0.475138
83031,0.475138
83032,0.475138
83033,0.475138
83034,0.475138
83035,0.475138
83036,0.475138
83037,0.475138
83038,0.475138
83039,0.475138
83040,0.475138
83041,0.475138
83042,0.475138
83043,0.475138
83044,0.475138
83045,0.475138
83046,0.475138
83047,0.475138
83048,0.475138
83049,0.475138
83050,0.475138
83051,0.475138
83052,0.475138
83053,0.475138
83054,0.475138
83055,0.475138
83056,0.475138
83057,0.475138
83058,0.475138
83059,0.475138
83060,0.475138
83061,0.475138
83062,0.475138
83063,0.475138
83064,0.475138
83065,0.475138
83066,0.475138
83067,0.475138
83068,0.475138
83069,0.475138
83070,0.475138
83071,0.475138
83072,0.475138
83073,0.475138
83074,0.475138
83075,0.475138
83076,0.475138
83077,0.475138
83078,0.475138
83079,0.475138
83080,0.475138
83081,0.475138
83082,0.475138
83083,0.475138
83084,0.475138
83085,0.475138
83086,0.475138
83087,0.475138
83088,0.475138
83089,0.475138
83090,0.475138
83091,0.475138
83092,0.475138
83093,0.475138
83094,0.475138
83095,0.475138
83096,0.475138
83097,0.475138
83098,0.475138
83099,0.475138
83100,0.475138
83101,0.475138
83102,0.475138
83103,0.475138
83104,0.475138
83105,0.475138
83106,0.475138
83107,0.475138
83108,0.475138
83109,0.475138
83110,0.475138
83111,0.475138
83112,0.475138
83113,0.475138
83114,0.475138
83115,0.475138
83116,0.475138
83117,0.475138
83118,0.475138
83119,0.475138
83120,0.475138
83121,0.475138
83122,0.475138
83123,0.475138
83124,0.475138
83125,0.475138
83126,0.475138
83127,0.475138
83128,0.475138
83129,0.475138
83130,0.475138
83131,0.475138
83132,0.475138
83133,0.475138
83134,0.475138
83135,0.475138
83136,0.475138
83137,0.475138
83138,0.475138
83139,0.475138
83140,0.475138
83141,0.475138
83142,0.475138
83143,0.475138
83144,0.475138
83145,0.475138
83146,0.475138
83147,0.475138
83148,0.475138
83149,0.475138
83150,0.475138
83151,0.475138
83152,0.475138
83153,0.475138
83154,0.475138
83155,0.475138
83156,0.475138
83157,0.475138
83158,0.475138
83159,0.475138
83160,0.475138
83161,0.475138
83162,0.475138
83163,0.475138
83164,0.475138
83165,0.475138
83166,0.475138
83167,0.475138
83168,0.475138
83169,0.475138
83170,0.475138
83171,0.452720
83172,0.475138
83173,0.475138
83174,0.475138
83175,0.475138
83176,0.475138
83177,0.475138
83178,0.475138
83179,0.475138
83180,0.475138
83181,0.475138
83182,0.475138
83183,0.475138
83184,0.475138
83185,0.475138
83186,0.475138
83187,0.475138
83188,0.475138
83189,0.475138
83190,0.475138
83191,0.475138
83192,0.475138
83193,0.475138
83194,0.475138
83195,0.475138
83196,0.475138
83197,0.475138
83198,0.475138
83199,0.475138
83200,0.475138
83201,0.475138
83202,0.475138
83203,0.475138
83204,0.475138
83205,0.475138
83206,0.475138
83207,0.475138
83208,0.475138
83209,0.475138
83210,0.475138
83211,0.475138
83212,0.475138
83213,0.475138
83214,0.475138
83215,0.475138
83216,0.475138
83217,0.475138
83218,0.475138
83219,0.475138
83220,0.475138
83221,0.475138
83222,0.475138
83223,0.475138
83224,0.475138
83225,0.475138
83226,0.475138
83227,0.475138
83228,0.475138
83229,0.475138
83230,0.475138
83231,0.475138
83232,0.475138
83233,0.475138
83234,0.475138
83235,0.475138
83236,0.475138
83237,0.475138
83238,0.475138
83239,0.475138
83240,0.475138
83241,0.475138
83242,0.475138
83243,0.475138
83244,0.475138
83245,0.475138
83246,0.475138
83247,0.475138
83248,0.475138
83249,0.475138
83250,0.475138
83251,0.475138
83252,0.475138
83253,0.475138
83254,0.475138
83255,0.475138
83256,0.475138
83257,0.475138
83258,0.475138
83259,0.475138
83260,0.475138
83261,0.475138
83262,0.475138
83263,0.475138
83264,0.475138
83265,0.475138
83266,0.475138
83267,0.475138
83268,0.475138
83269,0.475138
83270,0.475138
83271,0.475138
83272,0.475138
83273,0.475138
83274,0.475138
83275,0.475138
83276,0.475138
83277,0.475138
83278,0.475138
83279,0.475138
83280,0.475138
83281,0.475138
83282,0.475138
83283,0.475138
83284,0.475138
83285,0.475138
83286,0.475138
83287,0.455592
83288,0.433504
83289,0.433504
83290,0.433504
83291,0.433504
83292,0.433504
83293,0.433504
83294,0.455592
83295,0.459652
83296,0.475138
83297,0.475138
83298,0.475138
83299,0.475138
83300,0.475138
83301,0.475138
83302,0.475138
83303,0.475138
83304,0.475138
83305,0.475138
83306,0.475138
83307,0.475138
83308,0.475138
83309,0.475138
83310,0.475138
83311,0.475138
83312,0.475138
83313,0.475138
83314,0.475138
83315,0.475138
83316,0.475138
83317,0.475138
83318,0.475138
83319,0.475138
83320,0.475138
83321,0.475138
83322,0.475138
83323,0.475138
83324,0.475138
83325,0.475138
83326,0.475138
83327,0.475138
83328,0.475138
83329,0.475138
83330,0.475138
83331,0.475138
83332,0.475138
83333,0.475138
83334,0.475138
83335,0.475138
83336,0.475138
83337,0.475138
83338,0.475138
83339,0.475138
83340,0.475138
83341,0.475138
83342,0.475138
83343,0.475138
83344,0.475138
83345,0.475138
83346,0.475138
83347,0.475138
83348,0.475138
83349,0.475138
83350,0.475138
83351,0.475138
83352,0.475138
83353,0.475138
83354,0.475138
83355,0.475138
83356,0.475138
83357,0.475138
83358,0.475138
83359,0.475138
83360,0.475138
83361,0.475138
83362,0.475138
83363,0.475138
83364,0.475138
83365,0.475138
83366,0.475138
83367,0.475138
83368,0.475138
83369,0.475138
83370,0.475138
83371,0.475138
83372,0.475138
83373,0.475138
83374,0.475138
83375,0.475138
83376,0.475138
83377,0.475138
83378,0.475138
83379,0.475138
83380,0.475138
83381,0.475138
83382,0.475138
83383,0.475138
83384,0.475138
83385,0.475138
83386,0.475138
83387,0.475138
83388,0.475138
83389,0.475138
83390,0.475138
83391,0.475138
83392,0.475138
83393,0.475138
83394,0.475138
83395,0.475138
83396,0.475138
83397,0.475138
83398,0.475138
83399,0.475138
83400,0.475138
83401,0.475138
83402,0.475138
83403,0.475138
83404,0.475138
83405,0.475138
83406,0.475138
83407,0.475138
83408,0.475138
83409,0.475138
83410,0.475138
83411,0.475138
83412,0.475138
83413,0.475138
83414,0.475138
83415,0.475138
83416,0.475138
83417,0.475138
83418,0.475138
83419,0.475138
83420,0.475138
83421,0.475138
83422,0.475138
83423,0.475138
83424,0.475138
83425,0.475138
83426,0.475138
83427,0.475138
83428,0.475138
83429,0.475138
83430,0.475138
83431,0.475138
83432,0.475138
83433,0.475138
83434,0.475138
83435,0.475138
83436,0.475138
83437,0.475138
83438,0.475138
83439,0.475138
83440,0.475138
83441,0.475138
83442,0.475138
83443,0.475138
83444,0.475138
83445,0.475138
83446,0.475138
83447,0.475138
83448,0.475138
83449,0.475138
83450,0.475138
83451,0.475138
83452,0.475138
83453,0.475138
83454,0.475138
83455,0.475138
83456,0.475138
83457,0.475138
83458,0.475138
83459,0.475138
83460,0.475138
83461,0.475138
83462,0.475138
83463,0.475138
83464,0.475138
83465,0.475138
83466,0.475138
83467,0.475138
83468,0.475138
83469,0.475138
83470,0.475138
83471,0.475138
83472,0.475138
83473,0.475138
83474,0.475138
83475,0.475138
83476,0.475138
83477,0.475138
83478,0.475138
83479,0.475138
83480,0.475138
83481,0.475138
83482,0.475138
83483,0.475138
83484,0.475138
83485,0.475138
83486,0.475138
83487,0.475138
83488,0.475138
83489,0.475138
83490,0.475138
83491,0.475138
83492,0.475138
83493,0.475138
83494,0.475138
83495,0.475138
83496,0.475138
83497,0.475138
83498,0.475138
83499,0.475138
83500,0.475138
83501,0.475138
83502,0.475138
83503,0.475138
83504,0.475138
83505,0.475138
83506,0.475138
83507,0.475138
83508,0.475138
83509,0.475138
83510,0.475138
83511,0.475138
83512,0.475138
83513,0.475138
83514,0.475138
83515,0.475138
83516,0.475138
83517,0.475138
83518,0.475138
83519,0.475138
83520,0.475138
83521,0.475138
83522,0.475138
83523,0.475138
83524,0.475138
83525,0.475138
83526,0.475138
83527,0.475138
83528,0.475138
83529,0.475138
83530,0.475138
83531,0.475138
83532,0.475138
83533,0.475138
83534,0.475138
83535,0.475138
83536,0.475138
83537,0.475138
83538,0.475138
83539,0.475138
83540,0.475138
83541,0.475138
83542,0.475138
83543,0.475138
83544,0.475138
83545,0.475138
83546,0.475138
83547,0.475138
83548,0.475138
83549,0.475138
83550,0.475138
83551,0.475138
83552,0.475138
83553,0.475138
83554,0.475138
83555,0.475138
83556,0.475138
83557,0.475138
83558,0.475138
83559,0.475138
83560,0.475138
83561,0.475138
83562,0.475138
83563,0.475138
83564,0.475138
83565,0.475138
83566,0.475138
83567,0.475138
83568,0.475138
83569,0.475138
83570,0.475138
83571,0.475138
83572,0.475138
83573,0.475138
83574,0.475138
83575,0.475138
83576,0.475138
83577,0.475138
83578,0.475138
83579,0.475138
83580,0.475138
83581,0.475138
83582,0.475138
83583,0.475138
83584,0.475138
83585,0.475138
83586,0.475138
83587,0.475138
83588,0.475138
83589,0.475138
83590,0.475138
83591,0.475138
83592,0.475138
83593,0.475138
83594,0.475138
83595,0.475138
83596,0.475138
83597,0.475138
83598,0.475138
83599,0.475138
83600,0.475138
83601,0.475138
83602,0.475138
83603,0.475138
83604,0.475138
83605,0.475138
83606,0.475138
83607,0.475138
83608,0.475138
83609,0.475138
83610,0.475138
83611,0.475138
83612,0.475138
83613,0.475138
83614,0.475138
83615,0.475138
83616,0.475138
83617,0.475138
83618,0.475138
83619,0.475138
83620,0.475138
83621,0.475138
83622,0.475138
83623,0.475138
83624,0.475138
83625,0.475138
83626,0.475138
83627,0.475138
83628,0.475138
83629,0.475138
83630,0.475138
83631,0.475138
83632,0.475138
83633,0.475138
83634,0.475138
83635,0.475138
83636,0.475138
83637,0.475138
83638,0.475138
83639,0.475138
83640,0.475138
83641,0.475138
83642,0.475138
83643,0.475138
83644,0.475138
83645,0.475138
83646,0.475138
83647,0.475138
83648,0.475138
83649,0.475138
83650,0.475138
83651,0.475138
83652,0.475138
83653,0.475138
83654,0.475138
83655,0.475138
83656,0.475138
83657,0.475138
83658,0.475138
83659,0.475138
83660,0.475138
83661,0.475138
83662,0.475138
83663,0.475138
83664,0.475138
83665,0.475138
83666,0.475138
83667,0.475138
83668,0.475138
83669,0.475138
83670,0.475138
83671,0.475138
83672,0.475138
83673,0.475138
83674,0.475138
83675,0.475138
83676,0.475138
83677,0.475138
83678,0.475138
83679,0.475138
83680,0.475138
83681,0.475138
83682,0.475138
83683,0.475138
83684,0.475138
83685,0.475138
83686,0.475138
83687,0.475138
83688,0.475138
83689,0.475138
83690,0.475138
83691,0.475138
83692,0.475138
83693,0.475138
83694,0.475138
83695,0.475138
83696,0.475138
83697,0.475138
83698,0.475138
83699,0.475138
83700,0.475138
83701,0.475138
83702,0.475138
83703,0.475138
83704,0.475138
83705,0.475138
83706,0.475138
83707,0.475138
83708,0.475138
83709,0.475138
83710,0.475138
83711,0.475138
83712,0.475138
83713,0.475138
83714,0.475138
83715,0.475138
83716,0.475138
83717,0.475138
83718,0.475138
83719,0.475138
83720,0.475138
83721,0.475138
83722,0.475138
83723,0.475138
83724,0.475138
83725,0.475138
83726,0.475138
83727,0.475138
83728,0.475138
83729,0.475138
83730,0.475138
83731,0.475138
83732,0.475138
83733,0.475138
83734,0.475138
83735,0.475138
83736,0.475138
83737,0.475138
83738,0.475138
83739,0.475138
83740,0.475138
83741,0.475138
83742,0.475138
83743,0.475138
83744,0.475138
83745,0.475138
83746,0.475138
83747,0.475138
83748,0.475138
83749,0.475138
83750,0.469716
83751,0.475138
83752,0.475138
83753,0.475138
83754,0.475138
83755,0.475138
83756,0.475138
83757,0.475138
83758,0.475138
83759,0.475138
83760,0.475138
83761,0.475138
83762,0.475138
83763,0.475138
83764,0.475138
83765,0.475138
83766,0.475138
83767,0.475138
83768,0.475138
83769,0.475138
83770,0.475138
83771,0.475138
83772,0.475138
83773,0.475138
83774,0.475138
83775,0.475138
83776,0.475138
83777,0.475138
83778,0.475138
83779,0.475138
83780,0.475138
83781,0.475138
83782,0.475138
83783,0.475138
83784,0.475138
83785,0.475138
83786,0.475138
83787,0.475138
83788,0.475138
83789,0.475138
83790,0.475138
83791,0.475138
83792,0.475138
83793,0.475138
83794,0.475138
83795,0.475138
83796,0.475138
83797,0.475138
83798,0.475138
83799,0.475138
83800,0.475138
83801,0.475138
83802,0.475138
83803,0.475138
83804,0.475138
83805,0.475138
83806,0.475138
83807,0.475138
83808,0.475138
83809,0.475138
83810,0.475138
83811,0.475138
83812,0.475138
83813,0.475138
83814,0.475138
83815,0.475138
83816,0.475138
83817,0.475138
83818,0.475138
83819,0.475138
83820,0.475138
83821,0.475138
83822,0.475138
83823,0.475138
83824,0.475138
83825,0.475138
83826,0.475138
83827,0.475138
83828,0.475138
83829,0.475138
83830,0.475138
83831,0.475138
83832,0.475138
83833,0.475138
83834,0.475138
83835,0.475138
83836,0.475138
83837,0.475138
83838,0.475138
83839,0.475138
83840,0.475138
83841,0.475138
83842,0.475138
83843,0.475138
83844,0.475138
83845,0.475138
83846,0.475138
83847,0.475138
83848,0.475138
83849,0.475138
83850,0.475138
83851,0.475138
83852,0.475138
83853,0.475138
83854,0.475138
83855,0.475138
83856,0.475138
83857,0.475138
83858,0.475138
83859,0.475138
83860,0.475138
83861,0.475138
83862,0.475138
83863,0.475138
83864,0.475138
83865,0.475138
83866,0.475138
83867,0.475138
83868,0.475138
83869,0.475138
83870,0.475138
83871,0.475138
83872,0.475138
83873,0.475138
83874,0.475138
83875,0.475138
83876,0.475138
83877,0.475138
83878,0.475138
83879,0.475138
83880,0.475138
83881,0.475138
83882,0.475138
83883,0.475138
83884,0.475138
83885,0.475138
83886,0.475138
83887,0.475138
83888,0.475138
83889,0.475138
83890,0.475138
83891,0.475138
83892,0.475138
83893,0.475138
83894,0.475138
83895,0.475138
83896,0.475138
83897,0.475138
83898,0.475138
83899,0.475138
83900,0.475138
83901,0.475138
83902,0.475138
83903,0.475138
83904,0.475138
83905,0.475138
83906,0.475138
83907,0.475138
83908,0.475138
83909,0.475138
83910,0.475138
83911,0.475138
83912,0.475138
83913,0.475138
83914,0.475138
83915,0.475138
83916,0.475138
83917,0.475138
83918,0.475138
83919,0.475138
83920,0.475138
83921,0.475138
83922,0.475138
83923,0.475138
83924,0.475138
83925,0.475138
83926,0.475138
83927,0.475138
83928,0.475138
83929,0.475138
83930,0.475138
83931,0.475138
83932,0.475138
83933,0.475138
83934,0.475138
83935,0.475138
83936,0.475138
83937,0.475138
83938,0.475138
83939,0.475138
83940,0.475138
83941,0.475138
83942,0.475138
83943,0.475138
83944,0.475138
83945,0.475138
83946,0.475138
83947,0.475138
83948,0.475138
83949,0.475138
83950,0.475138
83951,0.475138
83952,0.475138
83953,0.475138
83954,0.475138
83955,0.475138
83956,0.475138
83957,0.475138
83958,0.475138
83959,0.475138
83960,0.475138
83961,0.475138
83962,0.475138
83963,0.475138
83964,0.475138
83965,0.475138
83966,0.475138
83967,0.475138
83968,0.475138
83969,0.475138
83970,0.475138
83971,0.475138
83972,0.475138
83973,0.475138
83974,0.475138
83975,0.475138
83976,0.475138
83977,0.475138
83978,0.475138
83979,0.475138
83980,0.475138
83981,0.475138
83982,0.475138
83983,0.475138
83984,0.475138
83985,0.475138
83986,0.475138
83987,0.475138
83988,0.475138
83989,0.475138
83990,0.475138
83991,0.475138
83992,0.475138
83993,0.475138
83994,0.475138
83995,0.475138
83996,0.475138
83997,0.475138
83998,0.475138
83999,0.475138
84000,0.475138
84001,0.475138
84002,0.475138
84003,0.475138
84004,0.475138
84005,0.475138
84006,0.475138
84007,0.475138
84008,0.475138
84009,0.475138
84010,0.475138
84011,0.475138
84012,0.475138
84013,0.475138
84014,0.475138
84015,0.475138
84016,0.475138
84017,0.475138
84018,0.475138
84019,0.475138
84020,0.475138
84021,0.475138
84022,0.475138
84023,0.475138
84024,0.475138
84025,0.475138
84026,0.475138
84027,0.475138
84028,0.475138
84029,0.475138
84030,0.475138
84031,0.475138
84032,0.475138
84033,0.475138
84034,0.475138
84035,0.475138
84036,0.475138
84037,0.475138
84038,0.475138
84039,0.475138
84040,0.475138
84041,0.475138
84042,0.475138
84043,0.475138
84044,0.475138
84045,0.475138
84046,0.475138
84047,0.475138
84048,0.475138
84049,0.475138
84050,0.475138
84051,0.475138
84052,0.475138
84053,0.475138
84054,0.475138
84055,0.475138
84056,0.475138
84057,0.475138
84058,0.475138
84059,0.475138
84060,0.475138
84061,0.475138
84062,0.475138
84063,0.475138
84064,0.475138
84065,0.475138
84066,0.475138
84067,0.475138
84068,0.475138
84069,0.475138
84070,0.475138
84071,0.475138
84072,0.475138
84073,0.475138
84074,0.475138
84075,0.475138
84076,0.475138
84077,0.475138
84078,0.475138
84079,0.475138
84080,0.475138
84081,0.475138
84082,0.475138
84083,0.475138
84084,0.475138
84085,0.475138
84086,0.475138
84087,0.475138
84088,0.475138
84089,0.475138
84090,0.475138
84091,0.475138
84092,0.475138
84093,0.475138
84094,0.475138
84095,0.475138
84096,0.475138
84097,0.475138
84098,0.475138
84099,0.475138
84100,0.475138
84101,0.475138
84102,0.475138
84103,0.475138
84104,0.475138
84105,0.475138
84106,0.475138
84107,0.475138
84108,0.475138
84109,0.475138
84110,0.475138
84111,0.475138
84112,0.475138
84113,0.475138
84114,0.475138
84115,0.475138
84116,0.475138
84117,0.475138
84118,0.475138
84119,0.475138
84120,0.475138
84121,0.475138
84122,0.475138
84123,0.475138
84124,0.475138
84125,0.475138
84126,0.475138
84127,0.475138
84128,0.475138
84129,0.475138
84130,0.475138
84131,0.475138
84132,0.475138
84133,0.475138
84134,0.475138
84135,0.475138
84136,0.475138
84137,0.475138
84138,0.475138
84139,0.475138
84140,0.475138
84141,0.475138
84142,0.475138
84143,0.475138
84144,0.475138
84145,0.475138
84146,0.475138
84147,0.475138
84148,0.475138
84149,0.475138
84150,0.475138
84151,0.475138
84152,0.475138
84153,0.475138
84154,0.475138
84155,0.475138
84156,0.475138
84157,0.475138
84158,0.475138
84159,0.475138
84160,0.475138
84161,0.475138
84162,0.475138
84163,0.475138
84164,0.475138
84165,0.475138
84166,0.475138
84167,0.475138
84168,0.475138
84169,0.475138
84170,0.475138
84171,0.475138
84172,0.475138
84173,0.475138
84174,0.475138
84175,0.475138
84176,0.475138
84177,0.475138
84178,0.475138
84179,0.475138
84180,0.475138
84181,0.475138
84182,0.475138
84183,0.475138
84184,0.475138
84185,0.475138
84186,0.475138
84187,0.475138
84188,0.475138
84189,0.475138
84190,0.475138
84191,0.475138
84192,0.475138
84193,0.475138
84194,0.475138
84195,0.475138
84196,0.475138
84197,0.475138
84198,0.475138
84199,0.475138
84200,0.475138
84201,0.475138
84202,0.475138
84203,0.475138
84204,0.475138
84205,0.475138
84206,0.475138
84207,0.475138
84208,0.475138
84209,0.475138
84210,0.475138
84211,0.475138
84212,0.475138
84213,0.475138
84214,0.475138
84215,0.475138
84216,0.475138
84217,0.475138
84218,0.475138
84219,0.475138
84220,0.475138
84221,0.475138
84222,0.475138
84223,0.475138
84224,0.475138
84225,0.475138
84226,0.475138
84227,0.475138
84228,0.475138
84229,0.475138
84230,0.475138
84231,0.475138
84232,0.475138
84233,0.475138
84234,0.475138
84235,0.475138
84236,0.475138
84237,0.475138
84238,0.475138
84239,0.475138
84240,0.475138
84241,0.475138
84242,0.475138
84243,0.475138
84244,0.475138
84245,0.475138
84246,0.475138
84247,0.475138
84248,0.475138
84249,0.475138
84250,0.475138
84251,0.475138
84252,0.475138
84253,0.475138
84254,0.475138
84255,0.475138
84256,0.475138
84257,0.475138
84258,0.475138
84259,0.475138
84260,0.475138
84261,0.475138
84262,0.475138
84263,0.475138
84264,0.475138
84265,0.475138
84266,0.475138
84267,0.475138
84268,0.475138
84269,0.475138
84270,0.475138
84271,0.475138
84272,0.475138
84273,0.475138
84274,0.475138
84275,0.475138
84276,0.475138
84277,0.475138
84278,0.475138
84279,0.475138
84280,0.475138
84281,0.475138
84282,0.475138
84283,0.475138
84284,0.475138
84285,0.475138
84286,0.475138
84287,0.475138
84288,0.475138
84289,0.475138
84290,0.475138
84291,0.475138
84292,0.475138
84293,0.475138
84294,0.475138
84295,0.475138
84296,0.475138
84297,0.475138
84298,0.475138
84299,0.475138
84300,0.475138
84301,0.475138
84302,0.475138
84303,0.475138
84304,0.475138
84305,0.475138
84306,0.475138
84307,0.475138
84308,0.475138
84309,0.475138
84310,0.475138
84311,0.475138
84312,0.475138
84313,0.475138
84314,0.475138
84315,0.475138
84316,0.475138
84317,0.475138
84318,0.475138
84319,0.475138
84320,0.475138
84321,0.475138
84322,0.475138
84323,0.475138
84324,0.475138
84325,0.475138
84326,0.475138
84327,0.475138
84328,0.475138
84329,0.475138
84330,0.475138
84331,0.475138
84332,0.475138
84333,0.475138
84334,0.475138
84335,0.475138
84336,0.475138
84337,0.475138
84338,0.475138
84339,0.475138
84340,0.475138
84341,0.475138
84342,0.475138
84343,0.475138
84344,0.475138
84345,0.475138
84346,0.475138
84347,0.475138
84348,0.475138
84349,0.475138
84350,0.475138
84351,0.475138
84352,0.475138
84353,0.475138
84354,0.475138
84355,0.475138
84356,0.475138
84357,0.475138
84358,0.475138
84359,0.475138
84360,0.475138
84361,0.475138
84362,0.475138
84363,0.475138
84364,0.475138
84365,0.475138
84366,0.475138
84367,0.475138
84368,0.475138
84369,0.475138
84370,0.475138
84371,0.475138
84372,0.475138
84373,0.475138
84374,0.475138
84375,0.475138
84376,0.475138
84377,0.475138
84378,0.475138
84379,0.475138
84380,0.475138
84381,0.475138
84382,0.475138
84383,0.475138
84384,0.475138
84385,0.475138
84386,0.475138
84387,0.475138
84388,0.475138
84389,0.475138
84390,0.475138
84391,0.475138
84392,0.475138
84393,0.475138
84394,0.475138
84395,0.475138
84396,0.475138
84397,0.475138
84398,0.475138
84399,0.475138
84400,0.475138
84401,0.475138
84402,0.475138
84403,0.475138
84404,0.475138
84405,0.475138
84406,0.475138
84407,0.475138
84408,0.475138
84409,0.475138
84410,0.475138
84411,0.475138
84412,0.475138
84413,0.475138
84414,0.475138
84415,0.475138
84416,0.475138
84417,0.475138
84418,0.475138
84419,0.475138
84420,0.475138
84421,0.475138
84422,0.475138
84423,0.475138
84424,0.475138
84425,0.475138
84426,0.475138
84427,0.475138
84428,0.475138
84429,0.475138
84430,0.475138
84431,0.475138
84432,0.475138
84433,0.475138
84434,0.475138
84435,0.475138
84436,0.475138
84437,0.475138
84438,0.475138
84439,0.475138
84440,0.475138
84441,0.475138
84442,0.475138
84443,0.475138
84444,0.475138
84445,0.475138
84446,0.475138
84447,0.475138
84448,0.475138
84449,0.475138
84450,0.475138
84451,0.475138
84452,0.475138
84453,0.475138
84454,0.475138
84455,0.475138
84456,0.475138
84457,0.475138
84458,0.475138
84459,0.475138
84460,0.475138
84461,0.475138
84462,0.475138
84463,0.475138
84464,0.475138
84465,0.475138
84466,0.475138
84467,0.475138
84468,0.475138
84469,0.475138
84470,0.475138
84471,0.475138
84472,0.475138
84473,0.475138
84474,0.475138
84475,0.475138
84476,0.475138
84477,0.475138
84478,0.475138
84479,0.475138
84480,0.475138
84481,0.475138
84482,0.475138
84483,0.475138
84484,0.475138
84485,0.475138
84486,0.475138
84487,0.475138
84488,0.475138
84489,0.475138
84490,0.475138
84491,0.475138
84492,0.475138
84493,0.475138
84494,0.475138
84495,0.475138
84496,0.475138
84497,0.475138
84498,0.475138
84499,0.475138
84500,0.475138
84501,0.475138
84502,0.475138
84503,0.475138
84504,0.475138
84505,0.475138
84506,0.475138
84507,0.475138
84508,0.475138
84509,0.475138
84510,0.475138
84511,0.475138
84512,0.475138
84513,0.475138
84514,0.475138
84515,0.475138
84516,0.475138
84517,0.475138
84518,0.475138
84519,0.475138
84520,0.475138
84521,0.475138
84522,0.475138
84523,0.475138
84524,0.475138
84525,0.475138
84526,0.475138
84527,0.475138
84528,0.475138
84529,0.475138
84530,0.475138
84531,0.475138
84532,0.475138
84533,0.475138
84534,0.475138
84535,0.475138
84536,0.475138
84537,0.475138
84538,0.475138
84539,0.475138
84540,0.475138
84541,0.475138
84542,0.475138
84543,0.475138
84544,0.475138
84545,0.475138
84546,0.475138
84547,0.475138
84548,0.475138
84549,0.475138
84550,0.475138
84551,0.475138
84552,0.475138
84553,0.475138
84554,0.475138
84555,0.475138
84556,0.475138
84557,0.475138
84558,0.475138
84559,0.475138
84560,0.475138
84561,0.475138
84562,0.475138
84563,0.475138
84564,0.475138
84565,0.475138
84566,0.475138
84567,0.475138
84568,0.475138
84569,0.475138
84570,0.475138
84571,0.475138
84572,0.475138
84573,0.475138
84574,0.475138
84575,0.475138
84576,0.475138
84577,0.475138
84578,0.475138
84579,0.475138
84580,0.475138
84581,0.475138
84582,0.475138
84583,0.475138
84584,0.475138
84585,0.475138
84586,0.475138
84587,0.475138
84588,0.475138
84589,0.475138
84590,0.475138
84591,0.475138
84592,0.475138
84593,0.475138
84594,0.475138
84595,0.475138
84596,0.475138
84597,0.475138
84598,0.475138
84599,0.475138
84600,0.475138
84601,0.475138
84602,0.475138
84603,0.475138
84604,0.475138
84605,0.475138
84606,0.475138
84607,0.475138
84608,0.475138
84609,0.475138
84610,0.475138
84611,0.475138
84612,0.475138
84613,0.475138
84614,0.475138
84615,0.475138
84616,0.475138
84617,0.475138
84618,0.475138
84619,0.475138
84620,0.475138
84621,0.475138
84622,0.475138
84623,0.475138
84624,0.475138
84625,0.475138
84626,0.475138
84627,0.475138
84628,0.475138
84629,0.475138
84630,0.475138
84631,0.475138
84632,0.475138
84633,0.475138
84634,0.475138
84635,0.475138
84636,0.475138
84637,0.475138
84638,0.475138
84639,0.475138
84640,0.475138
84641,0.475138
84642,0.475138
84643,0.475138
84644,0.475138
84645,0.475138
84646,0.475138
84647,0.475138
84648,0.475138
84649,0.475138
84650,0.475138
84651,0.475138
84652,0.475138
84653,0.475138
84654,0.475138
84655,0.475138
84656,0.475138
84657,0.475138
84658,0.475138
84659,0.475138
84660,0.475138
84661,0.475138
84662,0.475138
84663,0.475138
84664,0.475138
84665,0.475138
84666,0.475138
84667,0.475138
84668,0.475138
84669,0.475138
84670,0.475138
84671,0.475138
84672,0.475138
84673,0.475138
84674,0.475138
84675,0.475138
84676,0.475138
84677,0.475138
84678,0.475138
84679,0.475138
84680,0.475138
84681,0.475138
84682,0.475138
84683,0.475138
84684,0.475138
84685,0.475138
84686,0.475138
84687,0.475138
84688,0.475138
84689,0.475138
84690,0.475138
84691,0.475138
84692,0.475138
84693,0.475138
84694,0.475138
84695,0.475138
84696,0.475138
84697,0.475138
84698,0.475138
84699,0.475138
84700,0.475138
84701,0.475138
84702,0.475138
84703,0.475138
84704,0.475138
84705,0.475138
84706,0.475138
84707,0.475138
84708,0.475138
84709,0.475138
84710,0.475138
84711,0.475138
84712,0.475138
84713,0.475138
84714,0.475138
84715,0.475138
84716,0.475138
84717,0.475138
84718,0.475138
84719,0.475138
84720,0.475138
84721,0.475138
84722,0.475138
84723,0.475138
84724,0.475138
84725,0.475138
84726,0.475138
84727,0.475138
84728,0.475138
84729,0.475138
84730,0.475138
84731,0.475138
84732,0.475138
84733,0.475138
84734,0.475138
84735,0.475138
84736,0.475138
84737,0.475138
84738,0.475138
84739,0.475138
84740,0.475138
84741,0.475138
84742,0.475138
84743,0.475138
84744,0.475138
84745,0.475138
84746,0.475138
84747,0.475138
84748,0.475138
84749,0.475138
84750,0.475138
84751,0.475138
84752,0.475138
84753,0.475138
84754,0.475138
84755,0.475138
84756,0.475138
84757,0.475138
84758,0.475138
84759,0.475138
84760,0.475138
84761,0.475138
84762,0.472383
84763,0.475138
84764,0.475138
84765,0.475138
84766,0.475138
84767,0.475138
84768,0.475138
84769,0.475138
84770,0.475138
84771,0.475138
84772,0.475138
84773,0.475138
84774,0.475138
84775,0.475138
84776,0.475138
84777,0.475138
84778,0.475138
84779,0.475138
84780,0.475138
84781,0.475138
84782,0.475138
84783,0.475138
84784,0.475138
84785,0.475138
84786,0.475138
84787,0.475138
84788,0.475138
84789,0.475138
84790,0.475138
84791,0.475138
84792,0.475138
84793,0.475138
84794,0.475138
84795,0.475138
84796,0.475138
84797,0.475138
84798,0.475138
84799,0.475138
84800,0.475138
84801,0.475138
84802,0.475138
84803,0.475138
84804,0.475138
84805,0.475138
84806,0.475138
84807,0.475138
84808,0.475138
84809,0.475138
84810,0.475138
84811,0.475138
84812,0.475138
84813,0.475138
84814,0.475138
84815,0.475138
84816,0.475138
84817,0.475138
84818,0.475138
84819,0.475138
84820,0.475138
84821,0.475138
84822,0.475138
84823,0.475138
84824,0.475138
84825,0.475138
84826,0.475138
84827,0.475138
84828,0.475138
84829,0.475138
84830,0.475138
84831,0.475138
84832,0.475138
84833,0.475138
84834,0.475138
84835,0.475138
84836,0.475138
84837,0.475138
84838,0.475138
84839,0.475138
84840,0.475138
84841,0.475138
84842,0.475138
84843,0.475138
84844,0.475138
84845,0.475138
84846,0.475138
84847,0.475138
84848,0.475138
84849,0.475138
84850,0.475138
84851,0.475138
84852,0.475138
84853,0.475138
84854,0.475138
84855,0.475138
84856,0.475138
84857,0.475138
84858,0.475138
84859,0.475138
84860,0.475138
84861,0.475138
84862,0.475138
84863,0.475138
84864,0.475138
84865,0.475138
84866,0.475138
84867,0.475138
84868,0.475138
84869,0.475138
84870,0.475138
84871,0.475138
84872,0.475138
84873,0.475138
84874,0.475138
84875,0.475138
84876,0.475138
84877,0.475138
84878,0.475138
84879,0.475138
84880,0.475138
84881,0.475138
84882,0.475138
84883,0.475138
84884,0.475138
84885,0.475138
84886,0.475138
84887,0.475138
84888,0.475138
84889,0.475138
84890,0.475138
84891,0.475138
84892,0.475138
84893,0.475138
84894,0.475138
84895,0.475138
84896,0.475138
84897,0.475138
84898,0.475138
84899,0.475138
84900,0.475138
84901,0.475138
84902,0.475138
84903,0.475138
84904,0.475138
84905,0.475138
84906,0.475138
84907,0.475138
84908,0.475138
84909,0.475138
84910,0.475138
84911,0.475138
84912,0.475138
84913,0.475138
84914,0.475138
84915,0.475138
84916,0.475138
84917,0.475138
84918,0.475138
84919,0.475138
84920,0.475138
84921,0.475138
84922,0.475138
84923,0.475138
84924,0.475138
84925,0.475138
84926,0.475138
84927,0.475138
84928,0.475138
84929,0.475138
84930,0.475138
84931,0.475138
84932,0.475138
84933,0.475138
84934,0.475138
84935,0.471576
84936,0.475138
84937,0.475138
84938,0.475138
84939,0.475138
84940,0.475138
84941,0.475138
84942,0.475138
84943,0.475138
84944,0.475138
84945,0.475138
84946,0.475138
84947,0.475138
84948,0.475138
84949,0.475138
84950,0.475138
84951,0.475138
84952,0.475138
84953,0.475138
84954,0.475138
84955,0.475138
84956,0.475138
84957,0.475138
84958,0.475138
84959,0.475138
84960,0.475138
84961,0.475138
84962,0.475138
84963,0.475138
84964,0.475138
84965,0.475138
84966,0.475138
84967,0.475138
84968,0.475138
84969,0.475138
84970,0.475138
84971,0.475138
84972,0.475138
84973,0.475138
84974,0.475138
84975,0.475138
84976,0.475138
84977,0.475138
84978,0.475138
84979,0.475138
84980,0.475138
84981,0.475138
84982,0.475138
84983,0.475138
84984,0.475138
84985,0.475138
84986,0.475138
84987,0.475138
84988,0.475138
84989,0.475138
84990,0.475138
84991,0.475138
84992,0.475138
84993,0.475138
84994,0.475138
84995,0.475138
84996,0.475138
84997,0.475138
84998,0.475138
84999,0.475138
85000,0.475138
85001,0.475138
85002,0.475138
85003,0.475138
85004,0.475138
85005,0.475138
85006,0.475138
85007,0.475138
85008,0.475138
85009,0.475138
85010,0.475138
85011,0.475138
85012,0.475138
85013,0.475138
85014,0.475138
85015,0.475138
85016,0.475138
85017,0.475138
85018,0.475138
85019,0.475138
85020,0.475138
85021,0.475138
85022,0.475138
85023,0.475138
85024,0.475138
85025,0.475138
85026,0.475138
85027,0.475138
85028,0.475138
85029,0.475138
85030,0.475138
85031,0.475138
85032,0.475138
85033,0.475138
85034,0.475138
85035,0.475138
85036,0.475138
85037,0.475138
85038,0.475138
85039,0.475138
85040,0.475138
85041,0.475138
85042,0.475138
85043,0.475138
85044,0.475138
85045,0.475138
85046,0.475138
85047,0.475138
85048,0.475138
85049,0.475138
85050,0.475138
85051,0.475138
85052,0.475138
85053,0.475138
85054,0.475138
85055,0.475138
85056,0.475138
85057,0.475138
85058,0.475138
85059,0.475138
85060,0.475138
85061,0.475138
85062,0.475138
85063,0.475138
85064,0.475138
85065,0.475138
85066,0.475138
85067,0.475138
85068,0.475138
85069,0.475138
85070,0.475138
85071,0.475138
85072,0.475138
85073,0.475138
85074,0.475138
85075,0.475138
85076,0.475138
85077,0.475138
85078,0.475138
85079,0.475138
85080,0.475138
85081,0.475138
85082,0.475138
85083,0.475138
85084,0.475138
85085,0.475138
85086,0.475138
85087,0.475138
85088,0.475138
85089,0.475138
85090,0.475138
85091,0.475138
85092,0.475138
85093,0.475138
85094,0.475138
85095,0.475138
85096,0.475138
85097,0.475138
85098,0.475138
85099,0.475138
85100,0.475138
85101,0.475138
85102,0.475138
85103,0.475138
85104,0.475138
85105,0.475138
85106,0.475138
85107,0.475138
85108,0.475138
85109,0.475138
85110,0.475138
85111,0.475138
85112,0.475138
85113,0.475138
85114,0.475138
85115,0.475138
85116,0.475138
85117,0.475138
85118,0.475138
85119,0.475138
85120,0.475138
85121,0.475138
85122,0.475138
85123,0.475138
85124,0.475138
85125,0.475138
85126,0.475138
85127,0.475138
85128,0.475138
85129,0.475138
85130,0.475138
85131,0.475138
85132,0.475138
85133,0.475138
85134,0.475138
85135,0.475138
85136,0.475138
85137,0.475138
85138,0.475138
85139,0.475138
85140,0.475138
85141,0.475138
85142,0.475138
85143,0.475138
85144,0.475138
85145,0.475138
85146,0.475138
85147,0.475138
85148,0.475138
85149,0.475138
85150,0.475138
85151,0.475138
85152,0.475138
85153,0.475138
85154,0.475138
85155,0.475138
85156,0.475138
85157,0.475138
85158,0.475138
85159,0.475138
85160,0.475138
85161,0.475138
85162,0.475138
85163,0.475138
85164,0.475138
85165,0.475138
85166,0.475138
85167,0.475138
85168,0.475138
85169,0.475138
85170,0.475138
85171,0.475138
85172,0.475138
85173,0.475138
85174,0.475138
85175,0.475138
85176,0.475138
85177,0.475138
85178,0.475138
85179,0.475138
85180,0.475138
85181,0.475138
85182,0.475138
85183,0.475138
85184,0.475138
85185,0.475138
85186,0.475138
85187,0.475138
85188,0.475138
85189,0.475138
85190,0.475138
85191,0.475138
85192,0.475138
85193,0.475138
85194,0.475138
85195,0.475138
85196,0.475138
85197,0.475138
85198,0.475138
85199,0.475138
85200,0.475138
85201,0.475138
85202,0.475138
85203,0.475138
85204,0.475138
85205,0.475138
85206,0.475138
85207,0.475138
85208,0.475138
85209,0.475138
85210,0.475138
85211,0.475138
85212,0.475138
85213,0.475138
85214,0.475138
85215,0.475138
85216,0.475138
85217,0.475138
85218,0.475138
85219,0.475138
85220,0.475138
85221,0.475138
85222,0.475138
85223,0.475138
85224,0.475138
85225,0.475138
85226,0.475138
85227,0.475138
85228,0.475138
85229,0.475138
85230,0.475138
85231,0.475138
85232,0.475138
85233,0.475138
85234,0.475138
85235,0.475138
85236,0.475138
85237,0.475138
85238,0.475138
85239,0.475138
85240,0.475138
85241,0.475138
85242,0.475138
85243,0.475138
85244,0.475138
85245,0.475138
85246,0.475138
85247,0.475138
85248,0.475138
85249,0.475138
85250,0.475138
85251,0.475138
85252,0.475138
85253,0.475138
85254,0.475138
85255,0.475138
85256,0.475138
85257,0.475138
85258,0.475138
85259,0.475138
85260,0.475138
85261,0.475138
85262,0.475138
85263,0.475138
85264,0.475138
85265,0.475138
85266,0.475138
85267,0.475138
85268,0.475138
85269,0.475138
85270,0.475138
85271,0.475138
85272,0.475138
85273,0.475138
85274,0.475138
85275,0.475138
85276,0.475138
85277,0.475138
85278,0.475138
85279,0.475138
85280,0.475138
85281,0.475138
85282,0.475138
85283,0.475138
85284,0.475138
85285,0.475138
85286,0.475138
85287,0.475138
85288,0.475138
85289,0.475138
85290,0.475138
85291,0.475138
85292,0.475138
85293,0.475138
85294,0.475138
85295,0.475138
85296,0.475138
85297,0.475138
85298,0.475138
85299,0.475138
85300,0.475138
85301,0.475138
85302,0.475138
85303,0.475138
85304,0.475138
85305,0.475138
85306,0.475138
85307,0.475138
85308,0.475138
85309,0.475138
85310,0.475138
85311,0.475138
85312,0.475138
85313,0.475138
85314,0.475138
85315,0.475138
85316,0.475138
85317,0.475138
85318,0.475138
85319,0.475138
85320,0.475138
85321,0.475138
85322,0.475138
85323,0.475138
85324,0.475138
85325,0.475138
85326,0.475138
85327,0.475138
85328,0.475138
85329,0.475138
85330,0.475138
85331,0.475138
85332,0.475138
85333,0.475138
85334,0.475138
85335,0.475138
85336,0.475138
85337,0.475138
85338,0.475138
85339,0.475138
85340,0.475138
85341,0.475138
85342,0.475138
85343,0.475138
85344,0.475138
85345,0.475138
85346,0.475138
85347,0.475138
85348,0.475138
85349,0.475138
85350,0.475138
85351,0.475138
85352,0.475138
85353,0.475138
85354,0.475138
85355,0.475138
85356,0.475138
85357,0.475138
85358,0.475138
85359,0.475138
85360,0.475138
85361,0.475138
85362,0.475138
85363,0.475138
85364,0.475138
85365,0.475138
85366,0.475138
85367,0.475138
85368,0.475138
85369,0.475138
85370,0.475138
85371,0.475138
85372,0.475138
85373,0.475138
85374,0.475138
85375,0.475138
85376,0.475138
85377,0.475138
85378,0.475138
85379,0.475138
85380,0.475138
85381,0.475138
85382,0.475138
85383,0.475138
85384,0.475138
85385,0.475138
85386,0.475138
85387,0.475138
85388,0.475138
85389,0.475138
85390,0.475138
85391,0.475138
85392,0.475138
85393,0.475138
85394,0.475138
85395,0.475138
85396,0.475138
85397,0.475138
85398,0.475138
85399,0.475138
85400,0.475138
85401,0.475138
85402,0.475138
85403,0.475138
85404,0.475138
85405,0.475138
85406,0.475138
85407,0.475138
85408,0.475138
85409,0.475138
85410,0.475138
85411,0.475138
85412,0.475138
85413,0.475138
85414,0.475138
85415,0.475138
85416,0.475138
85417,0.475138
85418,0.475138
85419,0.475138
85420,0.475138
85421,0.475138
85422,0.475138
85423,0.475138
85424,0.475138
85425,0.475138
85426,0.475138
85427,0.475138
85428,0.475138
85429,0.475138
85430,0.475138
85431,0.475138
85432,0.475138
85433,0.475138
85434,0.475138
85435,0.475138
85436,0.475138
85437,0.475138
85438,0.475138
85439,0.475138
85440,0.475138
85441,0.475138
85442,0.475138
85443,0.475138
85444,0.475138
85445,0.456971
85446,0.456971
85447,0.456971
85448,0.456971
85449,0.456971
85450,0.475138
85451,0.475138
85452,0.475138
85453,0.475138
85454,0.475138
85455,0.475138
85456,0.475138
85457,0.475138
85458,0.475138
85459,0.475138
85460,0.475138
85461,0.475138
85462,0.475138
85463,0.475138
85464,0.475138
85465,0.475138
85466,0.475138
85467,0.475138
85468,0.475138
85469,0.475138
85470,0.475138
85471,0.475138
85472,0.475138
85473,0.475138
85474,0.475138
85475,0.475138
85476,0.475138
85477,0.475138
85478,0.475138
85479,0.475138
85480,0.475138
85481,0.475138
85482,0.475138
85483,0.475138
85484,0.475138
85485,0.475138
85486,0.475138
85487,0.475138
85488,0.475138
85489,0.475138
85490,0.475138
85491,0.475138
85492,0.475138
85493,0.475138
85494,0.475138
85495,0.475138
85496,0.475138
85497,0.475138
85498,0.475138
85499,0.475138
85500,0.475138
85501,0.475138
85502,0.475138
85503,0.475138
85504,0.475138
85505,0.475138
85506,0.475138
85507,0.475138
85508,0.475138
85509,0.475138
85510,0.475138
85511,0.475138
85512,0.475138
85513,0.475138
85514,0.475138
85515,0.475138
85516,0.475138
85517,0.475138
85518,0.475138
85519,0.475138
85520,0.475138
85521,0.475138
85522,0.475138
85523,0.475138
85524,0.475138
85525,0.475138
85526,0.475138
85527,0.475138
85528,0.475138
85529,0.475138
85530,0.475138
85531,0.475138
85532,0.475138
85533,0.475138
85534,0.475138
85535,0.475138
85536,0.475138
85537,0.475138
85538,0.475138
85539,0.475138
85540,0.475138
85541,0.475138
85542,0.475138
85543,0.475138
85544,0.475138
85545,0.475138
85546,0.475138
85547,0.475138
85548,0.475138
85549,0.475138
85550,0.475138
85551,0.475138
85552,0.475138
85553,0.475138
85554,0.475138
85555,0.475138
85556,0.475138
85557,0.475138
85558,0.475138
85559,0.475138
85560,0.475138
85561,0.475138
85562,0.475138
85563,0.475138
85564,0.475138
85565,0.475138
85566,0.475138
85567,0.475138
85568,0.475138
85569,0.475138
85570,0.475138
85571,0.475138
85572,0.475138
85573,0.475138
85574,0.475138
85575,0.475138
85576,0.475138
85577,0.475138
85578,0.475138
85579,0.475138
85580,0.475138
85581,0.475138
85582,0.475138
85583,0.475138
85584,0.475138
85585,0.475138
85586,0.475138
85587,0.475138
85588,0.475138
85589,0.475138
85590,0.475138
85591,0.475138
85592,0.475138
85593,0.475138
85594,0.475138
85595,0.475138
85596,0.475138
85597,0.475138
85598,0.475138
85599,0.475138
85600,0.475138
85601,0.475138
85602,0.475138
85603,0.475138
85604,0.475138
85605,0.475138
85606,0.475138
85607,0.475138
85608,0.475138
85609,0.475138
85610,0.475138
85611,0.475138
85612,0.475138
85613,0.475138
85614,0.475138
85615,0.475138
85616,0.475138
85617,0.475138
85618,0.475138
85619,0.475138
85620,0.475138
85621,0.475138
85622,0.475138
85623,0.475138
85624,0.475138
85625,0.475138
85626,0.475138
85627,0.475138
85628,0.475138
85629,0.475138
85630,0.475138
85631,0.475138
85632,0.475138
85633,0.475138
85634,0.444521
85635,0.475138
85636,0.475138
85637,0.475138
85638,0.475138
85639,0.475138
85640,0.475138
85641,0.475138
85642,0.475138
85643,0.475138
85644,0.475138
85645,0.475138
85646,0.475138
85647,0.475138
85648,0.475138
85649,0.475138
85650,0.475138
85651,0.475138
85652,0.475138
85653,0.475138
85654,0.475138
85655,0.475138
85656,0.475138
85657,0.475138
85658,0.475138
85659,0.475138
85660,0.475138
85661,0.475138
85662,0.475138
85663,0.475138
85664,0.475138
85665,0.475138
85666,0.475138
85667,0.475138
85668,0.475138
85669,0.475138
85670,0.475138
85671,0.475138
85672,0.475138
85673,0.475138
85674,0.475138
85675,0.475138
85676,0.475138
85677,0.475138
85678,0.475138
85679,0.475138
85680,0.475138
85681,0.475138
85682,0.475138
85683,0.475138
85684,0.475138
85685,0.475138
85686,0.475138
85687,0.475138
85688,0.475138
85689,0.475138
85690,0.475138
85691,0.475138
85692,0.475138
85693,0.475138
85694,0.475138
85695,0.475138
85696,0.475138
85697,0.475138
85698,0.475138
85699,0.475138
85700,0.475138
85701,0.475138
85702,0.475138
85703,0.475138
85704,0.475138
85705,0.475138
85706,0.475138
85707,0.475138
85708,0.475138
85709,0.475138
85710,0.475138
85711,0.475138
85712,0.475138
85713,0.475138
85714,0.475138
85715,0.475138
85716,0.475138
85717,0.475138
85718,0.475138
85719,0.475138
85720,0.475138
85721,0.475138
85722,0.475138
85723,0.475138
85724,0.475138
85725,0.475138
85726,0.475138
85727,0.475138
85728,0.475138
85729,0.475138
85730,0.475138
85731,0.475138
85732,0.475138
85733,0.475138
85734,0.475138
85735,0.475138
85736,0.475138
85737,0.475138
85738,0.475138
85739,0.475138
85740,0.475138
85741,0.475138
85742,0.475138
85743,0.475138
85744,0.475138
85745,0.475138
85746,0.475138
85747,0.475138
85748,0.475138
85749,0.475138
85750,0.475138
85751,0.475138
85752,0.475138
85753,0.475138
85754,0.475138
85755,0.475138
85756,0.475138
85757,0.475138
85758,0.475138
85759,0.475138
85760,0.475138
85761,0.475138
85762,0.475138
85763,0.475138
85764,0.475138
85765,0.475138
85766,0.475138
85767,0.475138
85768,0.475138
85769,0.475138
85770,0.475138
85771,0.475138
85772,0.475138
85773,0.475138
85774,0.475138
85775,0.475138
85776,0.475138
85777,0.475138
85778,0.475138
85779,0.475138
85780,0.475138
85781,0.475138
85782,0.475138
85783,0.475138
85784,0.475138
85785,0.475138
85786,0.467697
85787,0.475138
85788,0.475138
85789,0.475138
85790,0.475138
85791,0.475138
85792,0.475138
85793,0.475138
85794,0.475138
85795,0.475138
85796,0.475138
85797,0.475138
85798,0.475138
85799,0.475138
85800,0.475138
85801,0.475138
85802,0.475138
85803,0.475138
85804,0.475138
85805,0.420290
85806,0.475138
85807,0.475138
85808,0.475138
85809,0.475138
85810,0.475138
85811,0.475138
85812,0.475138
85813,0.475138
85814,0.475138
85815,0.475138
85816,0.475138
85817,0.475138
85818,0.475138
85819,0.475138
85820,0.475138
85821,0.475138
85822,0.475138
85823,0.475138
85824,0.475138
85825,0.475138
85826,0.475138
85827,0.475138
85828,0.475138
85829,0.475138
85830,0.475138
85831,0.475138
85832,0.475138
85833,0.475138
85834,0.475138
85835,0.475138
85836,0.475138
85837,0.475138
85838,0.475138
85839,0.475138
85840,0.475138
85841,0.475138
85842,0.475138
85843,0.475138
85844,0.475138
85845,0.475138
85846,0.475138
85847,0.475138
85848,0.475138
85849,0.475138
85850,0.475138
85851,0.475138
85852,0.475138
85853,0.475138
85854,0.475138
85855,0.475138
85856,0.475138
85857,0.475138
85858,0.475138
85859,0.475138
85860,0.475138
85861,0.475138
85862,0.475138
85863,0.475138
85864,0.475138
85865,0.475138
85866,0.475138
85867,0.475138
85868,0.475138
85869,0.475138
85870,0.475138
85871,0.475138
85872,0.475138
85873,0.475138
85874,0.475138
85875,0.475138
85876,0.475138
85877,0.475138
85878,0.475138
85879,0.475138
85880,0.475138
85881,0.475138
85882,0.475138
85883,0.475138
85884,0.475138
85885,0.475138
85886,0.475138
85887,0.475138
85888,0.475138
85889,0.475138
85890,0.475138
85891,0.475138
85892,0.475138
85893,0.475138
85894,0.475138
85895,0.475138
85896,0.475138
85897,0.475138
85898,0.475138
85899,0.475138
85900,0.475138
85901,0.475138
85902,0.475138
85903,0.475138
85904,0.475138
85905,0.475138
85906,0.475138
85907,0.475138
85908,0.475138
85909,0.475138
85910,0.475138
85911,0.475138
85912,0.475138
85913,0.475138
85914,0.475138
85915,0.475138
85916,0.475138
85917,0.475138
85918,0.475138
85919,0.475138
85920,0.475138
85921,0.475138
85922,0.475138
85923,0.475138
85924,0.475138
85925,0.475138
85926,0.475138
85927,0.475138
85928,0.475138
85929,0.475138
85930,0.475138
85931,0.475138
85932,0.475138
85933,0.475138
85934,0.475138
85935,0.475138
85936,0.475138
85937,0.475138
85938,0.475138
85939,0.475138
85940,0.475138
85941,0.475138
85942,0.475138
85943,0.475138
85944,0.475138
85945,0.475138
85946,0.475138
85947,0.475138
85948,0.475138
85949,0.475138
85950,0.475138
85951,0.475138
85952,0.475138
85953,0.475138
85954,0.475138
85955,0.475138
85956,0.475138
85957,0.475138
85958,0.475138
85959,0.475138
85960,0.475138
85961,0.475138
85962,0.475138
85963,0.475138
85964,0.475138
85965,0.475138
85966,0.475138
85967,0.475138
85968,0.475138
85969,0.475138
85970,0.475138
85971,0.475138
85972,0.475138
85973,0.475138
85974,0.475138
85975,0.475138
85976,0.475138
85977,0.475138
85978,0.475138
85979,0.475138
85980,0.475138
85981,0.475138
85982,0.475138
85983,0.475138
85984,0.475138
85985,0.475138
85986,0.475138
85987,0.475138
85988,0.475138
85989,0.475138
85990,0.475138
85991,0.475138
85992,0.475138
85993,0.475138
85994,0.475138
85995,0.475138
85996,0.475138
85997,0.475138
85998,0.475138
85999,0.475138
86000,0.475138
86001,0.475138
86002,0.475138
86003,0.475138
86004,0.475138
86005,0.475138
86006,0.475138
86007,0.475138
86008,0.475138
86009,0.475138
86010,0.475138
86011,0.475138
86012,0.475138
86013,0.475138
86014,0.475138
86015,0.475138
86016,0.475138
86017,0.475138
86018,0.475138
86019,0.475138
86020,0.475138
86021,0.475138
86022,0.475138
86023,0.475138
86024,0.475138
86025,0.475138
86026,0.475138
86027,0.475138
86028,0.475138
86029,0.475138
86030,0.475138
86031,0.475138
86032,0.475138
86033,0.475138
86034,0.475138
86035,0.475138
86036,0.475138
86037,0.475138
86038,0.475138
86039,0.475138
86040,0.475138
86041,0.475138
86042,0.475138
86043,0.475138
86044,0.475138
86045,0.475138
86046,0.475138
86047,0.475138
86048,0.475138
86049,0.475138
86050,0.475138
86051,0.475138
86052,0.475138
86053,0.475138
86054,0.475138
86055,0.475138
86056,0.475138
86057,0.475138
86058,0.475138
86059,0.475138
86060,0.475138
86061,0.475138
86062,0.475138
86063,0.475138
86064,0.475138
86065,0.475138
86066,0.475138
86067,0.475138
86068,0.475138
86069,0.475138
86070,0.475138
86071,0.475138
86072,0.475138
86073,0.475138
86074,0.475138
86075,0.475138
86076,0.475138
86077,0.475138
86078,0.475138
86079,0.475138
86080,0.475138
86081,0.475138
86082,0.475138
86083,0.475138
86084,0.475138
86085,0.475138
86086,0.475138
86087,0.475138
86088,0.475138
86089,0.475138
86090,0.475138
86091,0.475138
86092,0.475138
86093,0.475138
86094,0.475138
86095,0.475138
86096,0.475138
86097,0.475138
86098,0.475138
86099,0.475138
86100,0.475138
86101,0.475138
86102,0.475138
86103,0.475138
86104,0.475138
86105,0.475138
86106,0.475138
86107,0.475138
86108,0.475138
86109,0.475138
86110,0.475138
86111,0.475138
86112,0.475138
86113,0.475138
86114,0.475138
86115,0.475138
86116,0.475138
86117,0.475138
86118,0.475138
86119,0.475138
86120,0.475138
86121,0.475138
86122,0.475138
86123,0.475138
86124,0.475138
86125,0.475138
86126,0.475138
86127,0.475138
86128,0.475138
86129,0.475138
86130,0.475138
86131,0.475138
86132,0.475138
86133,0.475138
86134,0.475138
86135,0.475138
86136,0.475138
86137,0.475138
86138,0.475138
86139,0.475138
86140,0.475138
86141,0.475138
86142,0.475138
86143,0.475138
86144,0.475138
86145,0.475138
86146,0.475138
86147,0.475138
86148,0.475138
86149,0.475138
86150,0.475138
86151,0.475138
86152,0.475138
86153,0.475138
86154,0.475138
86155,0.475138
86156,0.475138
86157,0.475138
86158,0.475138
86159,0.475138
86160,0.475138
86161,0.475138
86162,0.475138
86163,0.475138
86164,0.475138
86165,0.475138
86166,0.475138
86167,0.475138
86168,0.475138
86169,0.475138
86170,0.475138
86171,0.475138
86172,0.475138
86173,0.475138
86174,0.475138
86175,0.475138
86176,0.475138
86177,0.475138
86178,0.475138
86179,0.475138
86180,0.475138
86181,0.475138
86182,0.475138
86183,0.475138
86184,0.475138
86185,0.475138
86186,0.475138
86187,0.475138
86188,0.475138
86189,0.475138
86190,0.475138
86191,0.475138
86192,0.475138
86193,0.475138
86194,0.475138
86195,0.475138
86196,0.475138
86197,0.475138
86198,0.475138
86199,0.475138
86200,0.475138
86201,0.475138
86202,0.475138
86203,0.475138
86204,0.475138
86205,0.475138
86206,0.475138
86207,0.475138
86208,0.475138
86209,0.475138
86210,0.475138
86211,0.475138
86212,0.475138
86213,0.475138
86214,0.475138
86215,0.475138
86216,0.475138
86217,0.475138
86218,0.475138
86219,0.475138
86220,0.475138
86221,0.475138
86222,0.475138
86223,0.475138
86224,0.475138
86225,0.475138
86226,0.475138
86227,0.475138
86228,0.475138
86229,0.475138
86230,0.475138
86231,0.475138
86232,0.475138
86233,0.475138
86234,0.475138
86235,0.475138
86236,0.475138
86237,0.475138
86238,0.475138
86239,0.475138
86240,0.475138
86241,0.475138
86242,0.475138
86243,0.475138
86244,0.475138
86245,0.475138
86246,0.475138
86247,0.475138
86248,0.475138
86249,0.475138
86250,0.475138
86251,0.475138
86252,0.475138
86253,0.475138
86254,0.475138
86255,0.475138
86256,0.475138
86257,0.475138
86258,0.475138
86259,0.475138
86260,0.475138
86261,0.475138
86262,0.475138
86263,0.475138
86264,0.475138
86265,0.475138
86266,0.475138
86267,0.475138
86268,0.475138
86269,0.475138
86270,0.475138
86271,0.475138
86272,0.475138
86273,0.475138
86274,0.475138
86275,0.475138
86276,0.475138
86277,0.475138
86278,0.475138
86279,0.475138
86280,0.475138
86281,0.475138
86282,0.475138
86283,0.475138
86284,0.475138
86285,0.475138
86286,0.475138
86287,0.475138
86288,0.475138
86289,0.475138
86290,0.475138
86291,0.475138
86292,0.475138
86293,0.475138
86294,0.475138
86295,0.475138
86296,0.475138
86297,0.475138
86298,0.475138
86299,0.475138
86300,0.475138
86301,0.475138
86302,0.475138
86303,0.475138
86304,0.475138
86305,0.475138
86306,0.475138
86307,0.475138
86308,0.475138
86309,0.475138
86310,0.475138
86311,0.475138
86312,0.475138
86313,0.475138
86314,0.475138
86315,0.475138
86316,0.475138
86317,0.475138
86318,0.475138
86319,0.475138
86320,0.475138
86321,0.475138
86322,0.475138
86323,0.475138
86324,0.475138
86325,0.475138
86326,0.475138
86327,0.475138
86328,0.475138
86329,0.475138
86330,0.475138
86331,0.475138
86332,0.475138
86333,0.475138
86334,0.475138
86335,0.475138
86336,0.475138
86337,0.475138
86338,0.475138
86339,0.475138
86340,0.475138
86341,0.475138
86342,0.475138
86343,0.475138
86344,0.475138
86345,0.475138
86346,0.475138
86347,0.475138
86348,0.475138
86349,0.475138
86350,0.475138
86351,0.475138
86352,0.475138
86353,0.475138
86354,0.474295
86355,0.475138
86356,0.475138
86357,0.475138
86358,0.475138
86359,0.475138
86360,0.475138
86361,0.475138
86362,0.475138
86363,0.475138
86364,0.475138
86365,0.475138
86366,0.475138
86367,0.475138
86368,0.475138
86369,0.475138
86370,0.475138
86371,0.475138
86372,0.475138
86373,0.475138
86374,0.475138
86375,0.475138
86376,0.475138
86377,0.475138
86378,0.475138
86379,0.475138
86380,0.475138
86381,0.475138
86382,0.475138
86383,0.475138
86384,0.475138
86385,0.475138
86386,0.475138
86387,0.475138
86388,0.475138
86389,0.475138
86390,0.475138
86391,0.475138
86392,0.475138
86393,0.475138
86394,0.475138
86395,0.475138
86396,0.475138
86397,0.475138
86398,0.475138
86399,0.475138
86400,0.475138
86401,0.475138
86402,0.475138
86403,0.475138
86404,0.475138
86405,0.475138
86406,0.475138
86407,0.475138
86408,0.475138
86409,0.475138
86410,0.475138
86411,0.475138
86412,0.475138
86413,0.475138
86414,0.475138
86415,0.475138
86416,0.475138
86417,0.444521
86418,0.475138
86419,0.475138
86420,0.475138
86421,0.475138
86422,0.475138
86423,0.475138
86424,0.475138
86425,0.475138
86426,0.475138
86427,0.475138
86428,0.475138
86429,0.475138
86430,0.475138
86431,0.475138
86432,0.475138
86433,0.475138
86434,0.475138
86435,0.475138
86436,0.475138
86437,0.475138
86438,0.475138
86439,0.475138
86440,0.475138
86441,0.475138
86442,0.475138
86443,0.475138
86444,0.475138
86445,0.475138
86446,0.475138
86447,0.475138
86448,0.475138
86449,0.475138
86450,0.475138
86451,0.475138
86452,0.475138
86453,0.475138
86454,0.475138
86455,0.475138
86456,0.475138
86457,0.475138
86458,0.475138
86459,0.475138
86460,0.475138
86461,0.475138
86462,0.475138
86463,0.475138
86464,0.475138
86465,0.475138
86466,0.475138
86467,0.475138
86468,0.475138
86469,0.475138
86470,0.475138
86471,0.475138
86472,0.475138
86473,0.475138
86474,0.475138
86475,0.475138
86476,0.475138
86477,0.475138
86478,0.475138
86479,0.475138
86480,0.475138
86481,0.475138
86482,0.475138
86483,0.475138
86484,0.475138
86485,0.475138
86486,0.475138
86487,0.475138
86488,0.475138
86489,0.475138
86490,0.475138
86491,0.475138
86492,0.475138
86493,0.475138
86494,0.475138
86495,0.475138
86496,0.475138
86497,0.475138
86498,0.475138
86499,0.475138
86500,0.475138
86501,0.475138
86502,0.475138
86503,0.475138
86504,0.475138
86505,0.475138
86506,0.475138
86507,0.475138
86508,0.475138
86509,0.475138
86510,0.475138
86511,0.475138
86512,0.475138
86513,0.475138
86514,0.475138
86515,0.475138
86516,0.475138
86517,0.475138
86518,0.475138
86519,0.475138
86520,0.475138
86521,0.475138
86522,0.475138
86523,0.475138
86524,0.475138
86525,0.475138
86526,0.475138
86527,0.475138
86528,0.475138
86529,0.475138
86530,0.475138
86531,0.475138
86532,0.475138
86533,0.475138
86534,0.475138
86535,0.475138
86536,0.475138
86537,0.475138
86538,0.475138
86539,0.475138
86540,0.475138
86541,0.475138
86542,0.475138
86543,0.475138
86544,0.475138
86545,0.475138
86546,0.475138
86547,0.475138
86548,0.475138
86549,0.475138
86550,0.475138
86551,0.475138
86552,0.475138
86553,0.475138
86554,0.475138
86555,0.475138
86556,0.475138
86557,0.475138
86558,0.475138
86559,0.475138
86560,0.475138
86561,0.475138
86562,0.475138
86563,0.475138
86564,0.475138
86565,0.475138
86566,0.475138
86567,0.475851
86568,0.475138
86569,0.475138
86570,0.475138
86571,0.475138
86572,0.475138
86573,0.475138
86574,0.475138
86575,0.475138
86576,0.475138
86577,0.475138
86578,0.475138
86579,0.475138
86580,0.475138
86581,0.475138
86582,0.475138
86583,0.475138
86584,0.475138
86585,0.475138
86586,0.475138
86587,0.475138
86588,0.475138
86589,0.475138
86590,0.475138
86591,0.475138
86592,0.475138
86593,0.475138
86594,0.475138
86595,0.475138
86596,0.475138
86597,0.475138
86598,0.475138
86599,0.475138
86600,0.475138
86601,0.475138
86602,0.475138
86603,0.475138
86604,0.475138
86605,0.475138
86606,0.475138
86607,0.475138
86608,0.475138
86609,0.475138
86610,0.475138
86611,0.475138
86612,0.475138
86613,0.475138
86614,0.475138
86615,0.475138
86616,0.475138
86617,0.475138
86618,0.475138
86619,0.475138
86620,0.475138
86621,0.475138
86622,0.475138
86623,0.475138
86624,0.475138
86625,0.475138
86626,0.475138
86627,0.475138
86628,0.475138
86629,0.475138
86630,0.475138
86631,0.475138
86632,0.475138
86633,0.475138
86634,0.475138
86635,0.475138
86636,0.475138
86637,0.475138
86638,0.475138
86639,0.475138
86640,0.475138
86641,0.475138
86642,0.475138
86643,0.475138
86644,0.475138
86645,0.475138
86646,0.475138
86647,0.475138
86648,0.475138
86649,0.475138
86650,0.475138
86651,0.475138
86652,0.475138
86653,0.475138
86654,0.475138
86655,0.475138
86656,0.475138
86657,0.475138
86658,0.475138
86659,0.475138
86660,0.475138
86661,0.475138
86662,0.475138
86663,0.475138
86664,0.475138
86665,0.475138
86666,0.475138
86667,0.475138
86668,0.475138
86669,0.475138
86670,0.475138
86671,0.475138
86672,0.475138
86673,0.475138
86674,0.475138
86675,0.475138
86676,0.475138
86677,0.475138
86678,0.475138
86679,0.475138
86680,0.475138
86681,0.475138
86682,0.475138
86683,0.475138
86684,0.475138
86685,0.475138
86686,0.475138
86687,0.475138
86688,0.475138
86689,0.475138
86690,0.475138
86691,0.475138
86692,0.475138
86693,0.475138
86694,0.475138
86695,0.475138
86696,0.475138
86697,0.475138
86698,0.475138
86699,0.475138
86700,0.475138
86701,0.475138
86702,0.475138
86703,0.475138
86704,0.475138
86705,0.475138
86706,0.475138
86707,0.475138
86708,0.475138
86709,0.475138
86710,0.475138
86711,0.475138
86712,0.475138
86713,0.475138
86714,0.475138
86715,0.475138
86716,0.475138
86717,0.475138
86718,0.475138
86719,0.475138
86720,0.475138
86721,0.475138
86722,0.475138
86723,0.475138
86724,0.475138
86725,0.475138
86726,0.475138
86727,0.475138
86728,0.475138
86729,0.475138
86730,0.475138
86731,0.475138
86732,0.475138
86733,0.475138
86734,0.475138
86735,0.475138
86736,0.475138
86737,0.475138
86738,0.475138
86739,0.475138
86740,0.475138
86741,0.475138
86742,0.475138
86743,0.475138
86744,0.475138
86745,0.475138
86746,0.475138
86747,0.475138
86748,0.475138
86749,0.475138
86750,0.475138
86751,0.475138
86752,0.475138
86753,0.475138
86754,0.475138
86755,0.475138
86756,0.475138
86757,0.475138
86758,0.475138
86759,0.475138
86760,0.475138
86761,0.475138
86762,0.475138
86763,0.475138
86764,0.475138
86765,0.475138
86766,0.475138
86767,0.475138
86768,0.475138
86769,0.475138
86770,0.475138
86771,0.475138
86772,0.475138
86773,0.475138
86774,0.475138
86775,0.475138
86776,0.475138
86777,0.475138
86778,0.475138
86779,0.475138
86780,0.475138
86781,0.475138
86782,0.475138
86783,0.475138
86784,0.475138
86785,0.475138
86786,0.475138
86787,0.475138
86788,0.475138
86789,0.475138
86790,0.475138
86791,0.475138
86792,0.475138
86793,0.475138
86794,0.475138
86795,0.475138
86796,0.475138
86797,0.475138
86798,0.475138
86799,0.475138
86800,0.475138
86801,0.475138
86802,0.475138
86803,0.475138
86804,0.475138
86805,0.475138
86806,0.475138
86807,0.475138
86808,0.475138
86809,0.475138
86810,0.475138
86811,0.475138
86812,0.475138
86813,0.475138
86814,0.475138
86815,0.475138
86816,0.475138
86817,0.475138
86818,0.475138
86819,0.475138
86820,0.475138
86821,0.475138
86822,0.475138
86823,0.475138
86824,0.475138
86825,0.475138
86826,0.475138
86827,0.475138
86828,0.475138
86829,0.475138
86830,0.475138
86831,0.475138
86832,0.475138
86833,0.475138
86834,0.475138
86835,0.475138
86836,0.475138
86837,0.475138
86838,0.475138
86839,0.475138
86840,0.475138
86841,0.475138
86842,0.475138
86843,0.475138
86844,0.475138
86845,0.475138
86846,0.475138
86847,0.475138
86848,0.475138
86849,0.475138
86850,0.475138
86851,0.475138
86852,0.475138
86853,0.475138
86854,0.475138
86855,0.475138
86856,0.475138
86857,0.475138
86858,0.475138
86859,0.475138
86860,0.475138
86861,0.475138
86862,0.475138
86863,0.475138
86864,0.475138
86865,0.475138
86866,0.475138
86867,0.475138
86868,0.475138
86869,0.475138
86870,0.475138
86871,0.475138
86872,0.475138
86873,0.475138
86874,0.475138
86875,0.475138
86876,0.475138
86877,0.475138
86878,0.475138
86879,0.475138
86880,0.475138
86881,0.475138
86882,0.475138
86883,0.475138
86884,0.475138
86885,0.475138
86886,0.475138
86887,0.475138
86888,0.475138
86889,0.475138
86890,0.475138
86891,0.475138
86892,0.475138
86893,0.475138
86894,0.475138
86895,0.475138
86896,0.475138
86897,0.475138
86898,0.475138
86899,0.475138
86900,0.475138
86901,0.475138
86902,0.475138
86903,0.475138
86904,0.475138
86905,0.475138
86906,0.475138
86907,0.475138
86908,0.475138
86909,0.475138
86910,0.475138
86911,0.475138
86912,0.475138
86913,0.475138
86914,0.475138
86915,0.475138
86916,0.475138
86917,0.475138
86918,0.475138
86919,0.475138
86920,0.475138
86921,0.475138
86922,0.475138
86923,0.475138
86924,0.475138
86925,0.475138
86926,0.475138
86927,0.475138
86928,0.475138
86929,0.475138
86930,0.475138
86931,0.475138
86932,0.475138
86933,0.475138
86934,0.475138
86935,0.475138
86936,0.475138
86937,0.475138
86938,0.475138
86939,0.475138
86940,0.475138
86941,0.475138
86942,0.475138
86943,0.475138
86944,0.475138
86945,0.475138
86946,0.475138
86947,0.475138
86948,0.475138
86949,0.475138
86950,0.475138
86951,0.475138
86952,0.475138
86953,0.475138
86954,0.475138
86955,0.475138
86956,0.475138
86957,0.475138
86958,0.475138
86959,0.475138
86960,0.475138
86961,0.475138
86962,0.475138
86963,0.475138
86964,0.475138
86965,0.475138
86966,0.475138
86967,0.475138
86968,0.475138
86969,0.475138
86970,0.475138
86971,0.475138
86972,0.475138
86973,0.475138
86974,0.475138
86975,0.475138
86976,0.475138
86977,0.475138
86978,0.475138
86979,0.475138
86980,0.475138
86981,0.475138
86982,0.475138
86983,0.475138
86984,0.475138
86985,0.475138
86986,0.475138
86987,0.475138
86988,0.475138
86989,0.475138
86990,0.475138
86991,0.475138
86992,0.475138
86993,0.475138
86994,0.475138
86995,0.475138
86996,0.475138
86997,0.475138
86998,0.475138
86999,0.475138
87000,0.475138
87001,0.475138
87002,0.475138
87003,0.475138
87004,0.475138
87005,0.475138
87006,0.475138
87007,0.475138
87008,0.475138
87009,0.475138
87010,0.475138
87011,0.475138
87012,0.475138
87013,0.475138
87014,0.475138
87015,0.475138
87016,0.475138
87017,0.475138
87018,0.475138
87019,0.475138
87020,0.475138
87021,0.475138
87022,0.475138
87023,0.475138
87024,0.475138
87025,0.475138
87026,0.475138
87027,0.475138
87028,0.475138
87029,0.475138
87030,0.475138
87031,0.475138
87032,0.475138
87033,0.475138
87034,0.475138
87035,0.475138
87036,0.475138
87037,0.475138
87038,0.475138
87039,0.475138
87040,0.475138
87041,0.475138
87042,0.475138
87043,0.475138
87044,0.475138
87045,0.475138
87046,0.475138
87047,0.475138
87048,0.475138
87049,0.475138
87050,0.475138
87051,0.475138
87052,0.475138
87053,0.475138
87054,0.475138
87055,0.475138
87056,0.475138
87057,0.475138
87058,0.475138
87059,0.475138
87060,0.475138
87061,0.475138
87062,0.475138
87063,0.475138
87064,0.475138
87065,0.475138
87066,0.475138
87067,0.475138
87068,0.475138
87069,0.475138
87070,0.475138
87071,0.475138
87072,0.475138
87073,0.475138
87074,0.475138
87075,0.475138
87076,0.475138
87077,0.475138
87078,0.475138
87079,0.475138
87080,0.475138
87081,0.475138
87082,0.475138
87083,0.475138
87084,0.475138
87085,0.475138
87086,0.475138
87087,0.475138
87088,0.475138
87089,0.475138
87090,0.475138
87091,0.475138
87092,0.475138
87093,0.475138
87094,0.475138
87095,0.475138
87096,0.475138
87097,0.475138
87098,0.475138
87099,0.475138
87100,0.475138
87101,0.475138
87102,0.475138
87103,0.475138
87104,0.475138
87105,0.475138
87106,0.475138
87107,0.475138
87108,0.475138
87109,0.475138
87110,0.475138
87111,0.475138
87112,0.475138
87113,0.475138
87114,0.475138
87115,0.475138
87116,0.475138
87117,0.475138
87118,0.475138
87119,0.475138
87120,0.475138
87121,0.475138
87122,0.475138
87123,0.475138
87124,0.475138
87125,0.475138
87126,0.475138
87127,0.475138
87128,0.475138
87129,0.475138
87130,0.475138
87131,0.475138
87132,0.475138
87133,0.475138
87134,0.475138
87135,0.475138
87136,0.475138
87137,0.475138
87138,0.475138
87139,0.475138
87140,0.475138
87141,0.475138
87142,0.475138
87143,0.475138
87144,0.475138
87145,0.475138
87146,0.475138
87147,0.475138
87148,0.475138
87149,0.475138
87150,0.475138
87151,0.475138
87152,0.475138
87153,0.475138
87154,0.475138
87155,0.475138
87156,0.475138
87157,0.475138
87158,0.475138
87159,0.475138
87160,0.475138
87161,0.475138
87162,0.475138
87163,0.475138
87164,0.475138
87165,0.475138
87166,0.475138
87167,0.475138
87168,0.475138
87169,0.475138
87170,0.475138
87171,0.475138
87172,0.475138
87173,0.475138
87174,0.475138
87175,0.475138
87176,0.475138
87177,0.475138
87178,0.475138
87179,0.475138
87180,0.475138
87181,0.475138
87182,0.475138
87183,0.475138
87184,0.475138
87185,0.475138
87186,0.475138
87187,0.475138
87188,0.475138
87189,0.475138
87190,0.475138
87191,0.475138
87192,0.475138
87193,0.475138
87194,0.475138
87195,0.475138
87196,0.475138
87197,0.475138
87198,0.475138
87199,0.475138
87200,0.475138
87201,0.475138
87202,0.475138
87203,0.475138
87204,0.475138
87205,0.475138
87206,0.475138
87207,0.475138
87208,0.475138
87209,0.475138
87210,0.475138
87211,0.475138
87212,0.475138
87213,0.475138
87214,0.475138
87215,0.475138
87216,0.475138
87217,0.475138
87218,0.475138
87219,0.475138
87220,0.475138
87221,0.475138
87222,0.475138
87223,0.475138
87224,0.475138
87225,0.475138
87226,0.475138
87227,0.475138
87228,0.475138
87229,0.475138
87230,0.475138
87231,0.475138
87232,0.475138
87233,0.475138
87234,0.475138
87235,0.475138
87236,0.475138
87237,0.475138
87238,0.475138
87239,0.475138
87240,0.475138
87241,0.475138
87242,0.475138
87243,0.475138
87244,0.475138
87245,0.475138
87246,0.475138
87247,0.475138
87248,0.475138
87249,0.475138
87250,0.475138
87251,0.475138
87252,0.475138
87253,0.475138
87254,0.475138
87255,0.475138
87256,0.475138
87257,0.475138
87258,0.475138
87259,0.475138
87260,0.475138
87261,0.475138
87262,0.475138
87263,0.475138
87264,0.475138
87265,0.475138
87266,0.475138
87267,0.475138
87268,0.475138
87269,0.475138
87270,0.475138
87271,0.475138
87272,0.475138
87273,0.475138
87274,0.475138
87275,0.475138
87276,0.475138
87277,0.475138
87278,0.475138
87279,0.475138
87280,0.475138
87281,0.475138
87282,0.475138
87283,0.475138
87284,0.475138
87285,0.475138
87286,0.475138
87287,0.475138
87288,0.475138
87289,0.475138
87290,0.475138
87291,0.475138
87292,0.475138
87293,0.475138
87294,0.475138
87295,0.475138
87296,0.475138
87297,0.475138
87298,0.475138
87299,0.475138
87300,0.475138
87301,0.475138
87302,0.475138
87303,0.475138
87304,0.475138
87305,0.475138
87306,0.475138
87307,0.475138
87308,0.475138
87309,0.475138
87310,0.475138
87311,0.475138
87312,0.475138
87313,0.475138
87314,0.475138
87315,0.475138
87316,0.475138
87317,0.475138
87318,0.475138
87319,0.475138
87320,0.475138
87321,0.475138
87322,0.475138
87323,0.475138
87324,0.475138
87325,0.475138
87326,0.475138
87327,0.475138
87328,0.475138
87329,0.475138
87330,0.475138
87331,0.475138
87332,0.475138
87333,0.475138
87334,0.475138
87335,0.475138
87336,0.475138
87337,0.475138
87338,0.475138
87339,0.475138
87340,0.475138
87341,0.475138
87342,0.475138
87343,0.475138
87344,0.475138
87345,0.475138
87346,0.475138
87347,0.475138
87348,0.475138
87349,0.475138
87350,0.475138
87351,0.475138
87352,0.475138
87353,0.475138
87354,0.475138
87355,0.475138
87356,0.475138
87357,0.475138
87358,0.475138
87359,0.475138
87360,0.475138
87361,0.475138
87362,0.475138
87363,0.475138
87364,0.475138
87365,0.475138
87366,0.475138
87367,0.475138
87368,0.475138
87369,0.475138
87370,0.475138
87371,0.475138
87372,0.475138
87373,0.475138
87374,0.475138
87375,0.475138
87376,0.475138
87377,0.475138
87378,0.475138
87379,0.475138
87380,0.475138
87381,0.475138
87382,0.475138
87383,0.475138
87384,0.475138
87385,0.475138
87386,0.475138
87387,0.475138
87388,0.475138
87389,0.475138
87390,0.475138
87391,0.475138
87392,0.475138
87393,0.475138
87394,0.475138
87395,0.475138
87396,0.475138
87397,0.475138
87398,0.475138
87399,0.475138
87400,0.475138
87401,0.475138
87402,0.475138
87403,0.475138
87404,0.475138
87405,0.475138
87406,0.475138
87407,0.475138
87408,0.475138
87409,0.475138
87410,0.475138
87411,0.475138
87412,0.475138
87413,0.475138
87414,0.475138
87415,0.475138
87416,0.475138
87417,0.475138
87418,0.475138
87419,0.475138
87420,0.475138
87421,0.475138
87422,0.475138
87423,0.475138
87424,0.475138
87425,0.475138
87426,0.475138
87427,0.475138
87428,0.475138
87429,0.475138
87430,0.475138
87431,0.475138
87432,0.475138
87433,0.475138
87434,0.475138
87435,0.475138
87436,0.475138
87437,0.475138
87438,0.475138
87439,0.475138
87440,0.475138
87441,0.475138
87442,0.475138
87443,0.475138
87444,0.475138
87445,0.475138
87446,0.475138
87447,0.475138
87448,0.475138
87449,0.475138
87450,0.475138
87451,0.475138
87452,0.475138
87453,0.475138
87454,0.475138
87455,0.475138
87456,0.475138
87457,0.475138
87458,0.475138
87459,0.475138
87460,0.475138
87461,0.475138
87462,0.475138
87463,0.475138
87464,0.475138
87465,0.475138
87466,0.475138
87467,0.475138
87468,0.475138
87469,0.475138
87470,0.475138
87471,0.475138
87472,0.475138
87473,0.475138
87474,0.475138
87475,0.475138
87476,0.475138
87477,0.475138
87478,0.475138
87479,0.475138
87480,0.475138
87481,0.475138
87482,0.475138
87483,0.475138
87484,0.475138
87485,0.475138
87486,0.475138
87487,0.475138
87488,0.475138
87489,0.475138
87490,0.475138
87491,0.475138
87492,0.475138
87493,0.475138
87494,0.475138
87495,0.475138
87496,0.475138
87497,0.475138
87498,0.475138
87499,0.475138
87500,0.475138
87501,0.475138
87502,0.475138
87503,0.475138
87504,0.475138
87505,0.475138
87506,0.475138
87507,0.475138
87508,0.475138
87509,0.475138
87510,0.475138
87511,0.475138
87512,0.475138
87513,0.475138
87514,0.475138
87515,0.475138
87516,0.475138
87517,0.475138
87518,0.475138
87519,0.475138
87520,0.475138
87521,0.475138
87522,0.475138
87523,0.475138
87524,0.475138
87525,0.475138
87526,0.475138
87527,0.475138
87528,0.475138
87529,0.475138
87530,0.475138
87531,0.475138
87532,0.475138
87533,0.475138
87534,0.475138
87535,0.475138
87536,0.475138
87537,0.475138
87538,0.475138
87539,0.475138
87540,0.475138
87541,0.475138
87542,0.475138
87543,0.475138
87544,0.475138
87545,0.475138
87546,0.475138
87547,0.475138
87548,0.475138
87549,0.475138
87550,0.475138
87551,0.475138
87552,0.475138
87553,0.475138
87554,0.475138
87555,0.475138
87556,0.475138
87557,0.475138
87558,0.475138
87559,0.475138
87560,0.475138
87561,0.475138
87562,0.475138
87563,0.475138
87564,0.475138
87565,0.475138
87566,0.475138
87567,0.475138
87568,0.475138
87569,0.475138
87570,0.475138
87571,0.475138
87572,0.475138
87573,0.475138
87574,0.475138
87575,0.475138
87576,0.475138
87577,0.475138
87578,0.475138
87579,0.475138
87580,0.475138
87581,0.475138
87582,0.475138
87583,0.475138
87584,0.475138
87585,0.475138
87586,0.475138
87587,0.475138
87588,0.475138
87589,0.475138
87590,0.475138
87591,0.475138
87592,0.475138
87593,0.475138
87594,0.475138
87595,0.475138
87596,0.475138
87597,0.475138
87598,0.475138
87599,0.475138
87600,0.475138
87601,0.475138
87602,0.475138
87603,0.475138
87604,0.475138
87605,0.475138
87606,0.475138
87607,0.475138
87608,0.475138
87609,0.475138
87610,0.475138
87611,0.475138
87612,0.475138
87613,0.475138
87614,0.475138
87615,0.475138
87616,0.475138
87617,0.475138
87618,0.475138
87619,0.475138
87620,0.475138
87621,0.475138
87622,0.475138
87623,0.475138
87624,0.475138
87625,0.475138
87626,0.475138
87627,0.475138
87628,0.475138
87629,0.475138
87630,0.475138
87631,0.475138
87632,0.475138
87633,0.475138
87634,0.475138
87635,0.475138
87636,0.475138
87637,0.475138
87638,0.475138
87639,0.475138
87640,0.475138
87641,0.475138
87642,0.475138
87643,0.475138
87644,0.475138
87645,0.475138
87646,0.475138
87647,0.475138
87648,0.475138
87649,0.475138
87650,0.475138
87651,0.475138
87652,0.475138
87653,0.475138
87654,0.475138
87655,0.475138
87656,0.475138
87657,0.475138
87658,0.475138
87659,0.475138
87660,0.475138
87661,0.475138
87662,0.475138
87663,0.475138
87664,0.475138
87665,0.475138
87666,0.475138
87667,0.475138
87668,0.475138
87669,0.475138
87670,0.475138
87671,0.475138
87672,0.475138
87673,0.475138
87674,0.475138
87675,0.475138
87676,0.475138
87677,0.475138
87678,0.475138
87679,0.475138
87680,0.475138
87681,0.475138
87682,0.475138
87683,0.475138
87684,0.475138
87685,0.475138
87686,0.475138
87687,0.475138
87688,0.475138
87689,0.475138
87690,0.475138
87691,0.475138
87692,0.475138
87693,0.475138
87694,0.475138
87695,0.475138
87696,0.475138
87697,0.475138
87698,0.475138
87699,0.475138
87700,0.475138
87701,0.475138
87702,0.475138
87703,0.475138
87704,0.475138
87705,0.475138
87706,0.475138
87707,0.475138
87708,0.475138
87709,0.475138
87710,0.475138
87711,0.475138
87712,0.475138
87713,0.475138
87714,0.475138
87715,0.475138
87716,0.475138
87717,0.475138
87718,0.475138
87719,0.475138
87720,0.475138
87721,0.475138
87722,0.475138
87723,0.475138
87724,0.475138
87725,0.475138
87726,0.475138
87727,0.475138
87728,0.475138
87729,0.475138
87730,0.475138
87731,0.475138
87732,0.475138
87733,0.475138
87734,0.475138
87735,0.475138
87736,0.475138
87737,0.475138
87738,0.475138
87739,0.475138
87740,0.475138
87741,0.475138
87742,0.475138
87743,0.475138
87744,0.475138
87745,0.475138
87746,0.475138
87747,0.475138
87748,0.475138
87749,0.475138
87750,0.475138
87751,0.475138
87752,0.475138
87753,0.475138
87754,0.475138
87755,0.475138
87756,0.475138
87757,0.475138
87758,0.475138
87759,0.475138
87760,0.475138
87761,0.475138
87762,0.475138
87763,0.475138
87764,0.475138
87765,0.475138
87766,0.475138
87767,0.475138
87768,0.475138
87769,0.475138
87770,0.475138
87771,0.475138
87772,0.475138
87773,0.475138
87774,0.475138
87775,0.475138
87776,0.475138
87777,0.475138
87778,0.475138
87779,0.475138
87780,0.475138
87781,0.475138
87782,0.475138
87783,0.475138
87784,0.475138
87785,0.475138
87786,0.475138
87787,0.475138
87788,0.475138
87789,0.475138
87790,0.475138
87791,0.475138
87792,0.475138
87793,0.475138
87794,0.475138
87795,0.475138
87796,0.475138
87797,0.475138
87798,0.475138
87799,0.475138
87800,0.475138
87801,0.475138
87802,0.475138
87803,0.475138
87804,0.475138
87805,0.475138
87806,0.475138
87807,0.475138
87808,0.475138
87809,0.475138
87810,0.475138
87811,0.475138
87812,0.475138
87813,0.475138
87814,0.475138
87815,0.475138
87816,0.475138
87817,0.475138
87818,0.475138
87819,0.475138
87820,0.475138
87821,0.475138
87822,0.475138
87823,0.475138
87824,0.475138
87825,0.475138
87826,0.475138
87827,0.475138
87828,0.475138
87829,0.475138
87830,0.475138
87831,0.475138
87832,0.475138
87833,0.475138
87834,0.475138
87835,0.475138
87836,0.475138
87837,0.475138
87838,0.475138
87839,0.475138
87840,0.475138
87841,0.475138
87842,0.475138
87843,0.475138
87844,0.475138
87845,0.475138
87846,0.475138
87847,0.475138
87848,0.475138
87849,0.475138
87850,0.475138
87851,0.475138
87852,0.475138
87853,0.475138
87854,0.475138
87855,0.475138
87856,0.475138
87857,0.475138
87858,0.475138
87859,0.475138
87860,0.475138
87861,0.475138
87862,0.475138
87863,0.475138
87864,0.475138
87865,0.475138
87866,0.475138
87867,0.475138
87868,0.475138
87869,0.475138
87870,0.475138
87871,0.475138
87872,0.475138
87873,0.475138
87874,0.475138
87875,0.475138
87876,0.475138
87877,0.475138
87878,0.475138
87879,0.475138
87880,0.475138
87881,0.475138
87882,0.475138
87883,0.475138
87884,0.475138
87885,0.475138
87886,0.475138
87887,0.475138
87888,0.475138
87889,0.475138
87890,0.475138
87891,0.475138
87892,0.475138
87893,0.475138
87894,0.475138
87895,0.475138
87896,0.475138
87897,0.475138
87898,0.475138
87899,0.475138
87900,0.475138
87901,0.475138
87902,0.475138
87903,0.475138
87904,0.475138
87905,0.475138
87906,0.475138
87907,0.475138
87908,0.475138
87909,0.475138
87910,0.475138
87911,0.475138
87912,0.475138
87913,0.475138
87914,0.475138
87915,0.475138
87916,0.475138
87917,0.475138
87918,0.475138
87919,0.475138
87920,0.475138
87921,0.475138
87922,0.475138
87923,0.475138
87924,0.475138
87925,0.475138
87926,0.475138
87927,0.475138
87928,0.475138
87929,0.475138
87930,0.475138
87931,0.475138
87932,0.475138
87933,0.475138
87934,0.475138
87935,0.475138
87936,0.475138
87937,0.475138
87938,0.475138
87939,0.475138
87940,0.475138
87941,0.475138
87942,0.475138
87943,0.475138
87944,0.475138
87945,0.475138
87946,0.475138
87947,0.475138
87948,0.475138
87949,0.475138
87950,0.475138
87951,0.475138
87952,0.475138
87953,0.475138
87954,0.475138
87955,0.475138
87956,0.475138
87957,0.475138
87958,0.475138
87959,0.475138
87960,0.475138
87961,0.475138
87962,0.475138
87963,0.475138
87964,0.475138
87965,0.475138
87966,0.475138
87967,0.475138
87968,0.475138
87969,0.475138
87970,0.475138
87971,0.475138
87972,0.475138
87973,0.475138
87974,0.475138
87975,0.475138
87976,0.475138
87977,0.475138
87978,0.475138
87979,0.475138
87980,0.475138
87981,0.475138
87982,0.475138
87983,0.475138
87984,0.475138
87985,0.475138
87986,0.475138
87987,0.475138
87988,0.475138
87989,0.475138
87990,0.475138
87991,0.475138
87992,0.475138
87993,0.475138
87994,0.475138
87995,0.475138
87996,0.475138
87997,0.475138
87998,0.475138
87999,0.475138
88000,0.475138
88001,0.475138
88002,0.475138
88003,0.475138
88004,0.475138
88005,0.475138
88006,0.475138
88007,0.475138
88008,0.475138
88009,0.475138
88010,0.475138
88011,0.475138
88012,0.475138
88013,0.475138
88014,0.475138
88015,0.475138
88016,0.475138
88017,0.475138
88018,0.475138
88019,0.475138
88020,0.475138
88021,0.475138
88022,0.475138
88023,0.475138
88024,0.475138
88025,0.475138
88026,0.475138
88027,0.475138
88028,0.475138
88029,0.475138
88030,0.475138
88031,0.475138
88032,0.475138
88033,0.475138
88034,0.475138
88035,0.475138
88036,0.475138
88037,0.475138
88038,0.475138
88039,0.475138
88040,0.475138
88041,0.475138
88042,0.475138
88043,0.475138
88044,0.475138
88045,0.475138
88046,0.475138
88047,0.475138
88048,0.475138
88049,0.475138
88050,0.475138
88051,0.475138
88052,0.475138
88053,0.475138
88054,0.475138
88055,0.475138
88056,0.475138
88057,0.475138
88058,0.475138
88059,0.475138
88060,0.475138
88061,0.475138
88062,0.475138
88063,0.475138
88064,0.475138
88065,0.475138
88066,0.475138
88067,0.475138
88068,0.475138
88069,0.475138
88070,0.475138
88071,0.475138
88072,0.475138
88073,0.475138
88074,0.475138
88075,0.475138
88076,0.475138
88077,0.475138
88078,0.475138
88079,0.475138
88080,0.475138
88081,0.475138
88082,0.475138
88083,0.475138
88084,0.475138
88085,0.475138
88086,0.475138
88087,0.475138
88088,0.475138
88089,0.475138
88090,0.475138
88091,0.475138
88092,0.475138
88093,0.475138
88094,0.475138
88095,0.475138
88096,0.475138
88097,0.475138
88098,0.475138
88099,0.475138
88100,0.475138
88101,0.475138
88102,0.475138
88103,0.475138
88104,0.475138
88105,0.475138
88106,0.475138
88107,0.475138
88108,0.475138
88109,0.475138
88110,0.475138
88111,0.475138
88112,0.475138
88113,0.475138
88114,0.475138
88115,0.475138
88116,0.475138
88117,0.475138
88118,0.475138
88119,0.475138
88120,0.475138
88121,0.475138
88122,0.475138
88123,0.475138
88124,0.475138
88125,0.475138
88126,0.475138
88127,0.475138
88128,0.475138
88129,0.475138
88130,0.475138
88131,0.475138
88132,0.475138
88133,0.475138
88134,0.475138
88135,0.475138
88136,0.475138
88137,0.475138
88138,0.475138
88139,0.475138
88140,0.475138
88141,0.475138
88142,0.475138
88143,0.475138
88144,0.475138
88145,0.475138
88146,0.475138
88147,0.475138
88148,0.475138
88149,0.475138
88150,0.475138
88151,0.475138
88152,0.475138
88153,0.475138
88154,0.475138
88155,0.475138
88156,0.475138
88157,0.475138
88158,0.475138
88159,0.475138
88160,0.475138
88161,0.475138
88162,0.475138
88163,0.475138
88164,0.475138
88165,0.475138
88166,0.475138
88167,0.475138
88168,0.475138
88169,0.475138
88170,0.475138
88171,0.475138
88172,0.475138
88173,0.475138
88174,0.475138
88175,0.475138
88176,0.475138
88177,0.475138
88178,0.475138
88179,0.475138
88180,0.475138
88181,0.475138
88182,0.475138
88183,0.475138
88184,0.475138
88185,0.475138
88186,0.475138
88187,0.475138
88188,0.475138
88189,0.475138
88190,0.475138
88191,0.475138
88192,0.475138
88193,0.475138
88194,0.475138
88195,0.475138
88196,0.475138
88197,0.475138
88198,0.475138
88199,0.475138
88200,0.475138
88201,0.475138
88202,0.475138
88203,0.475138
88204,0.475138
88205,0.475138
88206,0.475138
88207,0.475138
88208,0.475138
88209,0.475138
88210,0.475138
88211,0.475138
88212,0.475138
88213,0.475138
88214,0.475138
88215,0.475138
88216,0.475138
88217,0.475138
88218,0.475138
88219,0.475138
88220,0.475138
88221,0.475138
88222,0.475138
88223,0.475138
88224,0.475138
88225,0.475138
88226,0.475138
88227,0.475138
88228,0.475138
88229,0.475138
88230,0.475138
88231,0.475138
88232,0.475138
88233,0.475138
88234,0.475138
88235,0.475138
88236,0.475138
88237,0.475138
88238,0.475138
88239,0.475138
88240,0.475138
88241,0.475138
88242,0.475138
88243,0.475138
88244,0.475138
88245,0.475138
88246,0.475138
88247,0.475138
88248,0.475138
88249,0.475138
88250,0.475138
88251,0.475138
88252,0.475138
88253,0.475138
88254,0.475138
88255,0.475138
88256,0.475138
88257,0.475138
88258,0.475138
88259,0.475138
88260,0.475138
88261,0.475138
88262,0.475138
88263,0.475138
88264,0.475138
88265,0.475138
88266,0.475138
88267,0.475138
88268,0.475138
88269,0.475138
88270,0.475138
88271,0.475138
88272,0.475138
88273,0.475138
88274,0.475138
88275,0.475138
88276,0.475138
88277,0.475138
88278,0.475138
88279,0.475138
88280,0.475138
88281,0.475138
88282,0.475138
88283,0.475138
88284,0.475138
88285,0.475138
88286,0.475138
88287,0.475138
88288,0.475138
88289,0.475138
88290,0.475138
88291,0.475138
88292,0.475138
88293,0.475138
88294,0.475138
88295,0.475138
88296,0.475138
88297,0.475138
88298,0.475138
88299,0.475138
88300,0.475138
88301,0.475138
88302,0.475138
88303,0.475138
88304,0.475138
88305,0.475138
88306,0.475138
88307,0.475138
88308,0.475138
88309,0.475138
88310,0.475138
88311,0.475138
88312,0.475138
88313,0.475138
88314,0.475138
88315,0.475138
88316,0.475138
88317,0.475138
88318,0.475138
88319,0.475138
88320,0.475138
88321,0.475138
88322,0.475138
88323,0.475138
88324,0.475138
88325,0.475138
88326,0.475138
88327,0.475138
88328,0.475138
88329,0.475138
88330,0.475138
88331,0.475138
88332,0.475138
88333,0.475138
88334,0.475138
88335,0.475138
88336,0.475138
88337,0.475138
88338,0.475138
88339,0.475138
88340,0.475138
88341,0.475138
88342,0.475138
88343,0.475138
88344,0.475138
88345,0.475138
88346,0.475138
88347,0.475138
88348,0.475138
88349,0.475138
88350,0.475138
88351,0.475138
88352,0.475138
88353,0.475138
88354,0.475138
88355,0.475138
88356,0.475138
88357,0.475138
88358,0.475138
88359,0.475138
88360,0.475138
88361,0.475138
88362,0.475138
88363,0.475138
88364,0.475138
88365,0.475138
88366,0.475138
88367,0.475138
88368,0.475138
88369,0.475138
88370,0.475138
88371,0.475138
88372,0.475138
88373,0.475138
88374,0.475138
88375,0.475138
88376,0.475138
88377,0.475138
88378,0.475138
88379,0.475138
88380,0.475138
88381,0.475138
88382,0.475138
88383,0.475138
88384,0.475138
88385,0.475138
88386,0.475138
88387,0.475138
88388,0.475138
88389,0.475138
88390,0.475138
88391,0.475138
88392,0.475138
88393,0.475138
88394,0.475138
88395,0.475138
88396,0.475138
88397,0.475138
88398,0.475138
88399,0.475138
88400,0.475138
88401,0.475138
88402,0.475138
88403,0.475138
88404,0.475138
88405,0.475138
88406,0.475138
88407,0.475138
88408,0.475138
88409,0.475138
88410,0.475138
88411,0.475138
88412,0.475138
88413,0.475138
88414,0.475138
88415,0.475138
88416,0.475138
88417,0.475138
88418,0.475138
88419,0.475138
88420,0.475138
88421,0.475138
88422,0.475138
88423,0.475138
88424,0.475138
88425,0.475138
88426,0.475138
88427,0.475138
88428,0.475138
88429,0.475138
88430,0.475138
88431,0.475138
88432,0.475138
88433,0.475138
88434,0.475138
88435,0.475138
88436,0.475138
88437,0.475138
88438,0.475138
88439,0.475138
88440,0.475138
88441,0.475138
88442,0.475138
88443,0.475138
88444,0.475138
88445,0.475138
88446,0.475138
88447,0.475138
88448,0.475138
88449,0.475138
88450,0.475138
88451,0.475138
88452,0.475138
88453,0.475138
88454,0.475138
88455,0.475138
88456,0.475138
88457,0.475138
88458,0.475138
88459,0.475138
88460,0.475138
88461,0.475138
88462,0.475138
88463,0.475138
88464,0.475138
88465,0.475138
88466,0.475138
88467,0.475138
88468,0.475138
88469,0.475138
88470,0.475138
88471,0.475138
88472,0.475138
88473,0.475138
88474,0.475138
88475,0.475138
88476,0.475138
88477,0.475138
88478,0.475138
88479,0.475138
88480,0.475138
88481,0.475138
88482,0.475138
88483,0.475138
88484,0.475138
88485,0.475138
88486,0.475138
88487,0.475138
88488,0.475138
88489,0.475138
88490,0.475138
88491,0.475138
88492,0.475138
88493,0.475138
88494,0.475138
88495,0.475138
88496,0.475138
88497,0.475138
88498,0.475138
88499,0.475138
88500,0.475138
88501,0.475138
88502,0.475138
88503,0.475138
88504,0.475138
88505,0.475138
88506,0.475138
88507,0.475138
88508,0.475138
88509,0.475138
88510,0.475138
88511,0.475138
88512,0.475138
88513,0.475138
88514,0.475138
88515,0.475138
88516,0.475138
88517,0.475138
88518,0.475138
88519,0.475138
88520,0.475138
88521,0.475138
88522,0.475138
88523,0.475138
88524,0.475138
88525,0.475138
88526,0.475138
88527,0.475138
88528,0.475138
88529,0.475138
88530,0.475138
88531,0.475138
88532,0.475138
88533,0.475138
88534,0.475138
88535,0.475138
88536,0.475138
88537,0.475138
88538,0.475138
88539,0.475138
88540,0.475138
88541,0.475138
88542,0.475138
88543,0.475138
88544,0.475138
88545,0.475138
88546,0.475138
88547,0.475138
88548,0.475138
88549,0.475138
88550,0.475138
88551,0.475138
88552,0.475138
88553,0.475138
88554,0.475138
88555,0.475138
88556,0.475138
88557,0.475138
88558,0.475138
88559,0.475138
88560,0.475138
88561,0.475138
88562,0.475138
88563,0.475138
88564,0.475138
88565,0.475138
88566,0.475138
88567,0.475138
88568,0.475138
88569,0.475138
88570,0.475138
88571,0.475138
88572,0.475138
88573,0.475138
88574,0.475138
88575,0.475138
88576,0.475138
88577,0.475138
88578,0.475138
88579,0.475138
88580,0.475138
88581,0.475138
88582,0.475138
88583,0.475138
88584,0.475138
88585,0.475138
88586,0.475138
88587,0.475138
88588,0.475138
88589,0.475138
88590,0.475138
88591,0.475138
88592,0.475138
88593,0.475138
88594,0.475138
88595,0.475138
88596,0.475138
88597,0.475138
88598,0.475138
88599,0.475138
88600,0.475138
88601,0.475138
88602,0.475138
88603,0.475138
88604,0.475138
88605,0.475138
88606,0.475138
88607,0.475138
88608,0.475138
88609,0.475138
88610,0.475138
88611,0.475138
88612,0.475138
88613,0.475138
88614,0.475138
88615,0.475138
88616,0.475138
88617,0.475138
88618,0.475138
88619,0.475138
88620,0.475138
88621,0.475138
88622,0.475138
88623,0.475138
88624,0.475138
88625,0.475138
88626,0.475138
88627,0.475138
88628,0.475138
88629,0.475138
88630,0.475138
88631,0.475138
88632,0.475138
88633,0.475138
88634,0.475138
88635,0.475138
88636,0.475138
88637,0.475138
88638,0.475138
88639,0.475138
88640,0.475138
88641,0.475138
88642,0.475138
88643,0.475138
88644,0.475138
88645,0.475138
88646,0.475138
88647,0.475138
88648,0.475138
88649,0.475138
88650,0.475138
88651,0.475138
88652,0.475138
88653,0.475138
88654,0.475138
88655,0.475138
88656,0.475138
88657,0.475138
88658,0.475138
88659,0.475138
88660,0.475138
88661,0.475138
88662,0.475138
88663,0.475138
88664,0.475138
88665,0.475138
88666,0.475138
88667,0.475138
88668,0.475138
88669,0.475138
88670,0.475138
88671,0.475138
88672,0.475138
88673,0.475138
88674,0.475138
88675,0.475138
88676,0.475138
88677,0.475138
88678,0.475138
88679,0.475138
88680,0.475138
88681,0.475138
88682,0.475138
88683,0.475138
88684,0.475138
88685,0.475138
88686,0.475138
88687,0.475138
88688,0.475138
88689,0.475138
88690,0.475138
88691,0.475138
88692,0.475138
88693,0.475138
88694,0.475138
88695,0.475138
88696,0.475138
88697,0.475138
88698,0.475138
88699,0.475138
88700,0.475138
88701,0.475138
88702,0.475138
88703,0.475138
88704,0.475138
88705,0.475138
88706,0.475138
88707,0.475138
88708,0.475138
88709,0.475138
88710,0.475138
88711,0.475138
88712,0.475138
88713,0.475138
88714,0.475138
88715,0.475138
88716,0.475138
88717,0.475138
88718,0.475138
88719,0.475138
88720,0.475138
88721,0.475138
88722,0.475138
88723,0.475138
88724,0.475138
88725,0.475138
88726,0.475138
88727,0.475138
88728,0.475138
88729,0.475138
88730,0.475138
88731,0.475138
88732,0.475138
88733,0.475138
88734,0.475138
88735,0.475138
88736,0.475138
88737,0.475138
88738,0.475138
88739,0.475138
88740,0.475138
88741,0.475138
88742,0.475138
88743,0.475138
88744,0.475138
88745,0.475138
88746,0.475138
88747,0.475138
88748,0.475138
88749,0.475138
88750,0.475138
88751,0.475138
88752,0.475138
88753,0.475138
88754,0.475138
88755,0.475138
88756,0.475138
88757,0.475138
88758,0.475138
88759,0.475138
88760,0.475138
88761,0.475138
88762,0.475138
88763,0.475138
88764,0.475138
88765,0.475138
88766,0.475138
88767,0.475138
88768,0.475138
88769,0.475138
88770,0.475138
88771,0.475138
88772,0.475138
88773,0.475138
88774,0.475138
88775,0.475138
88776,0.475138
88777,0.475138
88778,0.475138
88779,0.475138
88780,0.475138
88781,0.475138
88782,0.475138
88783,0.475138
88784,0.475138
88785,0.475138
88786,0.475138
88787,0.475138
88788,0.475138
88789,0.475138
88790,0.475138
88791,0.475138
88792,0.475138
88793,0.475138
88794,0.475138
88795,0.475138
88796,0.475138
88797,0.475138
88798,0.475138
88799,0.475138
88800,0.475138
88801,0.475138
88802,0.475138
88803,0.475138
88804,0.475138
88805,0.475138
88806,0.475138
88807,0.475138
88808,0.475138
88809,0.475138
88810,0.475138
88811,0.475138
88812,0.475138
88813,0.475138
88814,0.475138
88815,0.475138
88816,0.475138
88817,0.475138
88818,0.475138
88819,0.475138
88820,0.475138
88821,0.475138
88822,0.475138
88823,0.475138
88824,0.475138
88825,0.475138
88826,0.475138
88827,0.475138
88828,0.475138
88829,0.475138
88830,0.475138
88831,0.475138
88832,0.475138
88833,0.475138
88834,0.475138
88835,0.475138
88836,0.475138
88837,0.475138
88838,0.475138
88839,0.475138
88840,0.475138
88841,0.475138
88842,0.475138
88843,0.475138
88844,0.475138
88845,0.475138
88846,0.475138
88847,0.475138
88848,0.475138
88849,0.475138
88850,0.475138
88851,0.475138
88852,0.475138
88853,0.475138
88854,0.475138
88855,0.475138
88856,0.475138
88857,0.475138
88858,0.475138
88859,0.475138
88860,0.475138
88861,0.475138
88862,0.475138
88863,0.475138
88864,0.475138
88865,0.475138
88866,0.475138
88867,0.475138
88868,0.475138
88869,0.475138
88870,0.475138
88871,0.475138
88872,0.475138
88873,0.475138
88874,0.475138
88875,0.475138
88876,0.475138
88877,0.475138
88878,0.475138
88879,0.475138
88880,0.475138
88881,0.475138
88882,0.475138
88883,0.475138
88884,0.475138
88885,0.475138
88886,0.475138
88887,0.475138
88888,0.475138
88889,0.475138
88890,0.475138
88891,0.475138
88892,0.475138
88893,0.475138
88894,0.475138
88895,0.475138
88896,0.475138
88897,0.475138
88898,0.475138
88899,0.475138
88900,0.475138
88901,0.475138
88902,0.475138
88903,0.475138
88904,0.475138
88905,0.475138
88906,0.475138
88907,0.475138
88908,0.475138
88909,0.475138
88910,0.475138
88911,0.475138
88912,0.475138
88913,0.475138
88914,0.475138
88915,0.475138
88916,0.475138
88917,0.475138
88918,0.475138
88919,0.475138
88920,0.475138
88921,0.475138
88922,0.475138
88923,0.475138
88924,0.475138
88925,0.475138
88926,0.475138
88927,0.475138
88928,0.475138
88929,0.475138
88930,0.475138
88931,0.475138
88932,0.475138
88933,0.475138
88934,0.475138
88935,0.475138
88936,0.475138
88937,0.475138
88938,0.475138
88939,0.475138
88940,0.475138
88941,0.475138
88942,0.475138
88943,0.475138
88944,0.475138
88945,0.475138
88946,0.475138
88947,0.475138
88948,0.475138
88949,0.475138
88950,0.475138
88951,0.475138
88952,0.475138
88953,0.475138
88954,0.475138
88955,0.475138
88956,0.475138
88957,0.475138
88958,0.475138
88959,0.475138
88960,0.475138
88961,0.475138
88962,0.475138
88963,0.475138
88964,0.475138
88965,0.475138
88966,0.475138
88967,0.475138
88968,0.475138
88969,0.475138
88970,0.475138
88971,0.475138
88972,0.475138
88973,0.475138
88974,0.475138
88975,0.475138
88976,0.475138
88977,0.475138
88978,0.475138
88979,0.475138
88980,0.475138
88981,0.475138
88982,0.475138
88983,0.475138
88984,0.475138
88985,0.475138
88986,0.475138
88987,0.475138
88988,0.475138
88989,0.475138
88990,0.475138
88991,0.475138
88992,0.475138
88993,0.475138
88994,0.475138
88995,0.475138
88996,0.475138
88997,0.475138
88998,0.475138
88999,0.475138
89000,0.475138
89001,0.475138
89002,0.475138
89003,0.475138
89004,0.475138
89005,0.475138
89006,0.475138
89007,0.475138
89008,0.475138
89009,0.475138
89010,0.475138
89011,0.475138
89012,0.475138
89013,0.475138
89014,0.475138
89015,0.475138
89016,0.475138
89017,0.475138
89018,0.475138
89019,0.475138
89020,0.475138
89021,0.475138
89022,0.475138
89023,0.475138
89024,0.475138
89025,0.475138
89026,0.475138
89027,0.475138
89028,0.475138
89029,0.475138
89030,0.475138
89031,0.475138
89032,0.475138
89033,0.475138
89034,0.475138
89035,0.475138
89036,0.475138
89037,0.475138
89038,0.475138
89039,0.475138
89040,0.475138
89041,0.475138
89042,0.475138
89043,0.475138
89044,0.475138
89045,0.475138
89046,0.475138
89047,0.475138
89048,0.475138
89049,0.475138
89050,0.475138
89051,0.475138
89052,0.475138
89053,0.475138
89054,0.475138
89055,0.475138
89056,0.475138
89057,0.475138
89058,0.475138
89059,0.475138
89060,0.475138
89061,0.475138
89062,0.475138
89063,0.475138
89064,0.475138
89065,0.475138
89066,0.475138
89067,0.475138
89068,0.475138
89069,0.475138
89070,0.475138
89071,0.475138
89072,0.475138
89073,0.475138
89074,0.475138
89075,0.475138
89076,0.475138
89077,0.475138
89078,0.475138
89079,0.475138
89080,0.475138
89081,0.475138
89082,0.475138
89083,0.475138
89084,0.475138
89085,0.475138
89086,0.475138
89087,0.475138
89088,0.475138
89089,0.475138
89090,0.475138
89091,0.475138
89092,0.475138
89093,0.475138
89094,0.475138
89095,0.475138
89096,0.475138
89097,0.475138
89098,0.475138
89099,0.475138
89100,0.475138
89101,0.475138
89102,0.475138
89103,0.475138
89104,0.475138
89105,0.475138
89106,0.475138
89107,0.475138
89108,0.475138
89109,0.475138
89110,0.475138
89111,0.475138
89112,0.475138
89113,0.475138
89114,0.475138
89115,0.475138
89116,0.475138
89117,0.475138
89118,0.475138
89119,0.475138
89120,0.475138
89121,0.475138
89122,0.475138
89123,0.475138
89124,0.475138
89125,0.475138
89126,0.475138
89127,0.475138
89128,0.475138
89129,0.475138
89130,0.475138
89131,0.475138
89132,0.475138
89133,0.475138
89134,0.475138
89135,0.475138
89136,0.475138
89137,0.475138
89138,0.475138
89139,0.475138
89140,0.475138
89141,0.475138
89142,0.475138
89143,0.475138
89144,0.475138
89145,0.475138
89146,0.475138
89147,0.475138
89148,0.475138
89149,0.475138
89150,0.475138
89151,0.475138
89152,0.475138
89153,0.475138
89154,0.475138
89155,0.475138
89156,0.475138
89157,0.475138
89158,0.475138
89159,0.475138
89160,0.475138
89161,0.475138
89162,0.475138
89163,0.475138
89164,0.475138
89165,0.475138
89166,0.475138
89167,0.475138
89168,0.475138
89169,0.475138
89170,0.475138
89171,0.475138
89172,0.475138
89173,0.475138
89174,0.475138
89175,0.475138
89176,0.475138
89177,0.475138
89178,0.475138
89179,0.475138
89180,0.475138
89181,0.475138
89182,0.475138
89183,0.475138
89184,0.475138
89185,0.475138
89186,0.475138
89187,0.475138
89188,0.475138
89189,0.475138
89190,0.475138
89191,0.475138
89192,0.475138
89193,0.475138
89194,0.475138
89195,0.475138
89196,0.475138
89197,0.475138
89198,0.475138
89199,0.475138
89200,0.475138
89201,0.475138
89202,0.475138
89203,0.475138
89204,0.475138
89205,0.475138
89206,0.475138
89207,0.475138
89208,0.475138
89209,0.475138
89210,0.475138
89211,0.475138
89212,0.475138
89213,0.475138
89214,0.475138
89215,0.475138
89216,0.475138
89217,0.475138
89218,0.475138
89219,0.475138
89220,0.475138
89221,0.475138
89222,0.475138
89223,0.475138
89224,0.475138
89225,0.475138
89226,0.475138
89227,0.475138
89228,0.475138
89229,0.475138
89230,0.475138
89231,0.475138
89232,0.475138
89233,0.475138
89234,0.475138
89235,0.475138
89236,0.475138
89237,0.475138
89238,0.475138
89239,0.475138
89240,0.475138
89241,0.475138
89242,0.475138
89243,0.475138
89244,0.475138
89245,0.475138
89246,0.475138
89247,0.475138
89248,0.475138
89249,0.475138
89250,0.475138
89251,0.475138
89252,0.475138
89253,0.475138
89254,0.475138
89255,0.475138
89256,0.475138
89257,0.475138
89258,0.475138
89259,0.475138
89260,0.475138
89261,0.475138
89262,0.475138
89263,0.475138
89264,0.475138
89265,0.475138
89266,0.475138
89267,0.475138
89268,0.475138
89269,0.475138
89270,0.475138
89271,0.475138
89272,0.475138
89273,0.475138
89274,0.475138
89275,0.475138
89276,0.475138
89277,0.475138
89278,0.475138
89279,0.475138
89280,0.475138
89281,0.475138
89282,0.475138
89283,0.475138
89284,0.475138
89285,0.475138
89286,0.475138
89287,0.475138
89288,0.475138
89289,0.475138
89290,0.475138
89291,0.475138
89292,0.475138
89293,0.475138
89294,0.475138
89295,0.475138
89296,0.475138
89297,0.475138
89298,0.475138
89299,0.475138
89300,0.475138
89301,0.475138
89302,0.475138
89303,0.475138
89304,0.475138
89305,0.475138
89306,0.475138
89307,0.475138
89308,0.475138
89309,0.475138
89310,0.475138
89311,0.475138
89312,0.475138
89313,0.475138
89314,0.475138
89315,0.475138
89316,0.475138
89317,0.475138
89318,0.475138
89319,0.475138
89320,0.475138
89321,0.475138
89322,0.475138
89323,0.475138
89324,0.475138
89325,0.475138
89326,0.475138
89327,0.475138
89328,0.475138
89329,0.475138
89330,0.475138
89331,0.475138
89332,0.475138
89333,0.475138
89334,0.475138
89335,0.475138
89336,0.475138
89337,0.475138
89338,0.475138
89339,0.475138
89340,0.475138
89341,0.475138
89342,0.475138
89343,0.475138
89344,0.475138
89345,0.475138
89346,0.475138
89347,0.475138
89348,0.475138
89349,0.475138
89350,0.475138
89351,0.475138
89352,0.475138
89353,0.475138
89354,0.475138
89355,0.475138
89356,0.475138
89357,0.475138
89358,0.475138
89359,0.475138
89360,0.475138
89361,0.475138
89362,0.475138
89363,0.475138
89364,0.475138
89365,0.475138
89366,0.475138
89367,0.475138
89368,0.475138
89369,0.475138
89370,0.475138
89371,0.475138
89372,0.475138
89373,0.475138
89374,0.475138
89375,0.475138
89376,0.475138
89377,0.475138
89378,0.475138
89379,0.475138
89380,0.475138
89381,0.475138
89382,0.475138
89383,0.475138
89384,0.475138
89385,0.475138
89386,0.475138
89387,0.475138
89388,0.475138
89389,0.475138
89390,0.475138
89391,0.475138
89392,0.475138
89393,0.475138
89394,0.475138
89395,0.475138
89396,0.475138
89397,0.475138
89398,0.475138
89399,0.475138
89400,0.475138
89401,0.475138
89402,0.475138
89403,0.475138
89404,0.475138
89405,0.475138
89406,0.475138
89407,0.475138
89408,0.475138
89409,0.475138
89410,0.475138
89411,0.475138
89412,0.475138
89413,0.475138
89414,0.475138
89415,0.475138
89416,0.475138
89417,0.475138
89418,0.475138
89419,0.475138
89420,0.475138
89421,0.475138
89422,0.475138
89423,0.475138
89424,0.475138
89425,0.475138
89426,0.475138
89427,0.475138
89428,0.475138
89429,0.475138
89430,0.475138
89431,0.475138
89432,0.475138
89433,0.475138
89434,0.475138
89435,0.475138
89436,0.475138
89437,0.475138
89438,0.475138
89439,0.475138
89440,0.475138
89441,0.475138
89442,0.475138
89443,0.475138
89444,0.475138
89445,0.475138
89446,0.475138
89447,0.475138
89448,0.475138
89449,0.475138
89450,0.475138
89451,0.475138
89452,0.475138
89453,0.475138
89454,0.475138
89455,0.475138
89456,0.475138
89457,0.475138
89458,0.475138
89459,0.475138
89460,0.475138
89461,0.475138
89462,0.475138
89463,0.475138
89464,0.475138
89465,0.475138
89466,0.475138
89467,0.475138
89468,0.475138
89469,0.475138
89470,0.475138
89471,0.475138
89472,0.475138
89473,0.475138
89474,0.475138
89475,0.475138
89476,0.475138
89477,0.475138
89478,0.475138
89479,0.475138
89480,0.475138
89481,0.475138
89482,0.475138
89483,0.475138
89484,0.475138
89485,0.475138
89486,0.475138
89487,0.475138
89488,0.475138
89489,0.475138
89490,0.475138
89491,0.475138
89492,0.475138
89493,0.475138
89494,0.475138
89495,0.475138
89496,0.475138
89497,0.475138
89498,0.475138
89499,0.475138
89500,0.475138
89501,0.475138
89502,0.475138
89503,0.475138
89504,0.475138
89505,0.475138
89506,0.475138
89507,0.475138
89508,0.475138
89509,0.475138
89510,0.475138
89511,0.475138
89512,0.475138
89513,0.475138
89514,0.475138
89515,0.475138
89516,0.475138
89517,0.475138
89518,0.475138
89519,0.475138
89520,0.475138
89521,0.475138
89522,0.475138
89523,0.475138
89524,0.475138
89525,0.475138
89526,0.475138
89527,0.475138
89528,0.475138
89529,0.475138
89530,0.475138
89531,0.475138
89532,0.475138
89533,0.475138
89534,0.475138
89535,0.475138
89536,0.475138
89537,0.475138
89538,0.475138
89539,0.475138
89540,0.475138
89541,0.475138
89542,0.475138
89543,0.475138
89544,0.475138
89545,0.475138
89546,0.475138
89547,0.475138
89548,0.475138
89549,0.475138
89550,0.475138
89551,0.475138
89552,0.475138
89553,0.475138
89554,0.475138
89555,0.475138
89556,0.475138
89557,0.475138
89558,0.475138
89559,0.475138
89560,0.475138
89561,0.475138
89562,0.475138
89563,0.475138
89564,0.475138
89565,0.475138
89566,0.475138
89567,0.475138
89568,0.475138
89569,0.475138
89570,0.475138
89571,0.475138
89572,0.475138
89573,0.475138
89574,0.475138
89575,0.475138
89576,0.475138
89577,0.475138
89578,0.475138
89579,0.475138
89580,0.475138
89581,0.475138
89582,0.475138
89583,0.475138
89584,0.475138
89585,0.475138
89586,0.475138
89587,0.475138
89588,0.475138
89589,0.475138
89590,0.475138
89591,0.475138
89592,0.475138
89593,0.475138
89594,0.475138
89595,0.475138
89596,0.475138
89597,0.475138
89598,0.475138
89599,0.475138
89600,0.475138
89601,0.475138
89602,0.475138
89603,0.475138
89604,0.475138
89605,0.475138
89606,0.475138
89607,0.475138
89608,0.475138
89609,0.475138
89610,0.475138
89611,0.475138
89612,0.475138
89613,0.475138
89614,0.475138
89615,0.475138
89616,0.475138
89617,0.475138
89618,0.475138
89619,0.475138
89620,0.475138
89621,0.475138
89622,0.475138
89623,0.475138
89624,0.475138
89625,0.475138
89626,0.475138
89627,0.475138
89628,0.475138
89629,0.475138
89630,0.475138
89631,0.475138
89632,0.475138
89633,0.475138
89634,0.475138
89635,0.475138
89636,0.475138
89637,0.475138
89638,0.475138
89639,0.475138
89640,0.475138
89641,0.475138
89642,0.475138
89643,0.475138
89644,0.475138
89645,0.475138
89646,0.467818
89647,0.475138
89648,0.475138
89649,0.475138
89650,0.475138
89651,0.475138
89652,0.475138
89653,0.475138
89654,0.475138
89655,0.475138
89656,0.475138
89657,0.475138
89658,0.475138
89659,0.475138
89660,0.475138
89661,0.475138
89662,0.475138
89663,0.475138
89664,0.475138
89665,0.475138
89666,0.475138
89667,0.475138
89668,0.475138
89669,0.475138
89670,0.475138
89671,0.475138
89672,0.475138
89673,0.475138
89674,0.475138
89675,0.475138
89676,0.475138
89677,0.475138
89678,0.475138
89679,0.475138
89680,0.475138
89681,0.475138
89682,0.475138
89683,0.475138
89684,0.475138
89685,0.475138
89686,0.475138
89687,0.475138
89688,0.475138
89689,0.475138
89690,0.475138
89691,0.475138
89692,0.475138
89693,0.475138
89694,0.475138
89695,0.475138
89696,0.475138
89697,0.475138
89698,0.475138
89699,0.475138
89700,0.475138
89701,0.475138
89702,0.475138
89703,0.475138
89704,0.475138
89705,0.475138
89706,0.475138
89707,0.475138
89708,0.475138
89709,0.475138
89710,0.475138
89711,0.475138
89712,0.475138
89713,0.475138
89714,0.475138
89715,0.475138
89716,0.475138
89717,0.475138
89718,0.475138
89719,0.475138
89720,0.475138
89721,0.468550
89722,0.468550
89723,0.475138
89724,0.475138
89725,0.475138
89726,0.475138
89727,0.475138
89728,0.475138
89729,0.475138
89730,0.475138
89731,0.475138
89732,0.475138
89733,0.475138
89734,0.475138
89735,0.468550
89736,0.475138
89737,0.475138
89738,0.475138
89739,0.475138
89740,0.475138
89741,0.475138
89742,0.475138
89743,0.475138
89744,0.475138
89745,0.475138
89746,0.468550
89747,0.468550
89748,0.468550
89749,0.468550
89750,0.475138
89751,0.475138
89752,0.475138
89753,0.475138
89754,0.475138
89755,0.475138
89756,0.475138
89757,0.475138
89758,0.475138
89759,0.475138
89760,0.475138
89761,0.475138
89762,0.475138
89763,0.475138
89764,0.475138
89765,0.475138
89766,0.475138
89767,0.475138
89768,0.475138
89769,0.475138
89770,0.475138
89771,0.475138
89772,0.475138
89773,0.475138
89774,0.475138
89775,0.475138
89776,0.475138
89777,0.475138
89778,0.475138
89779,0.475138
89780,0.475138
89781,0.475138
89782,0.475138
89783,0.475138
89784,0.475138
89785,0.475138
89786,0.475138
89787,0.475138
89788,0.475138
89789,0.475138
89790,0.475138
89791,0.475138
89792,0.475138
89793,0.475138
89794,0.475138
89795,0.475138
89796,0.475138
89797,0.475138
89798,0.475138
89799,0.475138
89800,0.475138
89801,0.475138
89802,0.475138
89803,0.475138
89804,0.475138
89805,0.475138
89806,0.475138
89807,0.475138
89808,0.475138
89809,0.475138
89810,0.475138
89811,0.475138
89812,0.475138
89813,0.475138
89814,0.475138
89815,0.475138
89816,0.475138
89817,0.475138
89818,0.475138
89819,0.475138
89820,0.475138
89821,0.475138
89822,0.475138
89823,0.475138
89824,0.475138
89825,0.475138
89826,0.475138
89827,0.475138
89828,0.475138
89829,0.475138
89830,0.475138
89831,0.475138
89832,0.475138
89833,0.475138
89834,0.475138
89835,0.475138
89836,0.475138
89837,0.475138
89838,0.475138
89839,0.475138
89840,0.475138
89841,0.475138
89842,0.475138
89843,0.475138
89844,0.475138
89845,0.475138
89846,0.475138
89847,0.475138
89848,0.475138
89849,0.475138
89850,0.475138
89851,0.475138
89852,0.475138
89853,0.475138
89854,0.475138
89855,0.475138
89856,0.475138
89857,0.475138
89858,0.475138
89859,0.475138
89860,0.475138
89861,0.475138
89862,0.475138
89863,0.475138
89864,0.475138
89865,0.475138
89866,0.475138
89867,0.475138
89868,0.475138
89869,0.475138
89870,0.475138
89871,0.475138
89872,0.475138
89873,0.475138
89874,0.475138
89875,0.475138
89876,0.475138
89877,0.475138
89878,0.475138
89879,0.475138
89880,0.475138
89881,0.467767
89882,0.475138
89883,0.475138
89884,0.475138
89885,0.475138
89886,0.475138
89887,0.475138
89888,0.475138
89889,0.475138
89890,0.475138
89891,0.475138
89892,0.475138
89893,0.475138
89894,0.475138
89895,0.475138
89896,0.475138
89897,0.475138
89898,0.475138
89899,0.475138
89900,0.475138
89901,0.475138
89902,0.475138
89903,0.475138
89904,0.475138
89905,0.475138
89906,0.475138
89907,0.475138
89908,0.475138
89909,0.475138
89910,0.475138
89911,0.475138
89912,0.475138
89913,0.475138
89914,0.475138
89915,0.475138
89916,0.475138
89917,0.475138
89918,0.475138
89919,0.475138
89920,0.475138
89921,0.475138
89922,0.475138
89923,0.475138
89924,0.476880
89925,0.475475
89926,0.475475
89927,0.475475
89928,0.475475
89929,0.475475
89930,0.475475
89931,0.474080
89932,0.474080
89933,0.475475
89934,0.475475
89935,0.476880
89936,0.476880
89937,0.475138
89938,0.475138
89939,0.475138
89940,0.475138
89941,0.475138
89942,0.475138
89943,0.475138
89944,0.475138
89945,0.475138
89946,0.475138
89947,0.475138
89948,0.475138
89949,0.475138
89950,0.475138
89951,0.475138
89952,0.475138
89953,0.475138
89954,0.475138
89955,0.475138
89956,0.475138
89957,0.475138
89958,0.475138
89959,0.475138
89960,0.475138
89961,0.475138
89962,0.475138
89963,0.475138
89964,0.475138
89965,0.475138
89966,0.475138
89967,0.475138
89968,0.475138
89969,0.475138
89970,0.475138
89971,0.475138
89972,0.475138
89973,0.475138
89974,0.475138
89975,0.475138
89976,0.475138
89977,0.475138
89978,0.475138
89979,0.475138
89980,0.475138
89981,0.475138
89982,0.475138
89983,0.475138
89984,0.475138
89985,0.475138
89986,0.475138
89987,0.475138
89988,0.475138
89989,0.475138
89990,0.475138
89991,0.475138
89992,0.475138
89993,0.475138
89994,0.475138
89995,0.475138
89996,0.475138
89997,0.475138
89998,0.475138
89999,0.475138
90000,0.475138
90001,0.475138
90002,0.475138
90003,0.475138
90004,0.475138
90005,0.475138
90006,0.475138
90007,0.475138
90008,0.475138
90009,0.475138
90010,0.475138
90011,0.475138
90012,0.475138
90013,0.475138
90014,0.475138
90015,0.475138
90016,0.475138
90017,0.475138
90018,0.475138
90019,0.475138
90020,0.475138
90021,0.475138
90022,0.475138
90023,0.475138
90024,0.475138
90025,0.475138
90026,0.475138
90027,0.475138
90028,0.475138
90029,0.475138
90030,0.475138
90031,0.475138
90032,0.475138
90033,0.475138
90034,0.475138
90035,0.475138
90036,0.475138
90037,0.475138
90038,0.475138
90039,0.475138
90040,0.475138
90041,0.475138
90042,0.475138
90043,0.475138
90044,0.475138
90045,0.475138
90046,0.475138
90047,0.475138
90048,0.475138
90049,0.475138
90050,0.475138
90051,0.475138
90052,0.475138
90053,0.475138
90054,0.475138
90055,0.475138
90056,0.475138
90057,0.475138
90058,0.475138
90059,0.475138
90060,0.475138
90061,0.475138
90062,0.475138
90063,0.475138
90064,0.475138
90065,0.475138
90066,0.475138
90067,0.475138
90068,0.475138
90069,0.475138
90070,0.475138
90071,0.475138
90072,0.475138
90073,0.475138
90074,0.475138
90075,0.475138
90076,0.475138
90077,0.475138
90078,0.475138
90079,0.475138
90080,0.475138
90081,0.475138
90082,0.475138
90083,0.475138
90084,0.475138
90085,0.475138
90086,0.475138
90087,0.475138
90088,0.475138
90089,0.475138
90090,0.475138
90091,0.475138
90092,0.475138
90093,0.475138
90094,0.475138
90095,0.475138
90096,0.475138
90097,0.475138
90098,0.475138
90099,0.475138
90100,0.475138
90101,0.475138
90102,0.475138
90103,0.475138
90104,0.475138
90105,0.475138
90106,0.475138
90107,0.475138
90108,0.475138
90109,0.475138
90110,0.475138
90111,0.475138
90112,0.475138
90113,0.475138
90114,0.475138
90115,0.475138
90116,0.475138
90117,0.475138
90118,0.475138
90119,0.475138
90120,0.475138
90121,0.475138
90122,0.475138
90123,0.475138
90124,0.475138
90125,0.475138
90126,0.475138
90127,0.475138
90128,0.475138
90129,0.475138
90130,0.475138
90131,0.475138
90132,0.475138
90133,0.475138
90134,0.475138
90135,0.475138
90136,0.475138
90137,0.475138
90138,0.475138
90139,0.475138
90140,0.475138
90141,0.475138
90142,0.475138
90143,0.475138
90144,0.475138
90145,0.475138
90146,0.475138
90147,0.475138
90148,0.475138
90149,0.475138
90150,0.475138
90151,0.475138
90152,0.475138
90153,0.475138
90154,0.475138
90155,0.475138
90156,0.475138
90157,0.475138
90158,0.475138
90159,0.475138
90160,0.475138
90161,0.475138
90162,0.475138
90163,0.475138
90164,0.475138
90165,0.475138
90166,0.475138
90167,0.475138
90168,0.475138
90169,0.475138
90170,0.475138
90171,0.475138
90172,0.475138
90173,0.475138
90174,0.475138
90175,0.475138
90176,0.475138
90177,0.475138
90178,0.475138
90179,0.475138
90180,0.475138
90181,0.475138
90182,0.475138
90183,0.475138
90184,0.475138
90185,0.475138
90186,0.475138
90187,0.475138
90188,0.475138
90189,0.475138
90190,0.475138
90191,0.475138
90192,0.475138
90193,0.475138
90194,0.475138
90195,0.475138
90196,0.475138
90197,0.475138
90198,0.475138
90199,0.475138
90200,0.475138
90201,0.475138
90202,0.475138
90203,0.475138
90204,0.475138
90205,0.475138
90206,0.475138
90207,0.475138
90208,0.475138
90209,0.475138
90210,0.475138
90211,0.475138
90212,0.475138
90213,0.475138
90214,0.475138
90215,0.475138
90216,0.475138
90217,0.475138
90218,0.475138
90219,0.475138
90220,0.475138
90221,0.475138
90222,0.475138
90223,0.475138
90224,0.475138
90225,0.475138
90226,0.475138
90227,0.475138
90228,0.475138
90229,0.475138
90230,0.475138
90231,0.475138
90232,0.475138
90233,0.475138
90234,0.475138
90235,0.475138
90236,0.475138
90237,0.475138
90238,0.475138
90239,0.475138
90240,0.475138
90241,0.475138
90242,0.475138
90243,0.475138
90244,0.475138
90245,0.475138
90246,0.475138
90247,0.475138
90248,0.475138
90249,0.475138
90250,0.475138
90251,0.475138
90252,0.475138
90253,0.475138
90254,0.475138
90255,0.475138
90256,0.475138
90257,0.475138
90258,0.475138
90259,0.475138
90260,0.475138
90261,0.475138
90262,0.475138
90263,0.475138
90264,0.475138
90265,0.475138
90266,0.475138
90267,0.475138
90268,0.475138
90269,0.475138
90270,0.475138
90271,0.475138
90272,0.475138
90273,0.475138
90274,0.475138
90275,0.475138
90276,0.475138
90277,0.475138
90278,0.475138
90279,0.475138
90280,0.475138
90281,0.475138
90282,0.475138
90283,0.475138
90284,0.475138
90285,0.475138
90286,0.475138
90287,0.475138
90288,0.475138
90289,0.475138
90290,0.475138
90291,0.475138
90292,0.475138
90293,0.475138
90294,0.475138
90295,0.475138
90296,0.475138
90297,0.475138
90298,0.475138
90299,0.475138
90300,0.475138
90301,0.475138
90302,0.475138
90303,0.475138
90304,0.475138
90305,0.475138
90306,0.475138
90307,0.475138
90308,0.475138
90309,0.475138
90310,0.475138
90311,0.475138
90312,0.475138
90313,0.475138
90314,0.475138
90315,0.475138
90316,0.475138
90317,0.475138
90318,0.475138
90319,0.475138
90320,0.475138
90321,0.475138
90322,0.475138
90323,0.475138
90324,0.475138
90325,0.475138
90326,0.475138
90327,0.475138
90328,0.475138
90329,0.475138
90330,0.475138
90331,0.475138
90332,0.475138
90333,0.475138
90334,0.475138
90335,0.475138
90336,0.475138
90337,0.475138
90338,0.475138
90339,0.475138
90340,0.475138
90341,0.475138
90342,0.475138
90343,0.475138
90344,0.475138
90345,0.475138
90346,0.475138
90347,0.475138
90348,0.475138
90349,0.475138
90350,0.475138
90351,0.475138
90352,0.475138
90353,0.475138
90354,0.475138
90355,0.475138
90356,0.475138
90357,0.475138
90358,0.475138
90359,0.475138
90360,0.475138
90361,0.475138
90362,0.475138
90363,0.475138
90364,0.475138
90365,0.475138
90366,0.475138
90367,0.475138
90368,0.475138
90369,0.475138
90370,0.475138
90371,0.475138
90372,0.475138
90373,0.475138
90374,0.475138
90375,0.475138
90376,0.475138
90377,0.475138
90378,0.475138
90379,0.475138
90380,0.475138
90381,0.475138
90382,0.475138
90383,0.475138
90384,0.475138
90385,0.475138
90386,0.475138
90387,0.475138
90388,0.475138
90389,0.475138
90390,0.475138
90391,0.475138
90392,0.475138
90393,0.475138
90394,0.475138
90395,0.475138
90396,0.475138
90397,0.475138
90398,0.475138
90399,0.475138
90400,0.475138
90401,0.475138
90402,0.475138
90403,0.475138
90404,0.475138
90405,0.475138
90406,0.475138
90407,0.475138
90408,0.475138
90409,0.475138
90410,0.475138
90411,0.475138
90412,0.475138
90413,0.475138
90414,0.475138
90415,0.475138
90416,0.475138
90417,0.475138
90418,0.475138
90419,0.475138
90420,0.475138
90421,0.475138
90422,0.475138
90423,0.475138
90424,0.475138
90425,0.475138
90426,0.475138
90427,0.475138
90428,0.475138
90429,0.475138
90430,0.475138
90431,0.475138
90432,0.475138
90433,0.475138
90434,0.475138
90435,0.475138
90436,0.475138
90437,0.475138
90438,0.475138
90439,0.475138
90440,0.475138
90441,0.475138
90442,0.475138
90443,0.475138
90444,0.475138
90445,0.475138
90446,0.475138
90447,0.475138
90448,0.475138
90449,0.475138
90450,0.475138
90451,0.475138
90452,0.475138
90453,0.475138
90454,0.475138
90455,0.475138
90456,0.475138
90457,0.475138
90458,0.475138
90459,0.475138
90460,0.475138
90461,0.475138
90462,0.475138
90463,0.475138
90464,0.475138
90465,0.475138
90466,0.475138
90467,0.475138
90468,0.475138
90469,0.475138
90470,0.475138
90471,0.475138
90472,0.475138
90473,0.475138
90474,0.475138
90475,0.475138
90476,0.475138
90477,0.475138
90478,0.475138
90479,0.475138
90480,0.475138
90481,0.475138
90482,0.475138
90483,0.475138
90484,0.475138
90485,0.475138
90486,0.475138
90487,0.475138
90488,0.475138
90489,0.475138
90490,0.475138
90491,0.475138
90492,0.475138
90493,0.475138
90494,0.475138
90495,0.475138
90496,0.475138
90497,0.475138
90498,0.475138
90499,0.475138
90500,0.475138
90501,0.475138
90502,0.475138
90503,0.475138
90504,0.475138
90505,0.475138
90506,0.475138
90507,0.475138
90508,0.475138
90509,0.475138
90510,0.475138
90511,0.475138
90512,0.475138
90513,0.475138
90514,0.475138
90515,0.475138
90516,0.475138
90517,0.475138
90518,0.475138
90519,0.475138
90520,0.475138
90521,0.475138
90522,0.475138
90523,0.475138
90524,0.475138
90525,0.475138
90526,0.475138
90527,0.475138
90528,0.475138
90529,0.475138
90530,0.475138
90531,0.475138
90532,0.475138
90533,0.475138
90534,0.475138
90535,0.475138
90536,0.475138
90537,0.475138
90538,0.475138
90539,0.475138
90540,0.475138
90541,0.475138
90542,0.475138
90543,0.475138
90544,0.475138
90545,0.475138
90546,0.475138
90547,0.475138
90548,0.475138
90549,0.475138
90550,0.475138
90551,0.475138
90552,0.475138
90553,0.475138
90554,0.475138
90555,0.475138
90556,0.475138
90557,0.475138
90558,0.475138
90559,0.475138
90560,0.475138
90561,0.475138
90562,0.475138
90563,0.475138
90564,0.475138
90565,0.475138
90566,0.475138
90567,0.475138
90568,0.475138
90569,0.475138
90570,0.475138
90571,0.475138
90572,0.475138
90573,0.475138
90574,0.475138
90575,0.475138
90576,0.475138
90577,0.475138
90578,0.475138
90579,0.475138
90580,0.475138
90581,0.475138
90582,0.475138
90583,0.475138
90584,0.475138
90585,0.475138
90586,0.475138
90587,0.475138
90588,0.475138
90589,0.475138
90590,0.475138
90591,0.475138
90592,0.475138
90593,0.475138
90594,0.475138
90595,0.475138
90596,0.475138
90597,0.475138
90598,0.475138
90599,0.475138
90600,0.475138
90601,0.475138
90602,0.475138
90603,0.475138
90604,0.475138
90605,0.475138
90606,0.475138
90607,0.475138
90608,0.475138
90609,0.475138
90610,0.475138
90611,0.475138
90612,0.475138
90613,0.475138
90614,0.475138
90615,0.475138
90616,0.475138
90617,0.475138
90618,0.475138
90619,0.475138
90620,0.475138
90621,0.475138
90622,0.475138
90623,0.475138
90624,0.475138
90625,0.475138
90626,0.475138
90627,0.475138
90628,0.475138
90629,0.475138
90630,0.475138
90631,0.475138
90632,0.475138
90633,0.475138
90634,0.475138
90635,0.475138
90636,0.475138
90637,0.475138
90638,0.475138
90639,0.475138
90640,0.475138
90641,0.475138
90642,0.475138
90643,0.475138
90644,0.475138
90645,0.475138
90646,0.475138
90647,0.475138
90648,0.475138
90649,0.475138
90650,0.475138
90651,0.475138
90652,0.475138
90653,0.475138
90654,0.475138
90655,0.475138
90656,0.475138
90657,0.475138
90658,0.475138
90659,0.475138
90660,0.475138
90661,0.475138
90662,0.475138
90663,0.475138
90664,0.475138
90665,0.475138
90666,0.475138
90667,0.475138
90668,0.475138
90669,0.475138
90670,0.475138
90671,0.475138
90672,0.475138
90673,0.475138
90674,0.475138
90675,0.475138
90676,0.475138
90677,0.475138
90678,0.475138
90679,0.475138
90680,0.475138
90681,0.475138
90682,0.475138
90683,0.475138
90684,0.475138
90685,0.475138
90686,0.475138
90687,0.475138
90688,0.475138
90689,0.475138
90690,0.475138
90691,0.475138
90692,0.475138
90693,0.475138
90694,0.475138
90695,0.475138
90696,0.475138
90697,0.475138
90698,0.475138
90699,0.475138
90700,0.475138
90701,0.475138
90702,0.475138
90703,0.475138
90704,0.475138
90705,0.475138
90706,0.475138
90707,0.475138
90708,0.475138
90709,0.475138
90710,0.475138
90711,0.475138
90712,0.475138
90713,0.475138
90714,0.475138
90715,0.475138
90716,0.475138
90717,0.475138
90718,0.475138
90719,0.475138
90720,0.475138
90721,0.475138
90722,0.475138
90723,0.475138
90724,0.475138
90725,0.475138
90726,0.475138
90727,0.475138
90728,0.475138
90729,0.475138
90730,0.475138
90731,0.475138
90732,0.475138
90733,0.475138
90734,0.475138
90735,0.475138
90736,0.475138
90737,0.475138
90738,0.475138
90739,0.475138
90740,0.475138
90741,0.475138
90742,0.475138
90743,0.475138
90744,0.475138
90745,0.475138
90746,0.475138
90747,0.475138
90748,0.475138
90749,0.475138
90750,0.475138
90751,0.475138
90752,0.475138
90753,0.475138
90754,0.475138
90755,0.475138
90756,0.475138
90757,0.475138
90758,0.475138
90759,0.475138
90760,0.475138
90761,0.475138
90762,0.475138
90763,0.475138
90764,0.475138
90765,0.475138
90766,0.475138
90767,0.475138
90768,0.475138
90769,0.475138
90770,0.475138
90771,0.475138
90772,0.475138
90773,0.475138
90774,0.475138
90775,0.475138
90776,0.475138
90777,0.475138
90778,0.475138
90779,0.475138
90780,0.475138
90781,0.475138
90782,0.475138
90783,0.475138
90784,0.475138
90785,0.475138
90786,0.475138
90787,0.475138
90788,0.475138
90789,0.475138
90790,0.475138
90791,0.475138
90792,0.475138
90793,0.475138
90794,0.475138
90795,0.475138
90796,0.475138
90797,0.475138
90798,0.475138
90799,0.475138
90800,0.475138
90801,0.475138
90802,0.475138
90803,0.475138
90804,0.475138
90805,0.475138
90806,0.475138
90807,0.475138
90808,0.475138
90809,0.475138
90810,0.475138
90811,0.475138
90812,0.475138
90813,0.475138
90814,0.475138
90815,0.475138
90816,0.469636
90817,0.475138
90818,0.475138
90819,0.475138
90820,0.475138
90821,0.475138
90822,0.475138
90823,0.475138
90824,0.475138
90825,0.475138
90826,0.475138
90827,0.475138
90828,0.475138
90829,0.475138
90830,0.475138
90831,0.475138
90832,0.475138
90833,0.475138
90834,0.475138
90835,0.475138
90836,0.475138
90837,0.475138
90838,0.475138
90839,0.475138
90840,0.475138
90841,0.475138
90842,0.475138
90843,0.475138
90844,0.475138
90845,0.475138
90846,0.475138
90847,0.475138
90848,0.475138
90849,0.475138
90850,0.475138
90851,0.475138
90852,0.475138
90853,0.475138
90854,0.475138
90855,0.475138
90856,0.475138
90857,0.475138
90858,0.475138
90859,0.475138
90860,0.475138
90861,0.475138
90862,0.475138
90863,0.475138
90864,0.475138
90865,0.475138
90866,0.475138
90867,0.475138
90868,0.475138
90869,0.475138
90870,0.475138
90871,0.475138
90872,0.475138
90873,0.475138
90874,0.475138
90875,0.475138
90876,0.475138
90877,0.475138
90878,0.475138
90879,0.475138
90880,0.475138
90881,0.475138
90882,0.475138
90883,0.475138
90884,0.475138
90885,0.475138
90886,0.475138
90887,0.475138
90888,0.475138
90889,0.475138
90890,0.475138
90891,0.475138
90892,0.475138
90893,0.475138
90894,0.475138
90895,0.475138
90896,0.475138
90897,0.475138
90898,0.475138
90899,0.475138
90900,0.475138
90901,0.475138
90902,0.475138
90903,0.475138
90904,0.475138
90905,0.475138
90906,0.475138
90907,0.475138
90908,0.475138
90909,0.475138
90910,0.475138
90911,0.475138
90912,0.475138
90913,0.475138
90914,0.475138
90915,0.475138
90916,0.475138
90917,0.475138
90918,0.475138
90919,0.475138
90920,0.475138
90921,0.475138
90922,0.475138
90923,0.475138
90924,0.475138
90925,0.475138
90926,0.475138
90927,0.475138
90928,0.475138
90929,0.475138
90930,0.475138
90931,0.475138
90932,0.475138
90933,0.475138
90934,0.475138
90935,0.475138
90936,0.475138
90937,0.475138
90938,0.475138
90939,0.475138
90940,0.475138
90941,0.475138
90942,0.475138
90943,0.475138
90944,0.475138
90945,0.475138
90946,0.475138
90947,0.475138
90948,0.475138
90949,0.475138
90950,0.475138
90951,0.475138
90952,0.475138
90953,0.475138
90954,0.475138
90955,0.475138
90956,0.475138
90957,0.475138
90958,0.475138
90959,0.475138
90960,0.475138
90961,0.475138
90962,0.475138
90963,0.475138
90964,0.475138
90965,0.475138
90966,0.475138
90967,0.475138
90968,0.475138
90969,0.475138
90970,0.475138
90971,0.475138
90972,0.475138
90973,0.475138
90974,0.475138
90975,0.475138
90976,0.475138
90977,0.475138
90978,0.475138
90979,0.475138
90980,0.475138
90981,0.475138
90982,0.475138
90983,0.475138
90984,0.475138
90985,0.475138
90986,0.475138
90987,0.475138
90988,0.475138
90989,0.475138
90990,0.475138
90991,0.475138
90992,0.475138
90993,0.475138
90994,0.475138
90995,0.475138
90996,0.475138
90997,0.475138
90998,0.475138
90999,0.475138
91000,0.475138
91001,0.475138
91002,0.475138
91003,0.475138
91004,0.475138
91005,0.475138
91006,0.475138
91007,0.475138
91008,0.475138
91009,0.475138
91010,0.475138
91011,0.475138
91012,0.475083
91013,0.475083
91014,0.475083
91015,0.475083
91016,0.475083
91017,0.475083
91018,0.475138
91019,0.475138
91020,0.475138
91021,0.475138
91022,0.475138
91023,0.475138
91024,0.475138
91025,0.475138
91026,0.475138
91027,0.475138
91028,0.475138
91029,0.475138
91030,0.475138
91031,0.475138
91032,0.475138
91033,0.475138
91034,0.475138
91035,0.475138
91036,0.475138
91037,0.475138
91038,0.475138
91039,0.475138
91040,0.475138
91041,0.475138
91042,0.475138
91043,0.475138
91044,0.475138
91045,0.475138
91046,0.475138
91047,0.475138
91048,0.475138
91049,0.475138
91050,0.475138
91051,0.475138
91052,0.475138
91053,0.475138
91054,0.475138
91055,0.475138
91056,0.475138
91057,0.475138
91058,0.475138
91059,0.475138
91060,0.475138
91061,0.475138
91062,0.475138
91063,0.475138
91064,0.475138
91065,0.475138
91066,0.475138
91067,0.475138
91068,0.475138
91069,0.475138
91070,0.475138
91071,0.475138
91072,0.475138
91073,0.475138
91074,0.475138
91075,0.475138
91076,0.475138
91077,0.475138
91078,0.475138
91079,0.475138
91080,0.475138
91081,0.475138
91082,0.475138
91083,0.475138
91084,0.475138
91085,0.475138
91086,0.475138
91087,0.475138
91088,0.475138
91089,0.475138
91090,0.475138
91091,0.475138
91092,0.475138
91093,0.475138
91094,0.475138
91095,0.475138
91096,0.475138
91097,0.475138
91098,0.475138
91099,0.475138
91100,0.475138
91101,0.475138
91102,0.475138
91103,0.475138
91104,0.475138
91105,0.475138
91106,0.475138
91107,0.475138
91108,0.475138
91109,0.475138
91110,0.475138
91111,0.475138
91112,0.475138
91113,0.475138
91114,0.476153
91115,0.476153
91116,0.476153
91117,0.476153
91118,0.476153
91119,0.476153
91120,0.476153
91121,0.475138
91122,0.475138
91123,0.475138
91124,0.475138
91125,0.475138
91126,0.475138
91127,0.475138
91128,0.475138
91129,0.475138
91130,0.475138
91131,0.475138
91132,0.475138
91133,0.475138
91134,0.475138
91135,0.475138
91136,0.475138
91137,0.475138
91138,0.475138
91139,0.475138
91140,0.475138
91141,0.475138
91142,0.475138
91143,0.475138
91144,0.475138
91145,0.475138
91146,0.475138
91147,0.475138
91148,0.475138
91149,0.475138
91150,0.475138
91151,0.475138
91152,0.475138
91153,0.475138
91154,0.475138
91155,0.475138
91156,0.475138
91157,0.475138
91158,0.475138
91159,0.475138
91160,0.475138
91161,0.475138
91162,0.475138
91163,0.475138
91164,0.475138
91165,0.475138
91166,0.475138
91167,0.475138
91168,0.475138
91169,0.475138
91170,0.475138
91171,0.475138
91172,0.475138
91173,0.475138
91174,0.475138
91175,0.475138
91176,0.475138
91177,0.475138
91178,0.475138
91179,0.475138
91180,0.475138
91181,0.475138
91182,0.475138
91183,0.475138
91184,0.475138
91185,0.475138
91186,0.475138
91187,0.475138
91188,0.475138
91189,0.475138
91190,0.475138
91191,0.475138
91192,0.475138
91193,0.475138
91194,0.475138
91195,0.475138
91196,0.475138
91197,0.475138
91198,0.475138
91199,0.475138
91200,0.475138
91201,0.475138
91202,0.475138
91203,0.475138
91204,0.475138
91205,0.475138
91206,0.475138
91207,0.475138
91208,0.475138
91209,0.475010
91210,0.475010
91211,0.475010
91212,0.472930
91213,0.475138
91214,0.475138
91215,0.475138
91216,0.475138
91217,0.475138
91218,0.475138
91219,0.475138
91220,0.475138
91221,0.475138
91222,0.475138
91223,0.475138
91224,0.475138
91225,0.475138
91226,0.475138
91227,0.475138
91228,0.475138
91229,0.475138
91230,0.475138
91231,0.475138
91232,0.475138
91233,0.475138
91234,0.475138
91235,0.475138
91236,0.475138
91237,0.475138
91238,0.475138
91239,0.475138
91240,0.475138
91241,0.475138
91242,0.475138
91243,0.475138
91244,0.475138
91245,0.475138
91246,0.475138
91247,0.475138
91248,0.475138
91249,0.475138
91250,0.475138
91251,0.475138
91252,0.475138
91253,0.475138
91254,0.475138
91255,0.475138
91256,0.475138
91257,0.475138
91258,0.475138
91259,0.475138
91260,0.475138
91261,0.475138
91262,0.475138
91263,0.475010
91264,0.475010
91265,0.475010
91266,0.475010
91267,0.475010
91268,0.475010
91269,0.475010
91270,0.475010
91271,0.475010
91272,0.475138
91273,0.475138
91274,0.475138
91275,0.475138
91276,0.475138
91277,0.475138
91278,0.475138
91279,0.475138
91280,0.475138
91281,0.475138
91282,0.475138
91283,0.475138
91284,0.475138
91285,0.475138
91286,0.475138
91287,0.475138
91288,0.475138
91289,0.475138
91290,0.475138
91291,0.475138
91292,0.475138
91293,0.475138
91294,0.475138
91295,0.475138
91296,0.475138
91297,0.475138
91298,0.475138
91299,0.475138
91300,0.475138
91301,0.475138
91302,0.475138
91303,0.475138
91304,0.475138
91305,0.475138
91306,0.475138
91307,0.475138
91308,0.475138
91309,0.475138
91310,0.475138
91311,0.475138
91312,0.475138
91313,0.475138
91314,0.475138
91315,0.475138
91316,0.475138
91317,0.475138
91318,0.475138
91319,0.475138
91320,0.475138
91321,0.475138
91322,0.475138
91323,0.475138
91324,0.475138
91325,0.475138
91326,0.475138
91327,0.475138
91328,0.475138
91329,0.475138
91330,0.475138
91331,0.475138
91332,0.475138
91333,0.475138
91334,0.475138
91335,0.475138
91336,0.475138
91337,0.475138
91338,0.475138
91339,0.475138
91340,0.475138
91341,0.475138
91342,0.475138
91343,0.475138
91344,0.475138
91345,0.475138
91346,0.475138
91347,0.475138
91348,0.475138
91349,0.475138
91350,0.475138
91351,0.475138
91352,0.475138
91353,0.475138
91354,0.475138
91355,0.475138
91356,0.475138
91357,0.475138
91358,0.475138
91359,0.475138
91360,0.475138
91361,0.475138
91362,0.475138
91363,0.475138
91364,0.475138
91365,0.475138
91366,0.475138
91367,0.475138
91368,0.475138
91369,0.475138
91370,0.475138
91371,0.475138
91372,0.475138
91373,0.475138
91374,0.475138
91375,0.475138
91376,0.475138
91377,0.475138
91378,0.475138
91379,0.475138
91380,0.475138
91381,0.475138
91382,0.475138
91383,0.475138
91384,0.475138
91385,0.475138
91386,0.475138
91387,0.475138
91388,0.475138
91389,0.475138
91390,0.475138
91391,0.475138
91392,0.475138
91393,0.475138
91394,0.475138
91395,0.475138
91396,0.475138
91397,0.475138
91398,0.475138
91399,0.475138
91400,0.475138
91401,0.475138
91402,0.475138
91403,0.475138
91404,0.475138
91405,0.475138
91406,0.475138
91407,0.475138
91408,0.475138
91409,0.475138
91410,0.475138
91411,0.475138
91412,0.475138
91413,0.475138
91414,0.475138
91415,0.475138
91416,0.475138
91417,0.475138
91418,0.475138
91419,0.475138
91420,0.475138
91421,0.475138
91422,0.475138
91423,0.475138
91424,0.475138
91425,0.475138
91426,0.475138
91427,0.475138
91428,0.475138
91429,0.475138
91430,0.475138
91431,0.475138
91432,0.475138
91433,0.475138
91434,0.475138
91435,0.475138
91436,0.475138
91437,0.475138
91438,0.475138
91439,0.475138
91440,0.475138
91441,0.475138
91442,0.475138
91443,0.476153
91444,0.476153
91445,0.476153
91446,0.476153
91447,0.476153
91448,0.476153
91449,0.476153
91450,0.476153
91451,0.476153
91452,0.476153
91453,0.476153
91454,0.476153
91455,0.476153
91456,0.476153
91457,0.476153
91458,0.476153
91459,0.476153
91460,0.476153
91461,0.475138
91462,0.475138
91463,0.475138
91464,0.475138
91465,0.475138
91466,0.475138
91467,0.475138
91468,0.475138
91469,0.475138
91470,0.475138
91471,0.475138
91472,0.475138
91473,0.475138
91474,0.475138
91475,0.475138
91476,0.475138
91477,0.475138
91478,0.475138
91479,0.475138
91480,0.475138
91481,0.475138
91482,0.473726
91483,0.473726
91484,0.473726
91485,0.473726
91486,0.475030
91487,0.475030
91488,0.475138
91489,0.475138
91490,0.475138
91491,0.475138
91492,0.475138
91493,0.475138
91494,0.475138
91495,0.475138
91496,0.475138
91497,0.475138
91498,0.475138
91499,0.475138
91500,0.475138
91501,0.475138
91502,0.475138
91503,0.475138
91504,0.475138
91505,0.475138
91506,0.475138
91507,0.475138
91508,0.475138
91509,0.475138
91510,0.475138
91511,0.475138
91512,0.475138
91513,0.475138
91514,0.475138
91515,0.475138
91516,0.475138
91517,0.475138
91518,0.475138
91519,0.475138
91520,0.475138
91521,0.475138
91522,0.475138
91523,0.475138
91524,0.475138
91525,0.475138
91526,0.475138
91527,0.475138
91528,0.475138
91529,0.475138
91530,0.475138
91531,0.475138
91532,0.475138
91533,0.475138
91534,0.475138
91535,0.475138
91536,0.475138
91537,0.475138
91538,0.475138
91539,0.475138
91540,0.475138
91541,0.475138
91542,0.475138
91543,0.475138
91544,0.475138
91545,0.475138
91546,0.475138
91547,0.475138
91548,0.475138
91549,0.475138
91550,0.475138
91551,0.475138
91552,0.475138
91553,0.475138
91554,0.475138
91555,0.475138
91556,0.475138
91557,0.475138
91558,0.475138
91559,0.475138
91560,0.475138
91561,0.475138
91562,0.475138
91563,0.475138
91564,0.475138
91565,0.475138
91566,0.475138
91567,0.475138
91568,0.475138
91569,0.475138
91570,0.475138
91571,0.475138
91572,0.475138
91573,0.475138
91574,0.475138
91575,0.475138
91576,0.475138
91577,0.475138
91578,0.475138
91579,0.475138
91580,0.475138
91581,0.473726
91582,0.473726
91583,0.473726
91584,0.473726
91585,0.473726
91586,0.473726
91587,0.473726
91588,0.473726
91589,0.473726
91590,0.473726
91591,0.473726
91592,0.475138
91593,0.475138
91594,0.475138
91595,0.475138
91596,0.475138
91597,0.475138
91598,0.475138
91599,0.475138
91600,0.475138
91601,0.475138
91602,0.475138
91603,0.475138
91604,0.475138
91605,0.475138
91606,0.475138
91607,0.475138
91608,0.475138
91609,0.475138
91610,0.475138
91611,0.475138
91612,0.475138
91613,0.475138
91614,0.475138
91615,0.475138
91616,0.475138
91617,0.475138
91618,0.475138
91619,0.475138
91620,0.475138
91621,0.475138
91622,0.475138
91623,0.475138
91624,0.475138
91625,0.475138
91626,0.475138
91627,0.475138
91628,0.475138
91629,0.475138
91630,0.475138
91631,0.475138
91632,0.475138
91633,0.475138
91634,0.475138
91635,0.475138
91636,0.475138
91637,0.475138
91638,0.475138
91639,0.475138
91640,0.475138
91641,0.475138
91642,0.475138
91643,0.475138
91644,0.475138
91645,0.475138
91646,0.475138
91647,0.475138
91648,0.475138
91649,0.475138
91650,0.475138
91651,0.475138
91652,0.475138
91653,0.475138
91654,0.475138
91655,0.475138
91656,0.475138
91657,0.475138
91658,0.475138
91659,0.475138
91660,0.475138
91661,0.475138
91662,0.475138
91663,0.475138
91664,0.475138
91665,0.475138
91666,0.475138
91667,0.475138
91668,0.475138
91669,0.475138
91670,0.475138
91671,0.475138
91672,0.475138
91673,0.475138
91674,0.475138
91675,0.475138
91676,0.475138
91677,0.475138
91678,0.475138
91679,0.475138
91680,0.475138
91681,0.475138
91682,0.475138
91683,0.475138
91684,0.475138
91685,0.475138
91686,0.475138
91687,0.475138
91688,0.475138
91689,0.475138
91690,0.475138
91691,0.475138
91692,0.475138
91693,0.475138
91694,0.475138
91695,0.475138
91696,0.475138
91697,0.475138
91698,0.475138
91699,0.475138
91700,0.475138
91701,0.475138
91702,0.475138
91703,0.475138
91704,0.475138
91705,0.475138
91706,0.475138
91707,0.475138
91708,0.475138
91709,0.475138
91710,0.475138
91711,0.475138
91712,0.475138
91713,0.475138
91714,0.475138
91715,0.475138
91716,0.475138
91717,0.475138
91718,0.475138
91719,0.475138
91720,0.475138
91721,0.475138
91722,0.475138
91723,0.475138
91724,0.475138
91725,0.475138
91726,0.475138
91727,0.475138
91728,0.475138
91729,0.475138
91730,0.475138
91731,0.475138
91732,0.475138
91733,0.475138
91734,0.475138
91735,0.475138
91736,0.475138
91737,0.475138
91738,0.475138
91739,0.475138
91740,0.475138
91741,0.475138
91742,0.475138
91743,0.475138
91744,0.475138
91745,0.475138
91746,0.475138
91747,0.475138
91748,0.475138
91749,0.475138
91750,0.475138
91751,0.475138
91752,0.475138
91753,0.475138
91754,0.475138
91755,0.475138
91756,0.475138
91757,0.475138
91758,0.475138
91759,0.475138
91760,0.475138
91761,0.475138
91762,0.475138
91763,0.475138
91764,0.475138
91765,0.475138
91766,0.475138
91767,0.475138
91768,0.475138
91769,0.475138
91770,0.475138
91771,0.475138
91772,0.475138
91773,0.475138
91774,0.475138
91775,0.475138
91776,0.475138
91777,0.475138
91778,0.475138
91779,0.475138
91780,0.475138
91781,0.475138
91782,0.475138
91783,0.475138
91784,0.475138
91785,0.475138
91786,0.475138
91787,0.475138
91788,0.475138
91789,0.475138
91790,0.475138
91791,0.475138
91792,0.475138
91793,0.475138
91794,0.475138
91795,0.475138
91796,0.475138
91797,0.475138
91798,0.475138
91799,0.475138
91800,0.475138
91801,0.475138
91802,0.475138
91803,0.475138
91804,0.475138
91805,0.475138
91806,0.475138
91807,0.475138
91808,0.475138
91809,0.475138
91810,0.475138
91811,0.475138
91812,0.475138
91813,0.475138
91814,0.475138
91815,0.475138
91816,0.475138
91817,0.475138
91818,0.475138
91819,0.475138
91820,0.475138
91821,0.475138
91822,0.475138
91823,0.475138
91824,0.475138
91825,0.475138
91826,0.475138
91827,0.475138
91828,0.475138
91829,0.475138
91830,0.475138
91831,0.475138
91832,0.475138
91833,0.475138
91834,0.475138
91835,0.475138
91836,0.475138
91837,0.475138
91838,0.475138
91839,0.475138
91840,0.475138
91841,0.475138
91842,0.475138
91843,0.475138
91844,0.475138
91845,0.475138
91846,0.475138
91847,0.475138
91848,0.475138
91849,0.475138
91850,0.475138
91851,0.475138
91852,0.475138
91853,0.475138
91854,0.475138
91855,0.475138
91856,0.475138
91857,0.475138
91858,0.475138
91859,0.475138
91860,0.475138
91861,0.475138
91862,0.475138
91863,0.475138
91864,0.475138
91865,0.475138
91866,0.475138
91867,0.475138
91868,0.475138
91869,0.475138
91870,0.475138
91871,0.475138
91872,0.475138
91873,0.475138
91874,0.475138
91875,0.475138
91876,0.475138
91877,0.475138
91878,0.475138
91879,0.475138
91880,0.475138
91881,0.475138
91882,0.475138
91883,0.475138
91884,0.475138
91885,0.475138
91886,0.475138
91887,0.475138
91888,0.475138
91889,0.475138
91890,0.475138
91891,0.475138
91892,0.475138
91893,0.475138
91894,0.475138
91895,0.475138
91896,0.475138
91897,0.475138
91898,0.475138
91899,0.475138
91900,0.475138
91901,0.475138
91902,0.475138
91903,0.475138
91904,0.475138
91905,0.475138
91906,0.475138
91907,0.475138
91908,0.475138
91909,0.475138
91910,0.475138
91911,0.475138
91912,0.475138
91913,0.475138
91914,0.475138
91915,0.475138
91916,0.475138
91917,0.475138
91918,0.475138
91919,0.475138
91920,0.475138
91921,0.475138
91922,0.475138
91923,0.475138
91924,0.475138
91925,0.475138
91926,0.475138
91927,0.475138
91928,0.475138
91929,0.475138
91930,0.475138
91931,0.475138
91932,0.475138
91933,0.475138
91934,0.475138
91935,0.475138
91936,0.475138
91937,0.475138
91938,0.475138
91939,0.475138
91940,0.475138
91941,0.475138
91942,0.475138
91943,0.475138
91944,0.475138
91945,0.475138
91946,0.475138
91947,0.475138
91948,0.475138
91949,0.475138
91950,0.475138
91951,0.475138
91952,0.475138
91953,0.475138
91954,0.475138
91955,0.475138
91956,0.475138
91957,0.475138
91958,0.475138
91959,0.475138
91960,0.475138
91961,0.475138
91962,0.475138
91963,0.475138
91964,0.475138
91965,0.475138
91966,0.475138
91967,0.475138
91968,0.475138
91969,0.475138
91970,0.475138
91971,0.475138
91972,0.475138
91973,0.475138
91974,0.475138
91975,0.475138
91976,0.475138
91977,0.475138
91978,0.475138
91979,0.475138
91980,0.475138
91981,0.475138
91982,0.475138
91983,0.475138
91984,0.475138
91985,0.475138
91986,0.475138
91987,0.475138
91988,0.475138
91989,0.475138
91990,0.475138
91991,0.475138
91992,0.475138
91993,0.475138
91994,0.475138
91995,0.475138
91996,0.475138
91997,0.475138
91998,0.475138
91999,0.475138
92000,0.475138
92001,0.475138
92002,0.475138
92003,0.475138
92004,0.475138
92005,0.475138
92006,0.475138
92007,0.475138
92008,0.475138
92009,0.475138
92010,0.475138
92011,0.475138
92012,0.475138
92013,0.475138
92014,0.475138
92015,0.475138
92016,0.475138
92017,0.475138
92018,0.475138
92019,0.475138
92020,0.475138
92021,0.475138
92022,0.475138
92023,0.475138
92024,0.475138
92025,0.475138
92026,0.475138
92027,0.475138
92028,0.475138
92029,0.475138
92030,0.475138
92031,0.475138
92032,0.475138
92033,0.475138
92034,0.475138
92035,0.475138
92036,0.475138
92037,0.475138
92038,0.475138
92039,0.475138
92040,0.469984
92041,0.475138
92042,0.475138
92043,0.475138
92044,0.475138
92045,0.475138
92046,0.475138
92047,0.475138
92048,0.475138
92049,0.475138
92050,0.475138
92051,0.475138
92052,0.475138
92053,0.475138
92054,0.475138
92055,0.475138
92056,0.475138
92057,0.475138
92058,0.475138
92059,0.475138
92060,0.475138
92061,0.475138
92062,0.475138
92063,0.475138
92064,0.475138
92065,0.475138
92066,0.475138
92067,0.475138
92068,0.475138
92069,0.475138
92070,0.475138
92071,0.475138
92072,0.475138
92073,0.475138
92074,0.475138
92075,0.475138
92076,0.475138
92077,0.475138
92078,0.475138
92079,0.475138
92080,0.475138
92081,0.475138
92082,0.475138
92083,0.475138
92084,0.475138
92085,0.475138
92086,0.475138
92087,0.475138
92088,0.475138
92089,0.475138
92090,0.475138
92091,0.475138
92092,0.475138
92093,0.475138
92094,0.475138
92095,0.475138
92096,0.475138
92097,0.475138
92098,0.475138
92099,0.475138
92100,0.475138
92101,0.475138
92102,0.475138
92103,0.475138
92104,0.475138
92105,0.475138
92106,0.475138
92107,0.475138
92108,0.475138
92109,0.475138
92110,0.475138
92111,0.475138
92112,0.475138
92113,0.475138
92114,0.475138
92115,0.475138
92116,0.475138
92117,0.475138
92118,0.475138
92119,0.475138
92120,0.475138
92121,0.475138
92122,0.475138
92123,0.475138
92124,0.475138
92125,0.475138
92126,0.475138
92127,0.475138
92128,0.475138
92129,0.475138
92130,0.475138
92131,0.475138
92132,0.475138
92133,0.475138
92134,0.475138
92135,0.475138
92136,0.475138
92137,0.475138
92138,0.475138
92139,0.475138
92140,0.475138
92141,0.475138
92142,0.475138
92143,0.475138
92144,0.475138
92145,0.475138
92146,0.475138
92147,0.475138
92148,0.475138
92149,0.475138
92150,0.475138
92151,0.475138
92152,0.475138
92153,0.475138
92154,0.475138
92155,0.475138
92156,0.475138
92157,0.475138
92158,0.475138
92159,0.475138
92160,0.475138
92161,0.475138
92162,0.475138
92163,0.475138
92164,0.475138
92165,0.475138
92166,0.475138
92167,0.475138
92168,0.475138
92169,0.475138
92170,0.475138
92171,0.475138
92172,0.475138
92173,0.475138
92174,0.475138
92175,0.475138
92176,0.475138
92177,0.475138
92178,0.475138
92179,0.465099
92180,0.465099
92181,0.465099
92182,0.465099
92183,0.465099
92184,0.465099
92185,0.465099
92186,0.465099
92187,0.465099
92188,0.465099
92189,0.460606
92190,0.465099
92191,0.465099
92192,0.475138
92193,0.475138
92194,0.475138
92195,0.475138
92196,0.475138
92197,0.475138
92198,0.475138
92199,0.475138
92200,0.475138
92201,0.475138
92202,0.475138
92203,0.475138
92204,0.475138
92205,0.475138
92206,0.475138
92207,0.475138
92208,0.475138
92209,0.475138
92210,0.475138
92211,0.475138
92212,0.475138
92213,0.475138
92214,0.475138
92215,0.475138
92216,0.475138
92217,0.475138
92218,0.475138
92219,0.475138
92220,0.475138
92221,0.475138
92222,0.475138
92223,0.475138
92224,0.475138
92225,0.475138
92226,0.475138
92227,0.475138
92228,0.475138
92229,0.475138
92230,0.475138
92231,0.475138
92232,0.475138
92233,0.475138
92234,0.475138
92235,0.475138
92236,0.475138
92237,0.475138
92238,0.475138
92239,0.475138
92240,0.475138
92241,0.475138
92242,0.475138
92243,0.475138
92244,0.475138
92245,0.475138
92246,0.475138
92247,0.475138
92248,0.475138
92249,0.475138
92250,0.475138
92251,0.475138
92252,0.475138
92253,0.475138
92254,0.475138
92255,0.475138
92256,0.475138
92257,0.475138
92258,0.475138
92259,0.475138
92260,0.475138
92261,0.475138
92262,0.475138
92263,0.475138
92264,0.475138
92265,0.475138
92266,0.475138
92267,0.475138
92268,0.475138
92269,0.475138
92270,0.475138
92271,0.475138
92272,0.475138
92273,0.475138
92274,0.475138
92275,0.475138
92276,0.475138
92277,0.475138
92278,0.475138
92279,0.475138
92280,0.475138
92281,0.475138
92282,0.475138
92283,0.475138
92284,0.475138
92285,0.475138
92286,0.475138
92287,0.475138
92288,0.475138
92289,0.475138
92290,0.475138
92291,0.475138
92292,0.475138
92293,0.475138
92294,0.475138
92295,0.475138
92296,0.475138
92297,0.475138
92298,0.475138
92299,0.475138
92300,0.475138
92301,0.475138
92302,0.475138
92303,0.475138
92304,0.475138
92305,0.475138
92306,0.475138
92307,0.475138
92308,0.475138
92309,0.475138
92310,0.475138
92311,0.475138
92312,0.475138
92313,0.475138
92314,0.475138
92315,0.475138
92316,0.475138
92317,0.475138
92318,0.475138
92319,0.475138
92320,0.475138
92321,0.475138
92322,0.475138
92323,0.475138
92324,0.475138
92325,0.475138
92326,0.475138
92327,0.475138
92328,0.475138
92329,0.475138
92330,0.475138
92331,0.475138
92332,0.475138
92333,0.475138
92334,0.475138
92335,0.475138
92336,0.475138
92337,0.475138
92338,0.475138
92339,0.475138
92340,0.475138
92341,0.475138
92342,0.475138
92343,0.475138
92344,0.475138
92345,0.475138
92346,0.475138
92347,0.475138
92348,0.475138
92349,0.475138
92350,0.475138
92351,0.475138
92352,0.475138
92353,0.475138
92354,0.475138
92355,0.475138
92356,0.475138
92357,0.475138
92358,0.475138
92359,0.475138
92360,0.475138
92361,0.475138
92362,0.475138
92363,0.475138
92364,0.475138
92365,0.475138
92366,0.475138
92367,0.475138
92368,0.475138
92369,0.475138
92370,0.475138
92371,0.475138
92372,0.475138
92373,0.475138
92374,0.475138
92375,0.475138
92376,0.475138
92377,0.475138
92378,0.475138
92379,0.475138
92380,0.475138
92381,0.475138
92382,0.475138
92383,0.475138
92384,0.475138
92385,0.475138
92386,0.475138
92387,0.475138
92388,0.475138
92389,0.475138
92390,0.475138
92391,0.475138
92392,0.475138
92393,0.475138
92394,0.475138
92395,0.475138
92396,0.475138
92397,0.475138
92398,0.475138
92399,0.475138
92400,0.475138
92401,0.475138
92402,0.475138
92403,0.475138
92404,0.475138
92405,0.475138
92406,0.475138
92407,0.475138
92408,0.475138
92409,0.475138
92410,0.475138
92411,0.475138
92412,0.475138
92413,0.475138
92414,0.475138
92415,0.475138
92416,0.475138
92417,0.475138
92418,0.475138
92419,0.475138
92420,0.475138
92421,0.475138
92422,0.475138
92423,0.475138
92424,0.475138
92425,0.475138
92426,0.475138
92427,0.475138
92428,0.475138
92429,0.475138
92430,0.475138
92431,0.475138
92432,0.475138
92433,0.475138
92434,0.475138
92435,0.475138
92436,0.475138
92437,0.475138
92438,0.475138
92439,0.475138
92440,0.475138
92441,0.475138
92442,0.475138
92443,0.475138
92444,0.475138
92445,0.475138
92446,0.475138
92447,0.475138
92448,0.475138
92449,0.475138
92450,0.475138
92451,0.475138
92452,0.475138
92453,0.475138
92454,0.475138
92455,0.475138
92456,0.475138
92457,0.475138
92458,0.475138
92459,0.475138
92460,0.475138
92461,0.475138
92462,0.475138
92463,0.475138
92464,0.475138
92465,0.475138
92466,0.475138
92467,0.475138
92468,0.475138
92469,0.475138
92470,0.475138
92471,0.475138
92472,0.475138
92473,0.475138
92474,0.475138
92475,0.475138
92476,0.475138
92477,0.475138
92478,0.475138
92479,0.475138
92480,0.475138
92481,0.475138
92482,0.475138
92483,0.475138
92484,0.475138
92485,0.475138
92486,0.475138
92487,0.475138
92488,0.475138
92489,0.475138
92490,0.475138
92491,0.475138
92492,0.475138
92493,0.475138
92494,0.475138
92495,0.475138
92496,0.475138
92497,0.475138
92498,0.475138
92499,0.475138
92500,0.475138
92501,0.475138
92502,0.475138
92503,0.475138
92504,0.475138
92505,0.475138
92506,0.475138
92507,0.475138
92508,0.475138
92509,0.475138
92510,0.475138
92511,0.475138
92512,0.475138
92513,0.475138
92514,0.475138
92515,0.475138
92516,0.475138
92517,0.475138
92518,0.475138
92519,0.475138
92520,0.475138
92521,0.475138
92522,0.475138
92523,0.475138
92524,0.475138
92525,0.475138
92526,0.475138
92527,0.475138
92528,0.475138
92529,0.475138
92530,0.475138
92531,0.475138
92532,0.475138
92533,0.475138
92534,0.475138
92535,0.475138
92536,0.475138
92537,0.475138
92538,0.475138
92539,0.475138
92540,0.475138
92541,0.475138
92542,0.475138
92543,0.475138
92544,0.475138
92545,0.475138
92546,0.475138
92547,0.475138
92548,0.475138
92549,0.475138
92550,0.475138
92551,0.475138
92552,0.475138
92553,0.475138
92554,0.475138
92555,0.475138
92556,0.475138
92557,0.475138
92558,0.475138
92559,0.475138
92560,0.475138
92561,0.475138
92562,0.475138
92563,0.475138
92564,0.475138
92565,0.475138
92566,0.475138
92567,0.475138
92568,0.475138
92569,0.475138
92570,0.475138
92571,0.475138
92572,0.475138
92573,0.475138
92574,0.475138
92575,0.475138
92576,0.475138
92577,0.475138
92578,0.475138
92579,0.475138
92580,0.475138
92581,0.475138
92582,0.475138
92583,0.475138
92584,0.475138
92585,0.475138
92586,0.475138
92587,0.475138
92588,0.475138
92589,0.475138
92590,0.475138
92591,0.475138
92592,0.475138
92593,0.475138
92594,0.475138
92595,0.475138
92596,0.475138
92597,0.475138
92598,0.475138
92599,0.475138
92600,0.475138
92601,0.475138
92602,0.475138
92603,0.475138
92604,0.475138
92605,0.475138
92606,0.475138
92607,0.475138
92608,0.475138
92609,0.475138
92610,0.475138
92611,0.475138
92612,0.475138
92613,0.475138
92614,0.475138
92615,0.475138
92616,0.475138
92617,0.475138
92618,0.475138
92619,0.475138
92620,0.475138
92621,0.475138
92622,0.475138
92623,0.475138
92624,0.475138
92625,0.475138
92626,0.475138
92627,0.475138
92628,0.475138
92629,0.475138
92630,0.475138
92631,0.475138
92632,0.475138
92633,0.475138
92634,0.475138
92635,0.475138
92636,0.475138
92637,0.475138
92638,0.475138
92639,0.475138
92640,0.475138
92641,0.475138
92642,0.475138
92643,0.475138
92644,0.475138
92645,0.475138
92646,0.475138
92647,0.475138
92648,0.475138
92649,0.475138
92650,0.475138
92651,0.475138
92652,0.475138
92653,0.475138
92654,0.475138
92655,0.475138
92656,0.475138
92657,0.475138
92658,0.475138
92659,0.475138
92660,0.475138
92661,0.475138
92662,0.475138
92663,0.475138
92664,0.475138
92665,0.475138
92666,0.475138
92667,0.475138
92668,0.475138
92669,0.475138
92670,0.475138
92671,0.475138
92672,0.475138
92673,0.475138
92674,0.475138
92675,0.475138
92676,0.475138
92677,0.475138
92678,0.475138
92679,0.475138
92680,0.475138
92681,0.475138
92682,0.475138
92683,0.475138
92684,0.475138
92685,0.475138
92686,0.475138
92687,0.475138
92688,0.475138
92689,0.475138
92690,0.475138
92691,0.475138
92692,0.475138
92693,0.475138
92694,0.475138
92695,0.475138
92696,0.475138
92697,0.475138
92698,0.475138
92699,0.475138
92700,0.475138
92701,0.475138
92702,0.475138
92703,0.475138
92704,0.475138
92705,0.475138
92706,0.475138
92707,0.475138
92708,0.475138
92709,0.475138
92710,0.475138
92711,0.475138
92712,0.475138
92713,0.475138
92714,0.475138
92715,0.475138
92716,0.475138
92717,0.475138
92718,0.475138
92719,0.475138
92720,0.475138
92721,0.475138
92722,0.475138
92723,0.475138
92724,0.475138
92725,0.475138
92726,0.475138
92727,0.475138
92728,0.475138
92729,0.475138
92730,0.475138
92731,0.475138
92732,0.475138
92733,0.475138
92734,0.475138
92735,0.475138
92736,0.475138
92737,0.475138
92738,0.475138
92739,0.475138
92740,0.475138
92741,0.475138
92742,0.475138
92743,0.475138
92744,0.475138
92745,0.475138
92746,0.475138
92747,0.475138
92748,0.475138
92749,0.475138
92750,0.475138
92751,0.475138
92752,0.475138
92753,0.475138
92754,0.475138
92755,0.475138
92756,0.475138
92757,0.475138
92758,0.475138
92759,0.475138
92760,0.475138
92761,0.475138
92762,0.475138
92763,0.475138
92764,0.475138
92765,0.475138
92766,0.475138
92767,0.475138
92768,0.475138
92769,0.475138
92770,0.475138
92771,0.475138
92772,0.475138
92773,0.475138
92774,0.475138
92775,0.475138
92776,0.475138
92777,0.475138
92778,0.475138
92779,0.475138
92780,0.475138
92781,0.475138
92782,0.475138
92783,0.475138
92784,0.475138
92785,0.475138
92786,0.475138
92787,0.475138
92788,0.475138
92789,0.475138
92790,0.475138
92791,0.475138
92792,0.475138
92793,0.475138
92794,0.475138
92795,0.475138
92796,0.475138
92797,0.475138
92798,0.455592
92799,0.475138
92800,0.475138
92801,0.475138
92802,0.475138
92803,0.475138
92804,0.475138
92805,0.475138
92806,0.475138
92807,0.475138
92808,0.475138
92809,0.475138
92810,0.475138
92811,0.475138
92812,0.475138
92813,0.475138
92814,0.475138
92815,0.475138
92816,0.475138
92817,0.475138
92818,0.475138
92819,0.475138
92820,0.475138
92821,0.475138
92822,0.475138
92823,0.475138
92824,0.475138
92825,0.475138
92826,0.475138
92827,0.475138
92828,0.475138
92829,0.475138
92830,0.475138
92831,0.475138
92832,0.475138
92833,0.475138
92834,0.475138
92835,0.475138
92836,0.475138
92837,0.475138
92838,0.475138
92839,0.475138
92840,0.475138
92841,0.475138
92842,0.475138
92843,0.475138
92844,0.475138
92845,0.475138
92846,0.475138
92847,0.475138
92848,0.475138
92849,0.475138
92850,0.475138
92851,0.475138
92852,0.475138
92853,0.475138
92854,0.475138
92855,0.475138
92856,0.475138
92857,0.475138
92858,0.475138
92859,0.475138
92860,0.475138
92861,0.475138
92862,0.475138
92863,0.475138
92864,0.475138
92865,0.475138
92866,0.475138
92867,0.475138
92868,0.475138
92869,0.475138
92870,0.475138
92871,0.475138
92872,0.475138
92873,0.475138
92874,0.475138
92875,0.475138
92876,0.475138
92877,0.475138
92878,0.475138
92879,0.475138
92880,0.475138
92881,0.475138
92882,0.475138
92883,0.475138
92884,0.475138
92885,0.475138
92886,0.475138
92887,0.475138
92888,0.475138
92889,0.475138
92890,0.475138
92891,0.475138
92892,0.475138
92893,0.475138
92894,0.475138
92895,0.475138
92896,0.475138
92897,0.475138
92898,0.475138
92899,0.475138
92900,0.475138
92901,0.475138
92902,0.475138
92903,0.475138
92904,0.475138
92905,0.475138
92906,0.475138
92907,0.475138
92908,0.475138
92909,0.475138
92910,0.475138
92911,0.475138
92912,0.475138
92913,0.475138
92914,0.475138
92915,0.475138
92916,0.475138
92917,0.475138
92918,0.475138
92919,0.475138
92920,0.475138
92921,0.475138
92922,0.475138
92923,0.475138
92924,0.475138
92925,0.475138
92926,0.475138
92927,0.475138
92928,0.475138
92929,0.475138
92930,0.475138
92931,0.475138
92932,0.475138
92933,0.475138
92934,0.475138
92935,0.475138
92936,0.475138
92937,0.475138
92938,0.475138
92939,0.475138
92940,0.475138
92941,0.475138
92942,0.475138
92943,0.475138
92944,0.475138
92945,0.475138
92946,0.475138
92947,0.475138
92948,0.475138
92949,0.475138
92950,0.475138
92951,0.475138
92952,0.475138
92953,0.475138
92954,0.475138
92955,0.475138
92956,0.475138
92957,0.475138
92958,0.475138
92959,0.475138
92960,0.475138
92961,0.475138
92962,0.475138
92963,0.475138
92964,0.475138
92965,0.475138
92966,0.475138
92967,0.475138
92968,0.475138
92969,0.475138
92970,0.475138
92971,0.475138
92972,0.475138
92973,0.475138
92974,0.475138
92975,0.475138
92976,0.475138
92977,0.475138
92978,0.475138
92979,0.475138
92980,0.475138
92981,0.475138
92982,0.475138
92983,0.475138
92984,0.475138
92985,0.475138
92986,0.475138
92987,0.475138
92988,0.475138
92989,0.475138
92990,0.475138
92991,0.475138
92992,0.475138
92993,0.475138
92994,0.475138
92995,0.475138
92996,0.475138
92997,0.475138
92998,0.475138
92999,0.475138
93000,0.475138
93001,0.475138
93002,0.475138
93003,0.475138
93004,0.475138
93005,0.475138
93006,0.475138
93007,0.475138
93008,0.475138
93009,0.475138
93010,0.475138
93011,0.475138
93012,0.475138
93013,0.475138
93014,0.475138
93015,0.475138
93016,0.475138
93017,0.475138
93018,0.475138
93019,0.475138
93020,0.475138
93021,0.475138
93022,0.475138
93023,0.475138
93024,0.475138
93025,0.475138
93026,0.475138
93027,0.475138
93028,0.475138
93029,0.475138
93030,0.475138
93031,0.475138
93032,0.475138
93033,0.475138
93034,0.475138
93035,0.475138
93036,0.475138
93037,0.475138
93038,0.475138
93039,0.475138
93040,0.475138
93041,0.475138
93042,0.475138
93043,0.475138
93044,0.475138
93045,0.475138
93046,0.475138
93047,0.475138
93048,0.475138
93049,0.475138
93050,0.475138
93051,0.475138
93052,0.475138
93053,0.475138
93054,0.475138
93055,0.475138
93056,0.475138
93057,0.475138
93058,0.475138
93059,0.475138
93060,0.475138
93061,0.475138
93062,0.475138
93063,0.475138
93064,0.475138
93065,0.475138
93066,0.475138
93067,0.475138
93068,0.475138
93069,0.475138
93070,0.475138
93071,0.475138
93072,0.475138
93073,0.475138
93074,0.475138
93075,0.475138
93076,0.475138
93077,0.475138
93078,0.475138
93079,0.475138
93080,0.475138
93081,0.475138
93082,0.475138
93083,0.475138
93084,0.475138
93085,0.475138
93086,0.475138
93087,0.475138
93088,0.475138
93089,0.475138
93090,0.475138
93091,0.475138
93092,0.475138
93093,0.475138
93094,0.475138
93095,0.475138
93096,0.475138
93097,0.475138
93098,0.475138
93099,0.475138
93100,0.475138
93101,0.475138
93102,0.475138
93103,0.475138
93104,0.475138
93105,0.475138
93106,0.475138
93107,0.475138
93108,0.475138
93109,0.475138
93110,0.475138
93111,0.475138
93112,0.475138
93113,0.475138
93114,0.475138
93115,0.475138
93116,0.475138
93117,0.475138
93118,0.475138
93119,0.475138
93120,0.475138
93121,0.475138
93122,0.475138
93123,0.475138
93124,0.475138
93125,0.475138
93126,0.475138
93127,0.475138
93128,0.475138
93129,0.475138
93130,0.475138
93131,0.475138
93132,0.475138
93133,0.475138
93134,0.475138
93135,0.475138
93136,0.475138
93137,0.475138
93138,0.475138
93139,0.475138
93140,0.475138
93141,0.475138
93142,0.475138
93143,0.475138
93144,0.475138
93145,0.475138
93146,0.475138
93147,0.475138
93148,0.475138
93149,0.475138
93150,0.475138
93151,0.475138
93152,0.475138
93153,0.475138
93154,0.475138
93155,0.475138
93156,0.475138
93157,0.475138
93158,0.475138
93159,0.475138
93160,0.475138
93161,0.475138
93162,0.475138
93163,0.475138
93164,0.475138
93165,0.475138
93166,0.475138
93167,0.475138
93168,0.475138
93169,0.475138
93170,0.475138
93171,0.475138
93172,0.475138
93173,0.475138
93174,0.475138
93175,0.475138
93176,0.475138
93177,0.475138
93178,0.475138
93179,0.475138
93180,0.475138
93181,0.475138
93182,0.475138
93183,0.475138
93184,0.475138
93185,0.475138
93186,0.475138
93187,0.475138
93188,0.475138
93189,0.475138
93190,0.475138
93191,0.475138
93192,0.475138
93193,0.475138
93194,0.475138
93195,0.475138
93196,0.475138
93197,0.475138
93198,0.475138
93199,0.475138
93200,0.475138
93201,0.475138
93202,0.475138
93203,0.475138
93204,0.475138
93205,0.475138
93206,0.475138
93207,0.475138
93208,0.475138
93209,0.475138
93210,0.475138
93211,0.475138
93212,0.475138
93213,0.475138
93214,0.475138
93215,0.475138
93216,0.475138
93217,0.475138
93218,0.475138
93219,0.475138
93220,0.475138
93221,0.475138
93222,0.475138
93223,0.475138
93224,0.475138
93225,0.475138
93226,0.475138
93227,0.475138
93228,0.475138
93229,0.475138
93230,0.475138
93231,0.475138
93232,0.475138
93233,0.475138
93234,0.475138
93235,0.475138
93236,0.475138
93237,0.475138
93238,0.475138
93239,0.475138
93240,0.475138
93241,0.475138
93242,0.475138
93243,0.475138
93244,0.475138
93245,0.475138
93246,0.475138
93247,0.475138
93248,0.475138
93249,0.475138
93250,0.475138
93251,0.475138
93252,0.475138
93253,0.475138
93254,0.475138
93255,0.475138
93256,0.475138
93257,0.475138
93258,0.475138
93259,0.475138
93260,0.475138
93261,0.475138
93262,0.475138
93263,0.475138
93264,0.475138
93265,0.475138
93266,0.475138
93267,0.475138
93268,0.475138
93269,0.475138
93270,0.475138
93271,0.475138
93272,0.475138
93273,0.475138
93274,0.475138
93275,0.475138
93276,0.475138
93277,0.475138
93278,0.475138
93279,0.475138
93280,0.475138
93281,0.475138
93282,0.475138
93283,0.475138
93284,0.475138
93285,0.475138
93286,0.475138
93287,0.475138
93288,0.475138
93289,0.475138
93290,0.475138
93291,0.475138
93292,0.475138
93293,0.475138
93294,0.475138
93295,0.475138
93296,0.475138
93297,0.475138
93298,0.475138
93299,0.475138
93300,0.475138
93301,0.475138
93302,0.475138
93303,0.475138
93304,0.475138
93305,0.475138
93306,0.475138
93307,0.475138
93308,0.475138
93309,0.475138
93310,0.475138
93311,0.475138
93312,0.475138
93313,0.475138
93314,0.475138
93315,0.475138
93316,0.475138
93317,0.475138
93318,0.475138
93319,0.475138
93320,0.475138
93321,0.475138
93322,0.475138
93323,0.475138
93324,0.475138
93325,0.475138
93326,0.475138
93327,0.475138
93328,0.475138
93329,0.475138
93330,0.475138
93331,0.475138
93332,0.475138
93333,0.475138
93334,0.475138
93335,0.475138
93336,0.475138
93337,0.475138
93338,0.475138
93339,0.475138
93340,0.475138
93341,0.475138
93342,0.475138
93343,0.475138
93344,0.475138
93345,0.475138
93346,0.475138
93347,0.475138
93348,0.475138
93349,0.475138
93350,0.475138
93351,0.475138
93352,0.475138
93353,0.475138
93354,0.475138
93355,0.475138
93356,0.475138
93357,0.475138
93358,0.475138
93359,0.475138
93360,0.475138
93361,0.475138
93362,0.475138
93363,0.475138
93364,0.475138
93365,0.475138
93366,0.475138
93367,0.475138
93368,0.475138
93369,0.475138
93370,0.475138
93371,0.475138
93372,0.475138
93373,0.475138
93374,0.475138
93375,0.475138
93376,0.475138
93377,0.475138
93378,0.475138
93379,0.475138
93380,0.475138
93381,0.475138
93382,0.475138
93383,0.475138
93384,0.475138
93385,0.475138
93386,0.475138
93387,0.475138
93388,0.475138
93389,0.475138
93390,0.475138
93391,0.475138
93392,0.475138
93393,0.475138
93394,0.475138
93395,0.475138
93396,0.475138
93397,0.475138
93398,0.475138
93399,0.475138
93400,0.475138
93401,0.475138
93402,0.475138
93403,0.475138
93404,0.475138
93405,0.475138
93406,0.475138
93407,0.475138
93408,0.475138
93409,0.475138
93410,0.475138
93411,0.475138
93412,0.475138
93413,0.475138
93414,0.475138
93415,0.475138
93416,0.475138
93417,0.475138
93418,0.475138
93419,0.475138
93420,0.475138
93421,0.475138
93422,0.475138
93423,0.475138
93424,0.475138
93425,0.475138
93426,0.475138
93427,0.475138
93428,0.475138
93429,0.475138
93430,0.475138
93431,0.475138
93432,0.475138
93433,0.475138
93434,0.475138
93435,0.475138
93436,0.475138
93437,0.475138
93438,0.475138
93439,0.475138
93440,0.475138
93441,0.475138
93442,0.475138
93443,0.475138
93444,0.475138
93445,0.475138
93446,0.475138
93447,0.475138
93448,0.475138
93449,0.475138
93450,0.475138
93451,0.475138
93452,0.475138
93453,0.475138
93454,0.475138
93455,0.475138
93456,0.475138
93457,0.475138
93458,0.475138
93459,0.475138
93460,0.475138
93461,0.475138
93462,0.475138
93463,0.475138
93464,0.475138
93465,0.475138
93466,0.475138
93467,0.475138
93468,0.475138
93469,0.475138
93470,0.475138
93471,0.475138
93472,0.475138
93473,0.475138
93474,0.475138
93475,0.475138
93476,0.475138
93477,0.475138
93478,0.475138
93479,0.475138
93480,0.475138
93481,0.475138
93482,0.475138
93483,0.475138
93484,0.475138
93485,0.475138
93486,0.475138
93487,0.475138
93488,0.475138
93489,0.475138
93490,0.475138
93491,0.475138
93492,0.475138
93493,0.475138
93494,0.475138
93495,0.475138
93496,0.475138
93497,0.475138
93498,0.475138
93499,0.475138
93500,0.475138
93501,0.475138
93502,0.475138
93503,0.475138
93504,0.475138
93505,0.475138
93506,0.475138
93507,0.475138
93508,0.475138
93509,0.475138
93510,0.475138
93511,0.475138
93512,0.475138
93513,0.475138
93514,0.475138
93515,0.475138
93516,0.475138
93517,0.475138
93518,0.475138
93519,0.475138
93520,0.475138
93521,0.475138
93522,0.475138
93523,0.475138
93524,0.475138
93525,0.475138
93526,0.475138
93527,0.475138
93528,0.475138
93529,0.475138
93530,0.475138
93531,0.475138
93532,0.475138
93533,0.475138
93534,0.475138
93535,0.475138
93536,0.475138
93537,0.475138
93538,0.475138
93539,0.475138
93540,0.475138
93541,0.475138
93542,0.475138
93543,0.475138
93544,0.475138
93545,0.475138
93546,0.475138
93547,0.475138
93548,0.475138
93549,0.475138
93550,0.475138
93551,0.475138
93552,0.475138
93553,0.475138
93554,0.475138
93555,0.475138
93556,0.475138
93557,0.475138
93558,0.475138
93559,0.475138
93560,0.475138
93561,0.475138
93562,0.475138
93563,0.475138
93564,0.475138
93565,0.475138
93566,0.475138
93567,0.475138
93568,0.475138
93569,0.475138
93570,0.475138
93571,0.475138
93572,0.475138
93573,0.475138
93574,0.475138
93575,0.475138
93576,0.475138
93577,0.475138
93578,0.475138
93579,0.475138
93580,0.475138
93581,0.475138
93582,0.475138
93583,0.475138
93584,0.475138
93585,0.475138
93586,0.475138
93587,0.475138
93588,0.475138
93589,0.475138
93590,0.475138
93591,0.475138
93592,0.475138
93593,0.475138
93594,0.475138
93595,0.475138
93596,0.475138
93597,0.475138
93598,0.475138
93599,0.475138
93600,0.475138
93601,0.475138
93602,0.475138
93603,0.475138
93604,0.475138
93605,0.475138
93606,0.475138
93607,0.475138
93608,0.475138
93609,0.475138
93610,0.475138
93611,0.475138
93612,0.475138
93613,0.475138
93614,0.475138
93615,0.475138
93616,0.475138
93617,0.475138
93618,0.475138
93619,0.475138
93620,0.475138
93621,0.475138
93622,0.475138
93623,0.475138
93624,0.475138
93625,0.475138
93626,0.475138
93627,0.475138
93628,0.475138
93629,0.475138
93630,0.475138
93631,0.475138
93632,0.475138
93633,0.475138
93634,0.475138
93635,0.475138
93636,0.475138
93637,0.475138
93638,0.475138
93639,0.475138
93640,0.475138
93641,0.475138
93642,0.475138
93643,0.475138
93644,0.475138
93645,0.475138
93646,0.475138
93647,0.475138
93648,0.475138
93649,0.475138
93650,0.475138
93651,0.475138
93652,0.475138
93653,0.475138
93654,0.475138
93655,0.475138
93656,0.475138
93657,0.475138
93658,0.475138
93659,0.475138
93660,0.475138
93661,0.475138
93662,0.475138
93663,0.475138
93664,0.475138
93665,0.475138
93666,0.475138
93667,0.475138
93668,0.475138
93669,0.475138
93670,0.475138
93671,0.475138
93672,0.475138
93673,0.475138
93674,0.475138
93675,0.475138
93676,0.475138
93677,0.475138
93678,0.475138
93679,0.475138
93680,0.475138
93681,0.475138
93682,0.475138
93683,0.475138
93684,0.475138
93685,0.475138
93686,0.475138
93687,0.475138
93688,0.475138
93689,0.475138
93690,0.475138
93691,0.475138
93692,0.475138
93693,0.475138
93694,0.475138
93695,0.475138
93696,0.475138
93697,0.475138
93698,0.475138
93699,0.475138
93700,0.475138
93701,0.475138
93702,0.475138
93703,0.475138
93704,0.475138
93705,0.475138
93706,0.475138
93707,0.475138
93708,0.475138
93709,0.475138
93710,0.475138
93711,0.475138
93712,0.475138
93713,0.475138
93714,0.475138
93715,0.475138
93716,0.475138
93717,0.475138
93718,0.475138
93719,0.475138
93720,0.475138
93721,0.475138
93722,0.475138
93723,0.475138
93724,0.475138
93725,0.475138
93726,0.475138
93727,0.475138
93728,0.475138
93729,0.475138
93730,0.475138
93731,0.475138
93732,0.475138
93733,0.475138
93734,0.475138
93735,0.475138
93736,0.475138
93737,0.475138
93738,0.475138
93739,0.475138
93740,0.475138
93741,0.475138
93742,0.475138
93743,0.475138
93744,0.475138
93745,0.475138
93746,0.475138
93747,0.475138
93748,0.475138
93749,0.475138
93750,0.475138
93751,0.475138
93752,0.475138
93753,0.475138
93754,0.475138
93755,0.475138
93756,0.475138
93757,0.475138
93758,0.475138
93759,0.475138
93760,0.475138
93761,0.475138
93762,0.475138
93763,0.475138
93764,0.475138
93765,0.475138
93766,0.475138
93767,0.475138
93768,0.475138
93769,0.475138
93770,0.475138
93771,0.475138
93772,0.475138
93773,0.475138
93774,0.475138
93775,0.475138
93776,0.475138
93777,0.475138
93778,0.475138
93779,0.475138
93780,0.475138
93781,0.475138
93782,0.475138
93783,0.475138
93784,0.475138
93785,0.475138
93786,0.475138
93787,0.475138
93788,0.475138
93789,0.475138
93790,0.475138
93791,0.475138
93792,0.475138
93793,0.475138
93794,0.475138
93795,0.475138
93796,0.475138
93797,0.475138
93798,0.475138
93799,0.475138
93800,0.475138
93801,0.475138
93802,0.475138
93803,0.475138
93804,0.475138
93805,0.475138
93806,0.475138
93807,0.475138
93808,0.475138
93809,0.475138
93810,0.475138
93811,0.475138
93812,0.475138
93813,0.475138
93814,0.475138
93815,0.475138
93816,0.475138
93817,0.475138
93818,0.475138
93819,0.475138
93820,0.475138
93821,0.475138
93822,0.475138
93823,0.475138
93824,0.475138
93825,0.475138
93826,0.475138
93827,0.475138
93828,0.475138
93829,0.475138
93830,0.475138
93831,0.475138
93832,0.475138
93833,0.475138
93834,0.475138
93835,0.475138
93836,0.475138
93837,0.475138
93838,0.475138
93839,0.475138
93840,0.475138
93841,0.475138
93842,0.475138
93843,0.475138
93844,0.475138
93845,0.475138
93846,0.475138
93847,0.475138
93848,0.475138
93849,0.475138
93850,0.475138
93851,0.475138
93852,0.475138
93853,0.475138
93854,0.475138
93855,0.475138
93856,0.475138
93857,0.475138
93858,0.475138
93859,0.475138
93860,0.475138
93861,0.475138
93862,0.475138
93863,0.475138
93864,0.475138
93865,0.475138
93866,0.475138
93867,0.475138
93868,0.475138
93869,0.475138
93870,0.475138
93871,0.475138
93872,0.475138
93873,0.475138
93874,0.475138
93875,0.475138
93876,0.475138
93877,0.475138
93878,0.475138
93879,0.475138
93880,0.475138
93881,0.475138
93882,0.475138
93883,0.475138
93884,0.475138
93885,0.475138
93886,0.475138
93887,0.475138
93888,0.475138
93889,0.475138
93890,0.475138
93891,0.475138
93892,0.475138
93893,0.475138
93894,0.475138
93895,0.475138
93896,0.475138
93897,0.475138
93898,0.475138
93899,0.475138
93900,0.475138
93901,0.475138
93902,0.475138
93903,0.475138
93904,0.475138
93905,0.475138
93906,0.475138
93907,0.475138
93908,0.475138
93909,0.475138
93910,0.475138
93911,0.475138
93912,0.475138
93913,0.475138
93914,0.475138
93915,0.475138
93916,0.475138
93917,0.475138
93918,0.475138
93919,0.475138
93920,0.475138
93921,0.475138
93922,0.475138
93923,0.475138
93924,0.475138
93925,0.475138
93926,0.475138
93927,0.475138
93928,0.475138
93929,0.475138
93930,0.475138
93931,0.475138
93932,0.475138
93933,0.475138
93934,0.475138
93935,0.475138
93936,0.475138
93937,0.475138
93938,0.475138
93939,0.475138
93940,0.475138
93941,0.475138
93942,0.475138
93943,0.475138
93944,0.475138
93945,0.475138
93946,0.475138
93947,0.475138
93948,0.475138
93949,0.475138
93950,0.475138
93951,0.475138
93952,0.475138
93953,0.475138
93954,0.475138
93955,0.475138
93956,0.475138
93957,0.475138
93958,0.475138
93959,0.475138
93960,0.475138
93961,0.475138
93962,0.475138
93963,0.475138
93964,0.475138
93965,0.475138
93966,0.475138
93967,0.475138
93968,0.475138
93969,0.475138
93970,0.475138
93971,0.475138
93972,0.475138
93973,0.475138
93974,0.475138
93975,0.475138
93976,0.475138
93977,0.475138
93978,0.475138
93979,0.475138
93980,0.475138
93981,0.475138
93982,0.475138
93983,0.475138
93984,0.475138
93985,0.475138
93986,0.475138
93987,0.475138
93988,0.475138
93989,0.475138
93990,0.475138
93991,0.475138
93992,0.475138
93993,0.475138
93994,0.475138
93995,0.475138
93996,0.475138
93997,0.475138
93998,0.475138
93999,0.475138
94000,0.475138
94001,0.475138
94002,0.475138
94003,0.475138
94004,0.475138
94005,0.475138
94006,0.475138
94007,0.475138
94008,0.475138
94009,0.475138
94010,0.475138
94011,0.475138
94012,0.475138
94013,0.475138
94014,0.475138
94015,0.475138
94016,0.475138
94017,0.475138
94018,0.475138
94019,0.475138
94020,0.475138
94021,0.475138
94022,0.475138
94023,0.475138
94024,0.475138
94025,0.475138
94026,0.475138
94027,0.475138
94028,0.475138
94029,0.475138
94030,0.475138
94031,0.475138
94032,0.475138
94033,0.475138
94034,0.475138
94035,0.475138
94036,0.475138
94037,0.475138
94038,0.475138
94039,0.475138
94040,0.475138
94041,0.475138
94042,0.475138
94043,0.475138
94044,0.475138
94045,0.475138
94046,0.475138
94047,0.475138
94048,0.475138
94049,0.475138
94050,0.475138
94051,0.475138
94052,0.475138
94053,0.475138
94054,0.475138
94055,0.475138
94056,0.475138
94057,0.475138
94058,0.475138
94059,0.475138
94060,0.475138
94061,0.475138
94062,0.475138
94063,0.475138
94064,0.475138
94065,0.475138
94066,0.475138
94067,0.475138
94068,0.475138
94069,0.475138
94070,0.475138
94071,0.475138
94072,0.475138
94073,0.475138
94074,0.475138
94075,0.475138
94076,0.475138
94077,0.475138
94078,0.475138
94079,0.475138
94080,0.475138
94081,0.475138
94082,0.475138
94083,0.475138
94084,0.475138
94085,0.475138
94086,0.475138
94087,0.475138
94088,0.475138
94089,0.475138
94090,0.475138
94091,0.475138
94092,0.475138
94093,0.475138
94094,0.475138
94095,0.475138
94096,0.475138
94097,0.475138
94098,0.475138
94099,0.475138
94100,0.475138
94101,0.475138
94102,0.475138
94103,0.475138
94104,0.475138
94105,0.475138
94106,0.475138
94107,0.475138
94108,0.475138
94109,0.475138
94110,0.475138
94111,0.475138
94112,0.475138
94113,0.475138
94114,0.475138
94115,0.475138
94116,0.475138
94117,0.475138
94118,0.475138
94119,0.475138
94120,0.475138
94121,0.475138
94122,0.475138
94123,0.475138
94124,0.475138
94125,0.475138
94126,0.475138
94127,0.475138
94128,0.475138
94129,0.475138
94130,0.475138
94131,0.475138
94132,0.475138
94133,0.475138
94134,0.475138
94135,0.475138
94136,0.475138
94137,0.475138
94138,0.475138
94139,0.475138
94140,0.475138
94141,0.475138
94142,0.475138
94143,0.475138
94144,0.475138
94145,0.475138
94146,0.475138
94147,0.475138
94148,0.475138
94149,0.475138
94150,0.475138
94151,0.475138
94152,0.475138
94153,0.475138
94154,0.475138
94155,0.475138
94156,0.475138
94157,0.475138
94158,0.475138
94159,0.475138
94160,0.475138
94161,0.475138
94162,0.475138
94163,0.475138
94164,0.475138
94165,0.475138
94166,0.475138
94167,0.475138
94168,0.475138
94169,0.475138
94170,0.475138
94171,0.475138
94172,0.475138
94173,0.475138
94174,0.475138
94175,0.475138
94176,0.475138
94177,0.475138
94178,0.475138
94179,0.475138
94180,0.475138
94181,0.475138
94182,0.475138
94183,0.475138
94184,0.475138
94185,0.475138
94186,0.475138
94187,0.475138
94188,0.475138
94189,0.475138
94190,0.475138
94191,0.475138
94192,0.475138
94193,0.475138
94194,0.475138
94195,0.475138
94196,0.475138
94197,0.475138
94198,0.475138
94199,0.475138
94200,0.475138
94201,0.475138
94202,0.475138
94203,0.475138
94204,0.475138
94205,0.475138
94206,0.475138
94207,0.475138
94208,0.475138
94209,0.475138
94210,0.475138
94211,0.475138
94212,0.475138
94213,0.475138
94214,0.475138
94215,0.475138
94216,0.475138
94217,0.475138
94218,0.475138
94219,0.475138
94220,0.475138
94221,0.475138
94222,0.475138
94223,0.475138
94224,0.475138
94225,0.475138
94226,0.475138
94227,0.475138
94228,0.475138
94229,0.475138
94230,0.475138
94231,0.475138
94232,0.475138
94233,0.475138
94234,0.475138
94235,0.475138
94236,0.475138
94237,0.475138
94238,0.475138
94239,0.475138
94240,0.475138
94241,0.475138
94242,0.475138
94243,0.475138
94244,0.475138
94245,0.475138
94246,0.475138
94247,0.475138
94248,0.475138
94249,0.475138
94250,0.475138
94251,0.475138
94252,0.475138
94253,0.475138
94254,0.475138
94255,0.475138
94256,0.475138
94257,0.475138
94258,0.475138
94259,0.475138
94260,0.475138
94261,0.475138
94262,0.475138
94263,0.475138
94264,0.475138
94265,0.475138
94266,0.475138
94267,0.475138
94268,0.475138
94269,0.475138
94270,0.475138
94271,0.475138
94272,0.475138
94273,0.475138
94274,0.475138
94275,0.475138
94276,0.475138
94277,0.475138
94278,0.475138
94279,0.475138
94280,0.475138
94281,0.475138
94282,0.475138
94283,0.475138
94284,0.475138
94285,0.475138
94286,0.475138
94287,0.475138
94288,0.475138
94289,0.475138
94290,0.475138
94291,0.475138
94292,0.475138
94293,0.475138
94294,0.475138
94295,0.475138
94296,0.475138
94297,0.475138
94298,0.475138
94299,0.475138
94300,0.475138
94301,0.475138
94302,0.475138
94303,0.475138
94304,0.475138
94305,0.475138
94306,0.475138
94307,0.475138
94308,0.475138
94309,0.475138
94310,0.475138
94311,0.475138
94312,0.475138
94313,0.475138
94314,0.475138
94315,0.475138
94316,0.475138
94317,0.475138
94318,0.475138
94319,0.475138
94320,0.475138
94321,0.475138
94322,0.475138
94323,0.475138
94324,0.475138
94325,0.475138
94326,0.475138
94327,0.475138
94328,0.475138
94329,0.475138
94330,0.475138
94331,0.475138
94332,0.475138
94333,0.475138
94334,0.475138
94335,0.475138
94336,0.475138
94337,0.475138
94338,0.475138
94339,0.475138
94340,0.475138
94341,0.475138
94342,0.475138
94343,0.475138
94344,0.475138
94345,0.475138
94346,0.475138
94347,0.475138
94348,0.475138
94349,0.475138
94350,0.475138
94351,0.475138
94352,0.475138
94353,0.475138
94354,0.475138
94355,0.475138
94356,0.475138
94357,0.475138
94358,0.475138
94359,0.475138
94360,0.475138
94361,0.475138
94362,0.475138
94363,0.475138
94364,0.475138
94365,0.475138
94366,0.475138
94367,0.475138
94368,0.475138
94369,0.475138
94370,0.475138
94371,0.475138
94372,0.475138
94373,0.475138
94374,0.475138
94375,0.475138
94376,0.475138
94377,0.475138
94378,0.475138
94379,0.475138
94380,0.475138
94381,0.475138
94382,0.475138
94383,0.475138
94384,0.475138
94385,0.475138
94386,0.475138
94387,0.475138
94388,0.475138
94389,0.475138
94390,0.475138
94391,0.475138
94392,0.475138
94393,0.475138
94394,0.475138
94395,0.475138
94396,0.475138
94397,0.475138
94398,0.475138
94399,0.475138
94400,0.475138
94401,0.475138
94402,0.475138
94403,0.475138
94404,0.475138
94405,0.475138
94406,0.475138
94407,0.475138
94408,0.475138
94409,0.475138
94410,0.475138
94411,0.475138
94412,0.475138
94413,0.475138
94414,0.475138
94415,0.475138
94416,0.475138
94417,0.475138
94418,0.475138
94419,0.475138
94420,0.475138
94421,0.475138
94422,0.475138
94423,0.475138
94424,0.475138
94425,0.475138
94426,0.475138
94427,0.475138
94428,0.475138
94429,0.475138
94430,0.475138
94431,0.475138
94432,0.475138
94433,0.475138
94434,0.475138
94435,0.475138
94436,0.475138
94437,0.475138
94438,0.475138
94439,0.475138
94440,0.475138
94441,0.475138
94442,0.475138
94443,0.475138
94444,0.475138
94445,0.475138
94446,0.475138
94447,0.475138
94448,0.475138
94449,0.475138
94450,0.475138
94451,0.475138
94452,0.475138
94453,0.475138
94454,0.475138
94455,0.475138
94456,0.475138
94457,0.475138
94458,0.475138
94459,0.475138
94460,0.475138
94461,0.475138
94462,0.475138
94463,0.475138
94464,0.475138
94465,0.475138
94466,0.475138
94467,0.475138
94468,0.475138
94469,0.475138
94470,0.475138
94471,0.475138
94472,0.475138
94473,0.475138
94474,0.475138
94475,0.475138
94476,0.475138
94477,0.475138
94478,0.475138
94479,0.475138
94480,0.475138
94481,0.475138
94482,0.475138
94483,0.475138
94484,0.475138
94485,0.475138
94486,0.475138
94487,0.475138
94488,0.475138
94489,0.475138
94490,0.475138
94491,0.475138
94492,0.475138
94493,0.475138
94494,0.475138
94495,0.475138
94496,0.475138
94497,0.475138
94498,0.475138
94499,0.475138
94500,0.475138
94501,0.475138
94502,0.475138
94503,0.475138
94504,0.475138
94505,0.475138
94506,0.475138
94507,0.475138
94508,0.475138
94509,0.475138
94510,0.475138
94511,0.475138
94512,0.475138
94513,0.475138
94514,0.475138
94515,0.475138
94516,0.475138
94517,0.475138
94518,0.475138
94519,0.475138
94520,0.475138
94521,0.475138
94522,0.475138
94523,0.475138
94524,0.475138
94525,0.475138
94526,0.475138
94527,0.475138
94528,0.475138
94529,0.475138
94530,0.475138
94531,0.475138
94532,0.475138
94533,0.475138
94534,0.475138
94535,0.475138
94536,0.475138
94537,0.475138
94538,0.475138
94539,0.475138
94540,0.475138
94541,0.475138
94542,0.475138
94543,0.475138
94544,0.475138
94545,0.475138
94546,0.475138
94547,0.475138
94548,0.475138
94549,0.475138
94550,0.475138
94551,0.475138
94552,0.475138
94553,0.475138
94554,0.475138
94555,0.475138
94556,0.475138
94557,0.475138
94558,0.475138
94559,0.475138
94560,0.475138
94561,0.475138
94562,0.475138
94563,0.475138
94564,0.475138
94565,0.475138
94566,0.475138
94567,0.475138
94568,0.475138
94569,0.475138
94570,0.475138
94571,0.475138
94572,0.475138
94573,0.475138
94574,0.475138
94575,0.475138
94576,0.475138
94577,0.475138
94578,0.475138
94579,0.475138
94580,0.475138
94581,0.475138
94582,0.475138
94583,0.475138
94584,0.475138
94585,0.475138
94586,0.475138
94587,0.475138
94588,0.475138
94589,0.475138
94590,0.475138
94591,0.475138
94592,0.475138
94593,0.475138
94594,0.475138
94595,0.475138
94596,0.475138
94597,0.475138
94598,0.475138
94599,0.475138
94600,0.475138
94601,0.475138
94602,0.475138
94603,0.475138
94604,0.475138
94605,0.475138
94606,0.475138
94607,0.475138
94608,0.475138
94609,0.475138
94610,0.475138
94611,0.475138
94612,0.475138
94613,0.475138
94614,0.475138
94615,0.475138
94616,0.475138
94617,0.475138
94618,0.475138
94619,0.475138
94620,0.475138
94621,0.475138
94622,0.475138
94623,0.475138
94624,0.475138
94625,0.475138
94626,0.475138
94627,0.475138
94628,0.475138
94629,0.475138
94630,0.475138
94631,0.475138
94632,0.475138
94633,0.475138
94634,0.475138
94635,0.475138
94636,0.475138
94637,0.475138
94638,0.475138
94639,0.475138
94640,0.475138
94641,0.475138
94642,0.475138
94643,0.475138
94644,0.475138
94645,0.475138
94646,0.475138
94647,0.475138
94648,0.475138
94649,0.475138
94650,0.475138
94651,0.475138
94652,0.475138
94653,0.475138
94654,0.475138
94655,0.475138
94656,0.475138
94657,0.475138
94658,0.475138
94659,0.475138
94660,0.475138
94661,0.475138
94662,0.475138
94663,0.475138
94664,0.475138
94665,0.475138
94666,0.475138
94667,0.475138
94668,0.475138
94669,0.475138
94670,0.475138
94671,0.475138
94672,0.475138
94673,0.475138
94674,0.475138
94675,0.475138
94676,0.475138
94677,0.475138
94678,0.475138
94679,0.475138
94680,0.475138
94681,0.475138
94682,0.475138
94683,0.475138
94684,0.475138
94685,0.475138
94686,0.475138
94687,0.475138
94688,0.475138
94689,0.475138
94690,0.475138
94691,0.475138
94692,0.475138
94693,0.475138
94694,0.475138
94695,0.475138
94696,0.475138
94697,0.475138
94698,0.475138
94699,0.475138
94700,0.475138
94701,0.475138
94702,0.475138
94703,0.475138
94704,0.475138
94705,0.475138
94706,0.475138
94707,0.475138
94708,0.475138
94709,0.475138
94710,0.475138
94711,0.475138
94712,0.475138
94713,0.475138
94714,0.475138
94715,0.475138
94716,0.475138
94717,0.475138
94718,0.475138
94719,0.475138
94720,0.475138
94721,0.475138
94722,0.475138
94723,0.475138
94724,0.475138
94725,0.475138
94726,0.475138
94727,0.475138
94728,0.475138
94729,0.475138
94730,0.475138
94731,0.475138
94732,0.475138
94733,0.475138
94734,0.475138
94735,0.475138
94736,0.475138
94737,0.475138
94738,0.475138
94739,0.475138
94740,0.475138
94741,0.475138
94742,0.475138
94743,0.475138
94744,0.475138
94745,0.475138
94746,0.475138
94747,0.475138
94748,0.475138
94749,0.475138
94750,0.475138
94751,0.475138
94752,0.475138
94753,0.475138
94754,0.475138
94755,0.475138
94756,0.475138
94757,0.475138
94758,0.475138
94759,0.475138
94760,0.475138
94761,0.475138
94762,0.475138
94763,0.475138
94764,0.475138
94765,0.475138
94766,0.475138
94767,0.475138
94768,0.475138
94769,0.475138
94770,0.475138
94771,0.475138
94772,0.475138
94773,0.475138
94774,0.475138
94775,0.475138
94776,0.475138
94777,0.475138
94778,0.475138
94779,0.475138
94780,0.475138
94781,0.475138
94782,0.475138
94783,0.475138
94784,0.475138
94785,0.475138
94786,0.475138
94787,0.475138
94788,0.475138
94789,0.475138
94790,0.475138
94791,0.475138
94792,0.475138
94793,0.475138
94794,0.475138
94795,0.475138
94796,0.475138
94797,0.475138
94798,0.475138
94799,0.475138
94800,0.475138
94801,0.475138
94802,0.475138
94803,0.475138
94804,0.475138
94805,0.475138
94806,0.475138
94807,0.475138
94808,0.475138
94809,0.475138
94810,0.475138
94811,0.475138
94812,0.475138
94813,0.475138
94814,0.475138
94815,0.475138
94816,0.475138
94817,0.475138
94818,0.475138
94819,0.475138
94820,0.475138
94821,0.475138
94822,0.475138
94823,0.475138
94824,0.475138
94825,0.475138
94826,0.475138
94827,0.475138
94828,0.475138
94829,0.475138
94830,0.475138
94831,0.475138
94832,0.475138
94833,0.475138
94834,0.475138
94835,0.475138
94836,0.475138
94837,0.475138
94838,0.475138
94839,0.475138
94840,0.475138
94841,0.475138
94842,0.475138
94843,0.475138
94844,0.475138
94845,0.475138
94846,0.475138
94847,0.475138
94848,0.475138
94849,0.475138
94850,0.475138
94851,0.475138
94852,0.475138
94853,0.475138
94854,0.475138
94855,0.475138
94856,0.475138
94857,0.475138
94858,0.475138
94859,0.475138
94860,0.475138
94861,0.475138
94862,0.475138
94863,0.475138
94864,0.475138
94865,0.475138
94866,0.475138
94867,0.475138
94868,0.475138
94869,0.475138
94870,0.475138
94871,0.475138
94872,0.475138
94873,0.475138
94874,0.475138
94875,0.475138
94876,0.475138
94877,0.475138
94878,0.475138
94879,0.475138
94880,0.475138
94881,0.475138
94882,0.475138
94883,0.475138
94884,0.475138
94885,0.475138
94886,0.475138
94887,0.475138
94888,0.475138
94889,0.475138
94890,0.475138
94891,0.475138
94892,0.475138
94893,0.475138
94894,0.475138
94895,0.475138
94896,0.475138
94897,0.475138
94898,0.475138
94899,0.475138
94900,0.475138
94901,0.475138
94902,0.475138
94903,0.475138
94904,0.475138
94905,0.475138
94906,0.475138
94907,0.475138
94908,0.475138
94909,0.475138
94910,0.475138
94911,0.475138
94912,0.475138
94913,0.475138
94914,0.475138
94915,0.475138
94916,0.475138
94917,0.475138
94918,0.475138
94919,0.475138
94920,0.475138
94921,0.475138
94922,0.475138
94923,0.475138
94924,0.475138
94925,0.475138
94926,0.475138
94927,0.475138
94928,0.475138
94929,0.475138
94930,0.475138
94931,0.475138
94932,0.475138
94933,0.475138
94934,0.475138
94935,0.475138
94936,0.475138
94937,0.475138
94938,0.475138
94939,0.475138
94940,0.475138
94941,0.475138
94942,0.475138
94943,0.475138
94944,0.475138
94945,0.475138
94946,0.475138
94947,0.475138
94948,0.475138
94949,0.475138
94950,0.475138
94951,0.475138
94952,0.475138
94953,0.475138
94954,0.475138
94955,0.475138
94956,0.475138
94957,0.475138
94958,0.475138
94959,0.475138
94960,0.475138
94961,0.475138
94962,0.475138
94963,0.475138
94964,0.475138
94965,0.475138
94966,0.475138
94967,0.475138
94968,0.475138
94969,0.475138
94970,0.475138
94971,0.475138
94972,0.475138
94973,0.475138
94974,0.475138
94975,0.475138
94976,0.475138
94977,0.475138
94978,0.475138
94979,0.475138
94980,0.475138
94981,0.475138
94982,0.475138
94983,0.475138
94984,0.475138
94985,0.475138
94986,0.475138
94987,0.475138
94988,0.475138
94989,0.475138
94990,0.475138
94991,0.475138
94992,0.475138
94993,0.475138
94994,0.475138
94995,0.475138
94996,0.475138
94997,0.475138
94998,0.475138
94999,0.475138
95000,0.475138
95001,0.475138
95002,0.475138
95003,0.475138
95004,0.475138
95005,0.475138
95006,0.475138
95007,0.475138
95008,0.475138
95009,0.475138
95010,0.475138
95011,0.475138
95012,0.475138
95013,0.475138
95014,0.475138
95015,0.475138
95016,0.475138
95017,0.475138
95018,0.475138
95019,0.475138
95020,0.475138
95021,0.475138
95022,0.475138
95023,0.475138
95024,0.475138
95025,0.475138
95026,0.475138
95027,0.475138
95028,0.475138
95029,0.475138
95030,0.475138
95031,0.475138
95032,0.475138
95033,0.475138
95034,0.475138
95035,0.475138
95036,0.475138
95037,0.475138
95038,0.475138
95039,0.475138
95040,0.475138
95041,0.475138
95042,0.475138
95043,0.475138
95044,0.475138
95045,0.475138
95046,0.475138
95047,0.475138
95048,0.475138
95049,0.475138
95050,0.475138
95051,0.475138
95052,0.475138
95053,0.475138
95054,0.475138
95055,0.475138
95056,0.475138
95057,0.475138
95058,0.475138
95059,0.475138
95060,0.475138
95061,0.475138
95062,0.475138
95063,0.475138
95064,0.475138
95065,0.475138
95066,0.475138
95067,0.475138
95068,0.475138
95069,0.475138
95070,0.475138
95071,0.475138
95072,0.475138
95073,0.475138
95074,0.475138
95075,0.475138
95076,0.475138
95077,0.475138
95078,0.475138
95079,0.475138
95080,0.475138
95081,0.475138
95082,0.475138
95083,0.475138
95084,0.475138
95085,0.475138
95086,0.475138
95087,0.475138
95088,0.475138
95089,0.475138
95090,0.475138
95091,0.475138
95092,0.475138
95093,0.475138
95094,0.475138
95095,0.475138
95096,0.475138
95097,0.475138
95098,0.475138
95099,0.475138
95100,0.475138
95101,0.475138
95102,0.475138
95103,0.475138
95104,0.475138
95105,0.475138
95106,0.475138
95107,0.475138
95108,0.475138
95109,0.475138
95110,0.475138
95111,0.475138
95112,0.475138
95113,0.475138
95114,0.475138
95115,0.475138
95116,0.475138
95117,0.475138
95118,0.475138
95119,0.475138
95120,0.475138
95121,0.475138
95122,0.475138
95123,0.475138
95124,0.475138
95125,0.475138
95126,0.475138
95127,0.475138
95128,0.475138
95129,0.475138
95130,0.475138
95131,0.475138
95132,0.475138
95133,0.475138
95134,0.475138
95135,0.475138
95136,0.475138
95137,0.475138
95138,0.475138
95139,0.475138
95140,0.475138
95141,0.475138
95142,0.475138
95143,0.475138
95144,0.475138
95145,0.475138
95146,0.475138
95147,0.475138
95148,0.475138
95149,0.475138
95150,0.475138
95151,0.475138
95152,0.475138
95153,0.475138
95154,0.475138
95155,0.475138
95156,0.475138
95157,0.475138
95158,0.475138
95159,0.475138
95160,0.475138
95161,0.475138
95162,0.475138
95163,0.475138
95164,0.475138
95165,0.475138
95166,0.475138
95167,0.475138
95168,0.475138
95169,0.475138
95170,0.475138
95171,0.475138
95172,0.475138
95173,0.475138
95174,0.475138
95175,0.475138
95176,0.475138
95177,0.475138
95178,0.475138
95179,0.475138
95180,0.475138
95181,0.475138
95182,0.475138
95183,0.475138
95184,0.475138
95185,0.475138
95186,0.475138
95187,0.475138
95188,0.475138
95189,0.475138
95190,0.475138
95191,0.475138
95192,0.475138
95193,0.475138
95194,0.475138
95195,0.475138
95196,0.475138
95197,0.475138
95198,0.475138
95199,0.475138
95200,0.475138
95201,0.475138
95202,0.475138
95203,0.475138
95204,0.475138
95205,0.475138
95206,0.475138
95207,0.475138
95208,0.475138
95209,0.475138
95210,0.475138
95211,0.475138
95212,0.475138
95213,0.475138
95214,0.475138
95215,0.475138
95216,0.475138
95217,0.475138
95218,0.475138
95219,0.475138
95220,0.475138
95221,0.475138
95222,0.475138
95223,0.475138
95224,0.475138
95225,0.475138
95226,0.475138
95227,0.475138
95228,0.475138
95229,0.475138
95230,0.475138
95231,0.475138
95232,0.475138
95233,0.475138
95234,0.475138
95235,0.475138
95236,0.475138
95237,0.475138
95238,0.475138
95239,0.475138
95240,0.475138
95241,0.475138
95242,0.475138
95243,0.475138
95244,0.475138
95245,0.475138
95246,0.475138
95247,0.475138
95248,0.475138
95249,0.475138
95250,0.475138
95251,0.475138
95252,0.475138
95253,0.475138
95254,0.475138
95255,0.475138
95256,0.475138
95257,0.475138
95258,0.475138
95259,0.475138
95260,0.475138
95261,0.475138
95262,0.475138
95263,0.475138
95264,0.475138
95265,0.475138
95266,0.475138
95267,0.475138
95268,0.475138
95269,0.475138
95270,0.475138
95271,0.475138
95272,0.475138
95273,0.475138
95274,0.475138
95275,0.475138
95276,0.475138
95277,0.475138
95278,0.475138
95279,0.475138
95280,0.475138
95281,0.475138
95282,0.475138
95283,0.475138
95284,0.475138
95285,0.475138
95286,0.475138
95287,0.475138
95288,0.475138
95289,0.475138
95290,0.475138
95291,0.475138
95292,0.475138
95293,0.475138
95294,0.475138
95295,0.475138
95296,0.475138
95297,0.475138
95298,0.475138
95299,0.475138
95300,0.475138
95301,0.475138
95302,0.475138
95303,0.475138
95304,0.475138
95305,0.475138
95306,0.475138
95307,0.475138
95308,0.475138
95309,0.475138
95310,0.475138
95311,0.475138
95312,0.475138
95313,0.475138
95314,0.475138
95315,0.475138
95316,0.475138
95317,0.475138
95318,0.475138
95319,0.475138
95320,0.475138
95321,0.475138
95322,0.475138
95323,0.475138
95324,0.475138
95325,0.475138
95326,0.475138
95327,0.475138
95328,0.475138
95329,0.475138
95330,0.475138
95331,0.475138
95332,0.475138
95333,0.475138
95334,0.475138
95335,0.475138
95336,0.475138
95337,0.475138
95338,0.475138
95339,0.475138
95340,0.475138
95341,0.475138
95342,0.475138
95343,0.475138
95344,0.475138
95345,0.475138
95346,0.475138
95347,0.475138
95348,0.475138
95349,0.475138
95350,0.475138
95351,0.475138
95352,0.475138
95353,0.475138
95354,0.475138
95355,0.475138
95356,0.475138
95357,0.475138
95358,0.475138
95359,0.475138
95360,0.475138
95361,0.475138
95362,0.475138
95363,0.475138
95364,0.475138
95365,0.475138
95366,0.475138
95367,0.475138
95368,0.475138
95369,0.475138
95370,0.475138
95371,0.475138
95372,0.475138
95373,0.475138
95374,0.475138
95375,0.475138
95376,0.475138
95377,0.475138
95378,0.475138
95379,0.475138
95380,0.475138
95381,0.475138
95382,0.475138
95383,0.475138
95384,0.475138
95385,0.475138
95386,0.475138
95387,0.475138
95388,0.475138
95389,0.475138
95390,0.475138
95391,0.475138
95392,0.475138
95393,0.475138
95394,0.475138
95395,0.475138
95396,0.475138
95397,0.475138
95398,0.475138
95399,0.475138
95400,0.475138
95401,0.475138
95402,0.475138
95403,0.475138
95404,0.475138
95405,0.475138
95406,0.475138
95407,0.475138
95408,0.475138
95409,0.475138
95410,0.475138
95411,0.475138
95412,0.475138
95413,0.475138
95414,0.475138
95415,0.475138
95416,0.475138
95417,0.475138
95418,0.475138
95419,0.475138
95420,0.475138
95421,0.475138
95422,0.475138
95423,0.475138
95424,0.475138
95425,0.475138
95426,0.475138
95427,0.475138
95428,0.475138
95429,0.475138
95430,0.475138
95431,0.475138
95432,0.475138
95433,0.475138
95434,0.475138
95435,0.475138
95436,0.475138
95437,0.475138
95438,0.475138
95439,0.475138
95440,0.475138
95441,0.475138
95442,0.475138
95443,0.475138
95444,0.475138
95445,0.475138
95446,0.475138
95447,0.475138
95448,0.475138
95449,0.475138
95450,0.475138
95451,0.475138
95452,0.475138
95453,0.475138
95454,0.475138
95455,0.475138
95456,0.475138
95457,0.475138
95458,0.475138
95459,0.475138
95460,0.475138
95461,0.475138
95462,0.475138
95463,0.475138
95464,0.475138
95465,0.475138
95466,0.475138
95467,0.475138
95468,0.475138
95469,0.475138
95470,0.475138
95471,0.475138
95472,0.475138
95473,0.475138
95474,0.475138
95475,0.475138
95476,0.475138
95477,0.475138
95478,0.475138
95479,0.475138
95480,0.475138
95481,0.475138
95482,0.475138
95483,0.475138
95484,0.475138
95485,0.475138
95486,0.475138
95487,0.475138
95488,0.475138
95489,0.475138
95490,0.475138
95491,0.475138
95492,0.475138
95493,0.475138
95494,0.475138
95495,0.475138
95496,0.475138
95497,0.475138
95498,0.475138
95499,0.475138
95500,0.475138
95501,0.475138
95502,0.475138
95503,0.475138
95504,0.475138
95505,0.475138
95506,0.475138
95507,0.475138
95508,0.475138
95509,0.475138
95510,0.475138
95511,0.475138
95512,0.475138
95513,0.475138
95514,0.475138
95515,0.475138
95516,0.475138
95517,0.475138
95518,0.475138
95519,0.475138
95520,0.475138
95521,0.475138
95522,0.475138
95523,0.475138
95524,0.475138
95525,0.475138
95526,0.475138
95527,0.475138
95528,0.475138
95529,0.475138
95530,0.475138
95531,0.475138
95532,0.475138
95533,0.475138
95534,0.475138
95535,0.475138
95536,0.475138
95537,0.475138
95538,0.475138
95539,0.475138
95540,0.475138
95541,0.475138
95542,0.475138
95543,0.475138
95544,0.475138
95545,0.475138
95546,0.475138
95547,0.475138
95548,0.475138
95549,0.475138
95550,0.475138
95551,0.475138
95552,0.475138
95553,0.475138
95554,0.475138
95555,0.475138
95556,0.475138
95557,0.475138
95558,0.475138
95559,0.475138
95560,0.475138
95561,0.475138
95562,0.475138
95563,0.475138
95564,0.475138
95565,0.475138
95566,0.475138
95567,0.475138
95568,0.475138
95569,0.475138
95570,0.475138
95571,0.475138
95572,0.475138
95573,0.475138
95574,0.475138
95575,0.475138
95576,0.475138
95577,0.475138
95578,0.475138
95579,0.475138
95580,0.475138
95581,0.475138
95582,0.475138
95583,0.475138
95584,0.475138
95585,0.475138
95586,0.475138
95587,0.475138
95588,0.475138
95589,0.475138
95590,0.475138
95591,0.475138
95592,0.475138
95593,0.475138
95594,0.475138
95595,0.475138
95596,0.475138
95597,0.475138
95598,0.475138
95599,0.475138
95600,0.475138
95601,0.475138
95602,0.475138
95603,0.475138
95604,0.475138
95605,0.475138
95606,0.475138
95607,0.475138
95608,0.475138
95609,0.475138
95610,0.475138
95611,0.475138
95612,0.475138
95613,0.475138
95614,0.475138
95615,0.475138
95616,0.475138
95617,0.475138
95618,0.475138
95619,0.475138
95620,0.475138
95621,0.475138
95622,0.475138
95623,0.475138
95624,0.475138
95625,0.475138
95626,0.475138
95627,0.475138
95628,0.475138
95629,0.475138
95630,0.475138
95631,0.475138
95632,0.475138
95633,0.475138
95634,0.475138
95635,0.475138
95636,0.475138
95637,0.475138
95638,0.475138
95639,0.475138
95640,0.475138
95641,0.475138
95642,0.475138
95643,0.475138
95644,0.475138
95645,0.475138
95646,0.475138
95647,0.475138
95648,0.475138
95649,0.475138
95650,0.475138
95651,0.475138
95652,0.475138
95653,0.475138
95654,0.475138
95655,0.475138
95656,0.475138
95657,0.475138
95658,0.475138
95659,0.475138
95660,0.475138
95661,0.475138
95662,0.475138
95663,0.475138
95664,0.475138
95665,0.475138
95666,0.475138
95667,0.475138
95668,0.475138
95669,0.475138
95670,0.475138
95671,0.475138
95672,0.475138
95673,0.475138
95674,0.475138
95675,0.475138
95676,0.475138
95677,0.475138
95678,0.475138
95679,0.475138
95680,0.475138
95681,0.475138
95682,0.475138
95683,0.475138
95684,0.475138
95685,0.475138
95686,0.475138
95687,0.475138
95688,0.475138
95689,0.475138
95690,0.475138
95691,0.475138
95692,0.475138
95693,0.475138
95694,0.475138
95695,0.475138
95696,0.475138
95697,0.475138
95698,0.475138
95699,0.475138
95700,0.475138
95701,0.475138
95702,0.475138
95703,0.475138
95704,0.475138
95705,0.475138
95706,0.475138
95707,0.475138
95708,0.475138
95709,0.475138
95710,0.475138
95711,0.475138
95712,0.475138
95713,0.475138
95714,0.475138
95715,0.475138
95716,0.475138
95717,0.475138
95718,0.475138
95719,0.475138
95720,0.475138
95721,0.475138
95722,0.475138
95723,0.475138
95724,0.475138
95725,0.475138
95726,0.475138
95727,0.475138
95728,0.475138
95729,0.475138
95730,0.475138
95731,0.475138
95732,0.475138
95733,0.475138
95734,0.475138
95735,0.475138
95736,0.475138
95737,0.475138
95738,0.475138
95739,0.475138
95740,0.475138
95741,0.475138
95742,0.475138
95743,0.475138
95744,0.475138
95745,0.475138
95746,0.475138
95747,0.475138
95748,0.475138
95749,0.475138
95750,0.475138
95751,0.475138
95752,0.475138
95753,0.475138
95754,0.475138
95755,0.475138
95756,0.475138
95757,0.475138
95758,0.475138
95759,0.475138
95760,0.475138
95761,0.475138
95762,0.475138
95763,0.475138
95764,0.475138
95765,0.475138
95766,0.475138
95767,0.475138
95768,0.475138
95769,0.475138
95770,0.475138
95771,0.475138
95772,0.475138
95773,0.475138
95774,0.475138
95775,0.475138
95776,0.475138
95777,0.475138
95778,0.475138
95779,0.475138
95780,0.475138
95781,0.475138
95782,0.475138
95783,0.475138
95784,0.475138
95785,0.475138
95786,0.475138
95787,0.475138
95788,0.475138
95789,0.475138
95790,0.475138
95791,0.475138
95792,0.475138
95793,0.475138
95794,0.475138
95795,0.475138
95796,0.475138
95797,0.475138
95798,0.475138
95799,0.475138
95800,0.475138
95801,0.475138
95802,0.475138
95803,0.475138
95804,0.475138
95805,0.475138
95806,0.475138
95807,0.475138
95808,0.475138
95809,0.475138
95810,0.475138
95811,0.475138
95812,0.475138
95813,0.475138
95814,0.475138
95815,0.475138
95816,0.475138
95817,0.475138
95818,0.475138
95819,0.475138
95820,0.475138
95821,0.475138
95822,0.475138
95823,0.475138
95824,0.475138
95825,0.475138
95826,0.475138
95827,0.475138
95828,0.475138
95829,0.475138
95830,0.475138
95831,0.475138
95832,0.475138
95833,0.475138
95834,0.475138
95835,0.475138
95836,0.475138
95837,0.475138
95838,0.475138
95839,0.475138
95840,0.475138
95841,0.475138
95842,0.475138
95843,0.475138
95844,0.475138
95845,0.475138
95846,0.475138
95847,0.475138
95848,0.475138
95849,0.475138
95850,0.475138
95851,0.475138
95852,0.475138
95853,0.475138
95854,0.475138
95855,0.475138
95856,0.475138
95857,0.475138
95858,0.475138
95859,0.475138
95860,0.475138
95861,0.475138
95862,0.475138
95863,0.475138
95864,0.475138
95865,0.475138
95866,0.475138
95867,0.475138
95868,0.475138
95869,0.475138
95870,0.475138
95871,0.475138
95872,0.475138
95873,0.475138
95874,0.475138
95875,0.475138
95876,0.475138
95877,0.475138
95878,0.475138
95879,0.475138
95880,0.475138
95881,0.475138
95882,0.475138
95883,0.475138
95884,0.475138
95885,0.475138
95886,0.475138
95887,0.475138
95888,0.475138
95889,0.475138
95890,0.475138
95891,0.475138
95892,0.475138
95893,0.475138
95894,0.475138
95895,0.475138
95896,0.475138
95897,0.475138
95898,0.475138
95899,0.475138
95900,0.475138
95901,0.475138
95902,0.475138
95903,0.475138
95904,0.475138
95905,0.475138
95906,0.475138
95907,0.475138
95908,0.475138
95909,0.475138
95910,0.475138
95911,0.475138
95912,0.475138
95913,0.475138
95914,0.475138
95915,0.475138
95916,0.475138
95917,0.475138
95918,0.475138
95919,0.475138
95920,0.475138
95921,0.475138
95922,0.475138
95923,0.475138
95924,0.475138
95925,0.475138
95926,0.475138
95927,0.475138
95928,0.475138
95929,0.475138
95930,0.475138
95931,0.475138
95932,0.475138
95933,0.475138
95934,0.475138
95935,0.475138
95936,0.475138
95937,0.475138
95938,0.475138
95939,0.475138
95940,0.475138
95941,0.475138
95942,0.475138
95943,0.475138
95944,0.475138
95945,0.475138
95946,0.475138
95947,0.475138
95948,0.475138
95949,0.475138
95950,0.475138
95951,0.475138
95952,0.475138
95953,0.475138
95954,0.475138
95955,0.475138
95956,0.475138
95957,0.475138
95958,0.475138
95959,0.475138
95960,0.475138
95961,0.475138
95962,0.475138
95963,0.475138
95964,0.475138
95965,0.475138
95966,0.475138
95967,0.475138
95968,0.475138
95969,0.475138
95970,0.475138
95971,0.475138
95972,0.475138
95973,0.475138
95974,0.475138
95975,0.475138
95976,0.475138
95977,0.475138
95978,0.475138
95979,0.475138
95980,0.475138
95981,0.475138
95982,0.475138
95983,0.475138
95984,0.475138
95985,0.475138
95986,0.475138
95987,0.475138
95988,0.475138
95989,0.475138
95990,0.475138
95991,0.475138
95992,0.475138
95993,0.475138
95994,0.475138
95995,0.475138
95996,0.475138
95997,0.475138
95998,0.475138
95999,0.475138
96000,0.475138
96001,0.475138
96002,0.475138
96003,0.475138
96004,0.475138
96005,0.475138
96006,0.475138
96007,0.475138
96008,0.475138
96009,0.475138
96010,0.475138
96011,0.475138
96012,0.475138
96013,0.475138
96014,0.475138
96015,0.475138
96016,0.475138
96017,0.475138
96018,0.475138
96019,0.475138
96020,0.475138
96021,0.475138
96022,0.475138
96023,0.475138
96024,0.475138
96025,0.475138
96026,0.475138
96027,0.475138
96028,0.475138
96029,0.475138
96030,0.475138
96031,0.475138
96032,0.475138
96033,0.475138
96034,0.475138
96035,0.475138
96036,0.475138
96037,0.475138
96038,0.475138
96039,0.475138
96040,0.475138
96041,0.475138
96042,0.475138
96043,0.475138
96044,0.475138
96045,0.475138
96046,0.464887
96047,0.475138
96048,0.475138
96049,0.475138
96050,0.475138
96051,0.475138
96052,0.475138
96053,0.475138
96054,0.475138
96055,0.475138
96056,0.475138
96057,0.475138
96058,0.475138
96059,0.475138
96060,0.475138
96061,0.475138
96062,0.475138
96063,0.475138
96064,0.475138
96065,0.475138
96066,0.475138
96067,0.475138
96068,0.475138
96069,0.475138
96070,0.475138
96071,0.475138
96072,0.475138
96073,0.475138
96074,0.475138
96075,0.475138
96076,0.475138
96077,0.475138
96078,0.475138
96079,0.475138
96080,0.475138
96081,0.475138
96082,0.475138
96083,0.475138
96084,0.475138
96085,0.475138
96086,0.475138
96087,0.475138
96088,0.475138
96089,0.475138
96090,0.475138
96091,0.475138
96092,0.475138
96093,0.475138
96094,0.475138
96095,0.475138
96096,0.475138
96097,0.475138
96098,0.475138
96099,0.475138
96100,0.475138
96101,0.475138
96102,0.475138
96103,0.475138
96104,0.475138
96105,0.475138
96106,0.475138
96107,0.475138
96108,0.475138
96109,0.475138
96110,0.475138
96111,0.475138
96112,0.475138
96113,0.475138
96114,0.475138
96115,0.475138
96116,0.475138
96117,0.475138
96118,0.475138
96119,0.475138
96120,0.475138
96121,0.475138
96122,0.475138
96123,0.475138
96124,0.475138
96125,0.475138
96126,0.475138
96127,0.475138
96128,0.468550
96129,0.475138
96130,0.475138
96131,0.475138
96132,0.475138
96133,0.475138
96134,0.475138
96135,0.475138
96136,0.475138
96137,0.475138
96138,0.475138
96139,0.475138
96140,0.475138
96141,0.475138
96142,0.475138
96143,0.475138
96144,0.475138
96145,0.475138
96146,0.475138
96147,0.475138
96148,0.475138
96149,0.475138
96150,0.475138
96151,0.475138
96152,0.475138
96153,0.475138
96154,0.475138
96155,0.475138
96156,0.475138
96157,0.475138
96158,0.475138
96159,0.475138
96160,0.475138
96161,0.475138
96162,0.475138
96163,0.475138
96164,0.475138
96165,0.475138
96166,0.475138
96167,0.475138
96168,0.475138
96169,0.475138
96170,0.475138
96171,0.475138
96172,0.475138
96173,0.475138
96174,0.475138
96175,0.475138
96176,0.475138
96177,0.475138
96178,0.475138
96179,0.475138
96180,0.475138
96181,0.475138
96182,0.475138
96183,0.475138
96184,0.475138
96185,0.475138
96186,0.475138
96187,0.475138
96188,0.475138
96189,0.475138
96190,0.475138
96191,0.475138
96192,0.475138
96193,0.475138
96194,0.475138
96195,0.475138
96196,0.475138
96197,0.475138
96198,0.475138
96199,0.475138
96200,0.475138
96201,0.475138
96202,0.475138
96203,0.475138
96204,0.475138
96205,0.475138
96206,0.475138
96207,0.475138
96208,0.475138
96209,0.475138
96210,0.475138
96211,0.475138
96212,0.475138
96213,0.475138
96214,0.475138
96215,0.475138
96216,0.475138
96217,0.475138
96218,0.475138
96219,0.475138
96220,0.475138
96221,0.475138
96222,0.475138
96223,0.475138
96224,0.475138
96225,0.475138
96226,0.475138
96227,0.475138
96228,0.475138
96229,0.475138
96230,0.475138
96231,0.475138
96232,0.475138
96233,0.475138
96234,0.475138
96235,0.475138
96236,0.475138
96237,0.475138
96238,0.475138
96239,0.475138
96240,0.475138
96241,0.475138
96242,0.475138
96243,0.475138
96244,0.475138
96245,0.475138
96246,0.475138
96247,0.475138
96248,0.475138
96249,0.475138
96250,0.475138
96251,0.475138
96252,0.475138
96253,0.475138
96254,0.475138
96255,0.475138
96256,0.475138
96257,0.475138
96258,0.475138
96259,0.475138
96260,0.475138
96261,0.475138
96262,0.475138
96263,0.475138
96264,0.475138
96265,0.475138
96266,0.475138
96267,0.475138
96268,0.475138
96269,0.475138
96270,0.475138
96271,0.475138
96272,0.475138
96273,0.475138
96274,0.475138
96275,0.475138
96276,0.475138
96277,0.475138
96278,0.475138
96279,0.475138
96280,0.475138
96281,0.475138
96282,0.475138
96283,0.475138
96284,0.475138
96285,0.475138
96286,0.475138
96287,0.475138
96288,0.475138
96289,0.475138
96290,0.475138
96291,0.475138
96292,0.475138
96293,0.475138
96294,0.475138
96295,0.475138
96296,0.475138
96297,0.475138
96298,0.475138
96299,0.475138
96300,0.475138
96301,0.475138
96302,0.475138
96303,0.475138
96304,0.475138
96305,0.475138
96306,0.475138
96307,0.475138
96308,0.475138
96309,0.475138
96310,0.475138
96311,0.475138
96312,0.475138
96313,0.475138
96314,0.475138
96315,0.475138
96316,0.475138
96317,0.475138
96318,0.475138
96319,0.475138
96320,0.475138
96321,0.475138
96322,0.475138
96323,0.475138
96324,0.475138
96325,0.475138
96326,0.475138
96327,0.475138
96328,0.475138
96329,0.475138
96330,0.475138
96331,0.475138
96332,0.475138
96333,0.475138
96334,0.475138
96335,0.475138
96336,0.475138
96337,0.475138
96338,0.475138
96339,0.475138
96340,0.475138
96341,0.475138
96342,0.475138
96343,0.475138
96344,0.475138
96345,0.475138
96346,0.475138
96347,0.475138
96348,0.475138
96349,0.475138
96350,0.475138
96351,0.475138
96352,0.475138
96353,0.475138
96354,0.475138
96355,0.475138
96356,0.475138
96357,0.475138
96358,0.475138
96359,0.475138
96360,0.475138
96361,0.475138
96362,0.475138
96363,0.475138
96364,0.475138
96365,0.475138
96366,0.475138
96367,0.475138
96368,0.475138
96369,0.475138
96370,0.475138
96371,0.475138
96372,0.475138
96373,0.475138
96374,0.475138
96375,0.475138
96376,0.475138
96377,0.475138
96378,0.475138
96379,0.475138
96380,0.475138
96381,0.475138
96382,0.475138
96383,0.475138
96384,0.475138
96385,0.475138
96386,0.475138
96387,0.475138
96388,0.475138
96389,0.475138
96390,0.475138
96391,0.475138
96392,0.475138
96393,0.475138
96394,0.475138
96395,0.475138
96396,0.475138
96397,0.475138
96398,0.475138
96399,0.475138
96400,0.475138
96401,0.475138
96402,0.475138
96403,0.475138
96404,0.475138
96405,0.475138
96406,0.475138
96407,0.475138
96408,0.475138
96409,0.475138
96410,0.475138
96411,0.475138
96412,0.475138
96413,0.475138
96414,0.475138
96415,0.475138
96416,0.475138
96417,0.475138
96418,0.475138
96419,0.475138
96420,0.475138
96421,0.475138
96422,0.475138
96423,0.475138
96424,0.475138
96425,0.475138
96426,0.475138
96427,0.475138
96428,0.475138
96429,0.475138
96430,0.475138
96431,0.475138
96432,0.475138
96433,0.475138
96434,0.475138
96435,0.475138
96436,0.475138
96437,0.475138
96438,0.475138
96439,0.475138
96440,0.475138
96441,0.475138
96442,0.475138
96443,0.475138
96444,0.475138
96445,0.475138
96446,0.475138
96447,0.475138
96448,0.475138
96449,0.475138
96450,0.475138
96451,0.475138
96452,0.475138
96453,0.475138
96454,0.475138
96455,0.475138
96456,0.475138
96457,0.475138
96458,0.475138
96459,0.475138
96460,0.475138
96461,0.475138
96462,0.475138
96463,0.475138
96464,0.475138
96465,0.475138
96466,0.475138
96467,0.475138
96468,0.475138
96469,0.475138
96470,0.475138
96471,0.475138
96472,0.475138
96473,0.475138
96474,0.475138
96475,0.475138
96476,0.475138
96477,0.475138
96478,0.475138
96479,0.475138
96480,0.475138
96481,0.475138
96482,0.475138
96483,0.475138
96484,0.475138
96485,0.475138
96486,0.475138
96487,0.475138
96488,0.475138
96489,0.475138
96490,0.475138
96491,0.475138
96492,0.475138
96493,0.475138
96494,0.475138
96495,0.475138
96496,0.475138
96497,0.475138
96498,0.475138
96499,0.475138
96500,0.475138
96501,0.475138
96502,0.475138
96503,0.475138
96504,0.475138
96505,0.475138
96506,0.475138
96507,0.475138
96508,0.475138
96509,0.475138
96510,0.475138
96511,0.475138
96512,0.475138
96513,0.475138
96514,0.475138
96515,0.475138
96516,0.475138
96517,0.475138
96518,0.475138
96519,0.475138
96520,0.475138
96521,0.475138
96522,0.475138
96523,0.475138
96524,0.475138
96525,0.475138
96526,0.475138
96527,0.475138
96528,0.475138
96529,0.475138
96530,0.475138
96531,0.475138
96532,0.475138
96533,0.475138
96534,0.475138
96535,0.475138
96536,0.475138
96537,0.475138
96538,0.475138
96539,0.475138
96540,0.475138
96541,0.475138
96542,0.475138
96543,0.475138
96544,0.475138
96545,0.475138
96546,0.475138
96547,0.475138
96548,0.475138
96549,0.475138
96550,0.475138
96551,0.475138
96552,0.475138
96553,0.475138
96554,0.475138
96555,0.475138
96556,0.475138
96557,0.475138
96558,0.475138
96559,0.475138
96560,0.475138
96561,0.475138
96562,0.475138
96563,0.475138
96564,0.475138
96565,0.475138
96566,0.475138
96567,0.475138
96568,0.475138
96569,0.475138
96570,0.475138
96571,0.475138
96572,0.475138
96573,0.475138
96574,0.475138
96575,0.475138
96576,0.475138
96577,0.475138
96578,0.475138
96579,0.475138
96580,0.475138
96581,0.475138
96582,0.475138
96583,0.475138
96584,0.475138
96585,0.475138
96586,0.475138
96587,0.475138
96588,0.475138
96589,0.475138
96590,0.475138
96591,0.475138
96592,0.475138
96593,0.475138
96594,0.475138
96595,0.475138
96596,0.475138
96597,0.475138
96598,0.475138
96599,0.475138
96600,0.475138
96601,0.475138
96602,0.475138
96603,0.475138
96604,0.475138
96605,0.475138
96606,0.475138
96607,0.475138
96608,0.475138
96609,0.475138
96610,0.475138
96611,0.475138
96612,0.475138
96613,0.475138
96614,0.475138
96615,0.475138
96616,0.475138
96617,0.475138
96618,0.475138
96619,0.475138
96620,0.475138
96621,0.475138
96622,0.475138
96623,0.475138
96624,0.475138
96625,0.475138
96626,0.475138
96627,0.475138
96628,0.475138
96629,0.475138
96630,0.475138
96631,0.475138
96632,0.475138
96633,0.475138
96634,0.475138
96635,0.475138
96636,0.475138
96637,0.475138
96638,0.475138
96639,0.475138
96640,0.475138
96641,0.475138
96642,0.475138
96643,0.475138
96644,0.475138
96645,0.475138
96646,0.475138
96647,0.475138
96648,0.475138
96649,0.475138
96650,0.475138
96651,0.474756
96652,0.475138
96653,0.475138
96654,0.475138
96655,0.475138
96656,0.475138
96657,0.475138
96658,0.475138
96659,0.475138
96660,0.475138
96661,0.475138
96662,0.475138
96663,0.475138
96664,0.475138
96665,0.475138
96666,0.475138
96667,0.475138
96668,0.475138
96669,0.475138
96670,0.475138
96671,0.475138
96672,0.475138
96673,0.475138
96674,0.475138
96675,0.475138
96676,0.475138
96677,0.475138
96678,0.475138
96679,0.475138
96680,0.475138
96681,0.475138
96682,0.475138
96683,0.475138
96684,0.475138
96685,0.475138
96686,0.475138
96687,0.475138
96688,0.475138
96689,0.475138
96690,0.475138
96691,0.475138
96692,0.475138
96693,0.475138
96694,0.475138
96695,0.475138
96696,0.475138
96697,0.475138
96698,0.475138
96699,0.475138
96700,0.475138
96701,0.475138
96702,0.475138
96703,0.475138
96704,0.475138
96705,0.475138
96706,0.475138
96707,0.475138
96708,0.475138
96709,0.475138
96710,0.475138
96711,0.475138
96712,0.475138
96713,0.475138
96714,0.475138
96715,0.475138
96716,0.475138
96717,0.475138
96718,0.475138
96719,0.475138
96720,0.475138
96721,0.475138
96722,0.475138
96723,0.475138
96724,0.475138
96725,0.475138
96726,0.475138
96727,0.475138
96728,0.475138
96729,0.475138
96730,0.475138
96731,0.475138
96732,0.475138
96733,0.475138
96734,0.475138
96735,0.475138
96736,0.475138
96737,0.475138
96738,0.475138
96739,0.475138
96740,0.475138
96741,0.475138
96742,0.475138
96743,0.475138
96744,0.475138
96745,0.475138
96746,0.475138
96747,0.475138
96748,0.475138
96749,0.475138
96750,0.475138
96751,0.475138
96752,0.475138
96753,0.475138
96754,0.475138
96755,0.475138
96756,0.475138
96757,0.475138
96758,0.475138
96759,0.475138
96760,0.475138
96761,0.475138
96762,0.475138
96763,0.475138
96764,0.475138
96765,0.475138
96766,0.475138
96767,0.475138
96768,0.475138
96769,0.475138
96770,0.475138
96771,0.475138
96772,0.475138
96773,0.475138
96774,0.475138
96775,0.475138
96776,0.475138
96777,0.475138
96778,0.475138
96779,0.475138
96780,0.475138
96781,0.475138
96782,0.475138
96783,0.475138
96784,0.475138
96785,0.475138
96786,0.475138
96787,0.475138
96788,0.475138
96789,0.475138
96790,0.475138
96791,0.475138
96792,0.475138
96793,0.475138
96794,0.475138
96795,0.475138
96796,0.475138
96797,0.475138
96798,0.475138
96799,0.475138
96800,0.475138
96801,0.475138
96802,0.475138
96803,0.475138
96804,0.475138
96805,0.475138
96806,0.475138
96807,0.475138
96808,0.475138
96809,0.475138
96810,0.475138
96811,0.475138
96812,0.475138
96813,0.475138
96814,0.475138
96815,0.475138
96816,0.475138
96817,0.475138
96818,0.475138
96819,0.475138
96820,0.475138
96821,0.475138
96822,0.475138
96823,0.475138
96824,0.475138
96825,0.475138
96826,0.475138
96827,0.475138
96828,0.475138
96829,0.475138
96830,0.475138
96831,0.475138
96832,0.475138
96833,0.475138
96834,0.475138
96835,0.475138
96836,0.475138
96837,0.475138
96838,0.475138
96839,0.475138
96840,0.475138
96841,0.475138
96842,0.475138
96843,0.475138
96844,0.475138
96845,0.475138
96846,0.475138
96847,0.475138
96848,0.475138
96849,0.475138
96850,0.475138
96851,0.475138
96852,0.475138
96853,0.475138
96854,0.475138
96855,0.475138
96856,0.475138
96857,0.475138
96858,0.475138
96859,0.475138
96860,0.475138
96861,0.475138
96862,0.475138
96863,0.475138
96864,0.475138
96865,0.475138
96866,0.475138
96867,0.475138
96868,0.475138
96869,0.475138
96870,0.475138
96871,0.475138
96872,0.475138
96873,0.475138
96874,0.475138
96875,0.475138
96876,0.475138
96877,0.475138
96878,0.475138
96879,0.475138
96880,0.475138
96881,0.475138
96882,0.475138
96883,0.475138
96884,0.475138
96885,0.475138
96886,0.475138
96887,0.475138
96888,0.475138
96889,0.475138
96890,0.475138
96891,0.475138
96892,0.475138
96893,0.475138
96894,0.475138
96895,0.475138
96896,0.475138
96897,0.475138
96898,0.475138
96899,0.475138
96900,0.475138
96901,0.475138
96902,0.475138
96903,0.475138
96904,0.475138
96905,0.475138
96906,0.475138
96907,0.475138
96908,0.475138
96909,0.475138
96910,0.475138
96911,0.475138
96912,0.475138
96913,0.475138
96914,0.475138
96915,0.475138
96916,0.475138
96917,0.475138
96918,0.475138
96919,0.475138
96920,0.475138
96921,0.475138
96922,0.475138
96923,0.475138
96924,0.475138
96925,0.475138
96926,0.475138
96927,0.475138
96928,0.475138
96929,0.475138
96930,0.475138
96931,0.475138
96932,0.475138
96933,0.475138
96934,0.475138
96935,0.475138
96936,0.475138
96937,0.475138
96938,0.475138
96939,0.475138
96940,0.475138
96941,0.475138
96942,0.475138
96943,0.475138
96944,0.475138
96945,0.475138
96946,0.475138
96947,0.475138
96948,0.475138
96949,0.475138
96950,0.475138
96951,0.475138
96952,0.475138
96953,0.475138
96954,0.475138
96955,0.475138
96956,0.475138
96957,0.475138
96958,0.475138
96959,0.475138
96960,0.475138
96961,0.475138
96962,0.475138
96963,0.475138
96964,0.475138
96965,0.475138
96966,0.475138
96967,0.475138
96968,0.475138
96969,0.475138
96970,0.475138
96971,0.475138
96972,0.475138
96973,0.475138
96974,0.475138
96975,0.475138
96976,0.475138
96977,0.475138
96978,0.475138
96979,0.475138
96980,0.475138
96981,0.475138
96982,0.475138
96983,0.475138
96984,0.475138
96985,0.475138
96986,0.475138
96987,0.475138
96988,0.475138
96989,0.475138
96990,0.475138
96991,0.475138
96992,0.475138
96993,0.475138
96994,0.475138
96995,0.475138
96996,0.475138
96997,0.475138
96998,0.475138
96999,0.475138
97000,0.475138
97001,0.475138
97002,0.475138
97003,0.475138
97004,0.475138
97005,0.475138
97006,0.475138
97007,0.475138
97008,0.475138
97009,0.475138
97010,0.475138
97011,0.475138
97012,0.475138
97013,0.475138
97014,0.475138
97015,0.475138
97016,0.475138
97017,0.475138
97018,0.475138
97019,0.475138
97020,0.475138
97021,0.475138
97022,0.475138
97023,0.475138
97024,0.475138
97025,0.475138
97026,0.475138
97027,0.475138
97028,0.475138
97029,0.475138
97030,0.475138
97031,0.475138
97032,0.475138
97033,0.475138
97034,0.475138
97035,0.475138
97036,0.475138
97037,0.475138
97038,0.475138
97039,0.475138
97040,0.475138
97041,0.475138
97042,0.475138
97043,0.475138
97044,0.475138
97045,0.475138
97046,0.475138
97047,0.475138
97048,0.475138
97049,0.475138
97050,0.475138
97051,0.475138
97052,0.475138
97053,0.475138
97054,0.475138
97055,0.475138
97056,0.475138
97057,0.475138
97058,0.475138
97059,0.475138
97060,0.475138
97061,0.475138
97062,0.475138
97063,0.475138
97064,0.475138
97065,0.475138
97066,0.475138
97067,0.475138
97068,0.475138
97069,0.475138
97070,0.475138
97071,0.475138
97072,0.475138
97073,0.475138
97074,0.475138
97075,0.475138
97076,0.475138
97077,0.475138
97078,0.475138
97079,0.475138
97080,0.475138
97081,0.475138
97082,0.475138
97083,0.475138
97084,0.475138
97085,0.475138
97086,0.475138
97087,0.475138
97088,0.475138
97089,0.475138
97090,0.475138
97091,0.475138
97092,0.475138
97093,0.475138
97094,0.475138
97095,0.475138
97096,0.475138
97097,0.475138
97098,0.475138
97099,0.475138
97100,0.475138
97101,0.475138
97102,0.475138
97103,0.475138
97104,0.475138
97105,0.475138
97106,0.475138
97107,0.475138
97108,0.475138
97109,0.475138
97110,0.475138
97111,0.475138
97112,0.475138
97113,0.475138
97114,0.475138
97115,0.475138
97116,0.475138
97117,0.475138
97118,0.475138
97119,0.475138
97120,0.475138
97121,0.475138
97122,0.475138
97123,0.475138
97124,0.475138
97125,0.475138
97126,0.475138
97127,0.475138
97128,0.475138
97129,0.475138
97130,0.475138
97131,0.475138
97132,0.475138
97133,0.475138
97134,0.475138
97135,0.475138
97136,0.475138
97137,0.475138
97138,0.475138
97139,0.475138
97140,0.475138
97141,0.475138
97142,0.475138
97143,0.475138
97144,0.475138
97145,0.475138
97146,0.475138
97147,0.475138
97148,0.475138
97149,0.475138
97150,0.475138
97151,0.475138
97152,0.475138
97153,0.475138
97154,0.475138
97155,0.475138
97156,0.475138
97157,0.475138
97158,0.475138
97159,0.475138
97160,0.475138
97161,0.475138
97162,0.475138
97163,0.475138
97164,0.475138
97165,0.475138
97166,0.475138
97167,0.475138
97168,0.475138
97169,0.475138
97170,0.475138
97171,0.475138
97172,0.462636
97173,0.475138
97174,0.475138
97175,0.475138
97176,0.475138
97177,0.475138
97178,0.475138
97179,0.475138
97180,0.475138
97181,0.475138
97182,0.475138
97183,0.475138
97184,0.475138
97185,0.475138
97186,0.475138
97187,0.475138
97188,0.475138
97189,0.475138
97190,0.475138
97191,0.475138
97192,0.475138
97193,0.475138
97194,0.475138
97195,0.475138
97196,0.475138
97197,0.475138
97198,0.475138
97199,0.475138
97200,0.475138
97201,0.475138
97202,0.475138
97203,0.475138
97204,0.475138
97205,0.475138
97206,0.475138
97207,0.475138
97208,0.475138
97209,0.475138
97210,0.475138
97211,0.475138
97212,0.475138
97213,0.475138
97214,0.475138
97215,0.475138
97216,0.475138
97217,0.475138
97218,0.475138
97219,0.475138
97220,0.475138
97221,0.475138
97222,0.475138
97223,0.475138
97224,0.475138
97225,0.475138
97226,0.475138
97227,0.475138
97228,0.475138
97229,0.475138
97230,0.475138
97231,0.475138
97232,0.475138
97233,0.475138
97234,0.475138
97235,0.475138
97236,0.475138
97237,0.475138
97238,0.475138
97239,0.475138
97240,0.475138
97241,0.475138
97242,0.475138
97243,0.475138
97244,0.475138
97245,0.475138
97246,0.475138
97247,0.475138
97248,0.475138
97249,0.475138
97250,0.475138
97251,0.475138
97252,0.475138
97253,0.475138
97254,0.475138
97255,0.475138
97256,0.475138
97257,0.475138
97258,0.475138
97259,0.475138
97260,0.475138
97261,0.475138
97262,0.475138
97263,0.475138
97264,0.475138
97265,0.475138
97266,0.475138
97267,0.475138
97268,0.475138
97269,0.475138
97270,0.475138
97271,0.467975
97272,0.475138
97273,0.475138
97274,0.475138
97275,0.475138
97276,0.475138
97277,0.475138
97278,0.475138
97279,0.475138
97280,0.475138
97281,0.475138
97282,0.475138
97283,0.475138
97284,0.475138
97285,0.475138
97286,0.475138
97287,0.475138
97288,0.475138
97289,0.475138
97290,0.475138
97291,0.475138
97292,0.475138
97293,0.475138
97294,0.475138
97295,0.475138
97296,0.475138
97297,0.475138
97298,0.475138
97299,0.475138
97300,0.475138
97301,0.475138
97302,0.475138
97303,0.475138
97304,0.475138
97305,0.475138
97306,0.475138
97307,0.475138
97308,0.475138
97309,0.475138
97310,0.475138
97311,0.475138
97312,0.475138
97313,0.475138
97314,0.475138
97315,0.475138
97316,0.475138
97317,0.475138
97318,0.475138
97319,0.475138
97320,0.475138
97321,0.475138
97322,0.475138
97323,0.475138
97324,0.475138
97325,0.475138
97326,0.475138
97327,0.475138
97328,0.475138
97329,0.475138
97330,0.475138
97331,0.475138
97332,0.475138
97333,0.475138
97334,0.475138
97335,0.475138
97336,0.475138
97337,0.475138
97338,0.475138
97339,0.475138
97340,0.475138
97341,0.475138
97342,0.475138
97343,0.475138
97344,0.475138
97345,0.475138
97346,0.475138
97347,0.475138
97348,0.475138
97349,0.475138
97350,0.475138
97351,0.475138
97352,0.475138
97353,0.475138
97354,0.475138
97355,0.475138
97356,0.475138
97357,0.475138
97358,0.475138
97359,0.475138
97360,0.475138
97361,0.475138
97362,0.475138
97363,0.475138
97364,0.475138
97365,0.475138
97366,0.475138
97367,0.475138
97368,0.475138
97369,0.475138
97370,0.475138
97371,0.475138
97372,0.475138
97373,0.475138
97374,0.475138
97375,0.475138
97376,0.475138
97377,0.475138
97378,0.475138
97379,0.475138
97380,0.475138
97381,0.475138
97382,0.475138
97383,0.475138
97384,0.475138
97385,0.475138
97386,0.475138
97387,0.475138
97388,0.475138
97389,0.475138
97390,0.475138
97391,0.475138
97392,0.475138
97393,0.475138
97394,0.475138
97395,0.475138
97396,0.475138
97397,0.475138
97398,0.475138
97399,0.475138
97400,0.475138
97401,0.475138
97402,0.475138
97403,0.475138
97404,0.475138
97405,0.475138
97406,0.475138
97407,0.475138
97408,0.475138
97409,0.475138
97410,0.475138
97411,0.475138
97412,0.475138
97413,0.475138
97414,0.475138
97415,0.475138
97416,0.475138
97417,0.475138
97418,0.475138
97419,0.475138
97420,0.475138
97421,0.475138
97422,0.475138
97423,0.475138
97424,0.475138
97425,0.475138
97426,0.475138
97427,0.475138
97428,0.475138
97429,0.475138
97430,0.475138
97431,0.475138
97432,0.475138
97433,0.475138
97434,0.475138
97435,0.475138
97436,0.475138
97437,0.475138
97438,0.475138
97439,0.475138
97440,0.475138
97441,0.475138
97442,0.475138
97443,0.475138
97444,0.475138
97445,0.475138
97446,0.475138
97447,0.475138
97448,0.475138
97449,0.475138
97450,0.475138
97451,0.475138
97452,0.475138
97453,0.475138
97454,0.475138
97455,0.475138
97456,0.475138
97457,0.475138
97458,0.475138
97459,0.475138
97460,0.475138
97461,0.475138
97462,0.475138
97463,0.475138
97464,0.475138
97465,0.475138
97466,0.475138
97467,0.475138
97468,0.475138
97469,0.475138
97470,0.475138
97471,0.475138
97472,0.475138
97473,0.475138
97474,0.475138
97475,0.475138
97476,0.475138
97477,0.475138
97478,0.475138
97479,0.475138
97480,0.475138
97481,0.475138
97482,0.475138
97483,0.475138
97484,0.475138
97485,0.475138
97486,0.475138
97487,0.475138
97488,0.475138
97489,0.475138
97490,0.475138
97491,0.475138
97492,0.475138
97493,0.475138
97494,0.475138
97495,0.475138
97496,0.475138
97497,0.475138
97498,0.475138
97499,0.475138
97500,0.475138
97501,0.475138
97502,0.475138
97503,0.475138
97504,0.475138
97505,0.475138
97506,0.475138
97507,0.475138
97508,0.475138
97509,0.475138
97510,0.475138
97511,0.475138
97512,0.475138
97513,0.475138
97514,0.475138
97515,0.475138
97516,0.475138
97517,0.475138
97518,0.475138
97519,0.475138
97520,0.475138
97521,0.475138
97522,0.475138
97523,0.475138
97524,0.475138
97525,0.475138
97526,0.475138
97527,0.475138
97528,0.475138
97529,0.475138
97530,0.475138
97531,0.475138
97532,0.475138
97533,0.475138
97534,0.475138
97535,0.475138
97536,0.475138
97537,0.475138
97538,0.475138
97539,0.475138
97540,0.475138
97541,0.475138
97542,0.475138
97543,0.475138
97544,0.475138
97545,0.475138
97546,0.475138
97547,0.475138
97548,0.475138
97549,0.475138
97550,0.475138
97551,0.475138
97552,0.475138
97553,0.475138
97554,0.475138
97555,0.475138
97556,0.475138
97557,0.475138
97558,0.475138
97559,0.475138
97560,0.475138
97561,0.475138
97562,0.475138
97563,0.475138
97564,0.475138
97565,0.475138
97566,0.475138
97567,0.475138
97568,0.475138
97569,0.475138
97570,0.475138
97571,0.475138
97572,0.475138
97573,0.475138
97574,0.475138
97575,0.475138
97576,0.475138
97577,0.475138
97578,0.475138
97579,0.475138
97580,0.475138
97581,0.475138
97582,0.475138
97583,0.475138
97584,0.475138
97585,0.475138
97586,0.475138
97587,0.475138
97588,0.475138
97589,0.475138
97590,0.475138
97591,0.475138
97592,0.475138
97593,0.475138
97594,0.475138
97595,0.475138
97596,0.475138
97597,0.475138
97598,0.475138
97599,0.475138
97600,0.475138
97601,0.475138
97602,0.475138
97603,0.475138
97604,0.475138
97605,0.475138
97606,0.475138
97607,0.475138
97608,0.475138
97609,0.475138
97610,0.475138
97611,0.475138
97612,0.475138
97613,0.475138
97614,0.475138
97615,0.475138
97616,0.475138
97617,0.475138
97618,0.475138
97619,0.475138
97620,0.475138
97621,0.475138
97622,0.475138
97623,0.475138
97624,0.475138
97625,0.475138
97626,0.475138
97627,0.475138
97628,0.475138
97629,0.475138
97630,0.475138
97631,0.475138
97632,0.475138
97633,0.475138
97634,0.475138
97635,0.475138
97636,0.475138
97637,0.475138
97638,0.475138
97639,0.475138
97640,0.475138
97641,0.475138
97642,0.475138
97643,0.475138
97644,0.475138
97645,0.475138
97646,0.475138
97647,0.475138
97648,0.475138
97649,0.475138
97650,0.475138
97651,0.475138
97652,0.475138
97653,0.475138
97654,0.475138
97655,0.475138
97656,0.475138
97657,0.475138
97658,0.475138
97659,0.475138
97660,0.475138
97661,0.475138
97662,0.475138
97663,0.475138
97664,0.475138
97665,0.475138
97666,0.475138
97667,0.475138
97668,0.475138
97669,0.475138
97670,0.475138
97671,0.475138
97672,0.475138
97673,0.475138
97674,0.475138
97675,0.475138
97676,0.475138
97677,0.475138
97678,0.475138
97679,0.475138
97680,0.475138
97681,0.475138
97682,0.475138
97683,0.475138
97684,0.475138
97685,0.475138
97686,0.475138
97687,0.475138
97688,0.475138
97689,0.475138
97690,0.475138
97691,0.475138
97692,0.475138
97693,0.475138
97694,0.475138
97695,0.475138
97696,0.475138
97697,0.475138
97698,0.475138
97699,0.475138
97700,0.475138
97701,0.475138
97702,0.475138
97703,0.475138
97704,0.475138
97705,0.475138
97706,0.475138
97707,0.475138
97708,0.475138
97709,0.475138
97710,0.475138
97711,0.475138
97712,0.475138
97713,0.475138
97714,0.475138
97715,0.475138
97716,0.475138
97717,0.475138
97718,0.475138
97719,0.475138
97720,0.475138
97721,0.475138
97722,0.475138
97723,0.475138
97724,0.475138
97725,0.475138
97726,0.475138
97727,0.475138
97728,0.475138
97729,0.475138
97730,0.475138
97731,0.475138
97732,0.475138
97733,0.475138
97734,0.475138
97735,0.475138
97736,0.475138
97737,0.475138
97738,0.475138
97739,0.475138
97740,0.475138
97741,0.475138
97742,0.475138
97743,0.475138
97744,0.475138
97745,0.475138
97746,0.475138
97747,0.475138
97748,0.475138
97749,0.475138
97750,0.475138
97751,0.475138
97752,0.475138
97753,0.475138
97754,0.475138
97755,0.475138
97756,0.475138
97757,0.475138
97758,0.475138
97759,0.475138
97760,0.475138
97761,0.475138
97762,0.475138
97763,0.475138
97764,0.475138
97765,0.475138
97766,0.475138
97767,0.475138
97768,0.475138
97769,0.475138
97770,0.475138
97771,0.475138
97772,0.475138
97773,0.475138
97774,0.475138
97775,0.475138
97776,0.475138
97777,0.475138
97778,0.475138
97779,0.475138
97780,0.475138
97781,0.475138
97782,0.475138
97783,0.475138
97784,0.475138
97785,0.475138
97786,0.475138
97787,0.475138
97788,0.475138
97789,0.475138
97790,0.475138
97791,0.475138
97792,0.475138
97793,0.475138
97794,0.475138
97795,0.475138
97796,0.475138
97797,0.475138
97798,0.475138
97799,0.475138
97800,0.475138
97801,0.475138
97802,0.475138
97803,0.475138
97804,0.475138
97805,0.475138
97806,0.475138
97807,0.475138
97808,0.475138
97809,0.475138
97810,0.475138
97811,0.475138
97812,0.475138
97813,0.475138
97814,0.475138
97815,0.475138
97816,0.475138
97817,0.475138
97818,0.475138
97819,0.475138
97820,0.475138
97821,0.475138
97822,0.475138
97823,0.475138
97824,0.475138
97825,0.475138
97826,0.475138
97827,0.475138
97828,0.475138
97829,0.475138
97830,0.475138
97831,0.475138
97832,0.475138
97833,0.475138
97834,0.475138
97835,0.475138
97836,0.475138
97837,0.475138
97838,0.475138
97839,0.475138
97840,0.475138
97841,0.475138
97842,0.475138
97843,0.475138
97844,0.475138
97845,0.475138
97846,0.475138
97847,0.475138
97848,0.475138
97849,0.475138
97850,0.475138
97851,0.475138
97852,0.475138
97853,0.475138
97854,0.475138
97855,0.475138
97856,0.475138
97857,0.475138
97858,0.475138
97859,0.475138
97860,0.475138
97861,0.475138
97862,0.475138
97863,0.475138
97864,0.475138
97865,0.475138
97866,0.475138
97867,0.475138
97868,0.475138
97869,0.475138
97870,0.475138
97871,0.475138
97872,0.475138
97873,0.475138
97874,0.475138
97875,0.475138
97876,0.475138
97877,0.475138
97878,0.475138
97879,0.475138
97880,0.475138
97881,0.475138
97882,0.475138
97883,0.475138
97884,0.475138
97885,0.475138
97886,0.475138
97887,0.475138
97888,0.475138
97889,0.475138
97890,0.475138
97891,0.475138
97892,0.475138
97893,0.475138
97894,0.475138
97895,0.475138
97896,0.475138
97897,0.475138
97898,0.475138
97899,0.475138
97900,0.475138
97901,0.475138
97902,0.475138
97903,0.475138
97904,0.475138
97905,0.475138
97906,0.475138
97907,0.475138
97908,0.475138
97909,0.475138
97910,0.475138
97911,0.475138
97912,0.475138
97913,0.475138
97914,0.475138
97915,0.475138
97916,0.475138
97917,0.475138
97918,0.475138
97919,0.475138
97920,0.475138
97921,0.475138
97922,0.475138
97923,0.475138
97924,0.475138
97925,0.475138
97926,0.475138
97927,0.475138
97928,0.475138
97929,0.475138
97930,0.475138
97931,0.475138
97932,0.475138
97933,0.475138
97934,0.475138
97935,0.475138
97936,0.475138
97937,0.475138
97938,0.475138
97939,0.475138
97940,0.475138
97941,0.475138
97942,0.475138
97943,0.475138
97944,0.475138
97945,0.475138
97946,0.475138
97947,0.475138
97948,0.475138
97949,0.475138
97950,0.475138
97951,0.475138
97952,0.475138
97953,0.475138
97954,0.475138
97955,0.475138
97956,0.475138
97957,0.475138
97958,0.475138
97959,0.475138
97960,0.475138
97961,0.475138
97962,0.475138
97963,0.475138
97964,0.475138
97965,0.475138
97966,0.475138
97967,0.475138
97968,0.475138
97969,0.475138
97970,0.475138
97971,0.475138
97972,0.475138
97973,0.475138
97974,0.475138
97975,0.475138
97976,0.475138
97977,0.475138
97978,0.475138
97979,0.475138
97980,0.475138
97981,0.475138
97982,0.475138
97983,0.475138
97984,0.475138
97985,0.475138
97986,0.475138
97987,0.475138
97988,0.475138
97989,0.475138
97990,0.475138
97991,0.475138
97992,0.475138
97993,0.475138
97994,0.475138
97995,0.475138
97996,0.475138
97997,0.475138
97998,0.475138
97999,0.475138
98000,0.475138
98001,0.475138
98002,0.475138
98003,0.475138
98004,0.475138
98005,0.475138
98006,0.475138
98007,0.475138
98008,0.475138
98009,0.475138
98010,0.475138
98011,0.475138
98012,0.475138
98013,0.475138
98014,0.475138
98015,0.475138
98016,0.475138
98017,0.475138
98018,0.475138
98019,0.475138
98020,0.475138
98021,0.475138
98022,0.475138
98023,0.475138
98024,0.475138
98025,0.475138
98026,0.475138
98027,0.475138
98028,0.475138
98029,0.475138
98030,0.475138
98031,0.475138
98032,0.475138
98033,0.475138
98034,0.475138
98035,0.475138
98036,0.475138
98037,0.475138
98038,0.475138
98039,0.475138
98040,0.475138
98041,0.475138
98042,0.475138
98043,0.475138
98044,0.475138
98045,0.475138
98046,0.475138
98047,0.475138
98048,0.475138
98049,0.475138
98050,0.475138
98051,0.475138
98052,0.475138
98053,0.475138
98054,0.475138
98055,0.475138
98056,0.475138
98057,0.475138
98058,0.475138
98059,0.475138
98060,0.475138
98061,0.475138
98062,0.475138
98063,0.475138
98064,0.475138
98065,0.475138
98066,0.475138
98067,0.475138
98068,0.475138
98069,0.475138
98070,0.475138
98071,0.475138
98072,0.475138
98073,0.475138
98074,0.475138
98075,0.475138
98076,0.475138
98077,0.475138
98078,0.475138
98079,0.475138
98080,0.475138
98081,0.475138
98082,0.475138
98083,0.475138
98084,0.475138
98085,0.475138
98086,0.475138
98087,0.475138
98088,0.475138
98089,0.475138
98090,0.475138
98091,0.475138
98092,0.475138
98093,0.475138
98094,0.475138
98095,0.475138
98096,0.475138
98097,0.475138
98098,0.475138
98099,0.475138
98100,0.475138
98101,0.475138
98102,0.475138
98103,0.475138
98104,0.475138
98105,0.475138
98106,0.475138
98107,0.475138
98108,0.475138
98109,0.475138
98110,0.475138
98111,0.475138
98112,0.475138
98113,0.475138
98114,0.475138
98115,0.475138
98116,0.475138
98117,0.475138
98118,0.475138
98119,0.475138
98120,0.475138
98121,0.475138
98122,0.475138
98123,0.475138
98124,0.475138
98125,0.475138
98126,0.475138
98127,0.475138
98128,0.475138
98129,0.475138
98130,0.475138
98131,0.475138
98132,0.475138
98133,0.475138
98134,0.475138
98135,0.475138
98136,0.475138
98137,0.475138
98138,0.475138
98139,0.475138
98140,0.475138
98141,0.475138
98142,0.475138
98143,0.475138
98144,0.475138
98145,0.475138
98146,0.475138
98147,0.475138
98148,0.475138
98149,0.475138
98150,0.475138
98151,0.475138
98152,0.475138
98153,0.475138
98154,0.475138
98155,0.475138
98156,0.475138
98157,0.475138
98158,0.475138
98159,0.475138
98160,0.475138
98161,0.475138
98162,0.475138
98163,0.475138
98164,0.475138
98165,0.475138
98166,0.475138
98167,0.475138
98168,0.475138
98169,0.475138
98170,0.475138
98171,0.475138
98172,0.475138
98173,0.475138
98174,0.475138
98175,0.475138
98176,0.475138
98177,0.475138
98178,0.475138
98179,0.475138
98180,0.475138
98181,0.475138
98182,0.475138
98183,0.475138
98184,0.475138
98185,0.475138
98186,0.475138
98187,0.475138
98188,0.475138
98189,0.475138
98190,0.475138
98191,0.475138
98192,0.475138
98193,0.475138
98194,0.475138
98195,0.475138
98196,0.475138
98197,0.475138
98198,0.475138
98199,0.475138
98200,0.475138
98201,0.475138
98202,0.475138
98203,0.475138
98204,0.475138
98205,0.475138
98206,0.475138
98207,0.475138
98208,0.475138
98209,0.475138
98210,0.475138
98211,0.475138
98212,0.475138
98213,0.475138
98214,0.475138
98215,0.475138
98216,0.475138
98217,0.475138
98218,0.475138
98219,0.475138
98220,0.475138
98221,0.475138
98222,0.475138
98223,0.475138
98224,0.475138
98225,0.475138
98226,0.475138
98227,0.475138
98228,0.475138
98229,0.475138
98230,0.475138
98231,0.475138
98232,0.475138
98233,0.475138
98234,0.475138
98235,0.475138
98236,0.475138
98237,0.475138
98238,0.475138
98239,0.475138
98240,0.475138
98241,0.475138
98242,0.475138
98243,0.475138
98244,0.475138
98245,0.475138
98246,0.475138
98247,0.475138
98248,0.475138
98249,0.475138
98250,0.475138
98251,0.475138
98252,0.475138
98253,0.475138
98254,0.475138
98255,0.475138
98256,0.475138
98257,0.475138
98258,0.475138
98259,0.475138
98260,0.475138
98261,0.475138
98262,0.475138
98263,0.475138
98264,0.475138
98265,0.475138
98266,0.475138
98267,0.475138
98268,0.475138
98269,0.475138
98270,0.475138
98271,0.475138
98272,0.475138
98273,0.475138
98274,0.475138
98275,0.475138
98276,0.475138
98277,0.475138
98278,0.475138
98279,0.475138
98280,0.475138
98281,0.475138
98282,0.475138
98283,0.475138
98284,0.475138
98285,0.475138
98286,0.475138
98287,0.475138
98288,0.475138
98289,0.475138
98290,0.475138
98291,0.475138
98292,0.475138
98293,0.475138
98294,0.475138
98295,0.475138
98296,0.475138
98297,0.475138
98298,0.475138
98299,0.475138
98300,0.475138
98301,0.475138
98302,0.475138
98303,0.475138
98304,0.475138
98305,0.475138
98306,0.475138
98307,0.475138
98308,0.475138
98309,0.475138
98310,0.475138
98311,0.475138
98312,0.475138
98313,0.475138
98314,0.475138
98315,0.475138
98316,0.475138
98317,0.475138
98318,0.475138
98319,0.475138
98320,0.475138
98321,0.475138
98322,0.475138
98323,0.475138
98324,0.475138
98325,0.475138
98326,0.475138
98327,0.475138
98328,0.475138
98329,0.475138
98330,0.475138
98331,0.475138
98332,0.475138
98333,0.475138
98334,0.475138
98335,0.475138
98336,0.475138
98337,0.475138
98338,0.475138
98339,0.475138
98340,0.475138
98341,0.475138
98342,0.475138
98343,0.475138
98344,0.475138
98345,0.475138
98346,0.475138
98347,0.475138
98348,0.475138
98349,0.475138
98350,0.475138
98351,0.475138
98352,0.475138
98353,0.475138
98354,0.475138
98355,0.475138
98356,0.475138
98357,0.475138
98358,0.475138
98359,0.475138
98360,0.475138
98361,0.475138
98362,0.475138
98363,0.475138
98364,0.475138
98365,0.475138
98366,0.475138
98367,0.475138
98368,0.475138
98369,0.475138
98370,0.475138
98371,0.475138
98372,0.475138
98373,0.475138
98374,0.475138
98375,0.475138
98376,0.475138
98377,0.475138
98378,0.475138
98379,0.475138
98380,0.475138
98381,0.475138
98382,0.475138
98383,0.475138
98384,0.475138
98385,0.475138
98386,0.475138
98387,0.475138
98388,0.475138
98389,0.475138
98390,0.475138
98391,0.475138
98392,0.475138
98393,0.475138
98394,0.475138
98395,0.475138
98396,0.475138
98397,0.475138
98398,0.475138
98399,0.475138
98400,0.475138
98401,0.475138
98402,0.475138
98403,0.448926
98404,0.475138
98405,0.475138
98406,0.475138
98407,0.475138
98408,0.475138
98409,0.475138
98410,0.475138
98411,0.475138
98412,0.475138
98413,0.475138
98414,0.475138
98415,0.475138
98416,0.475138
98417,0.475138
98418,0.475138
98419,0.475138
98420,0.475138
98421,0.475138
98422,0.475138
98423,0.475138
98424,0.475138
98425,0.475138
98426,0.475138
98427,0.475138
98428,0.475138
98429,0.475138
98430,0.475138
98431,0.475138
98432,0.475138
98433,0.475138
98434,0.475138
98435,0.475138
98436,0.475138
98437,0.475138
98438,0.475138
98439,0.475138
98440,0.475138
98441,0.475138
98442,0.475138
98443,0.475138
98444,0.475138
98445,0.475138
98446,0.475138
98447,0.475138
98448,0.475138
98449,0.475138
98450,0.475138
98451,0.475138
98452,0.475138
98453,0.475138
98454,0.475138
98455,0.475138
98456,0.475138
98457,0.475138
98458,0.475138
98459,0.475138
98460,0.475138
98461,0.475138
98462,0.475138
98463,0.475138
98464,0.475138
98465,0.475138
98466,0.475138
98467,0.475138
98468,0.475138
98469,0.475138
98470,0.475138
98471,0.475138
98472,0.475138
98473,0.475138
98474,0.475138
98475,0.475138
98476,0.475138
98477,0.475138
98478,0.475138
98479,0.475138
98480,0.475138
98481,0.475138
98482,0.475138
98483,0.475138
98484,0.475138
98485,0.475138
98486,0.475138
98487,0.475138
98488,0.475138
98489,0.475138
98490,0.475138
98491,0.475138
98492,0.475138
98493,0.475138
98494,0.475138
98495,0.475138
98496,0.475138
98497,0.475138
98498,0.475138
98499,0.475138
98500,0.475138
98501,0.475138
98502,0.475138
98503,0.475138
98504,0.475138
98505,0.475138
98506,0.475138
98507,0.475138
98508,0.475138
98509,0.475138
98510,0.475138
98511,0.475138
98512,0.475138
98513,0.475138
98514,0.475138
98515,0.475138
98516,0.475138
98517,0.475138
98518,0.475138
98519,0.475138
98520,0.475138
98521,0.475138
98522,0.475138
98523,0.475138
98524,0.475138
98525,0.475138
98526,0.475138
98527,0.475138
98528,0.475138
98529,0.475138
98530,0.475138
98531,0.475138
98532,0.475138
98533,0.475138
98534,0.475138
98535,0.475138
98536,0.475138
98537,0.475138
98538,0.475138
98539,0.475138
98540,0.475138
98541,0.475138
98542,0.475138
98543,0.475138
98544,0.475138
98545,0.475138
98546,0.475138
98547,0.475138
98548,0.475138
98549,0.475138
98550,0.475138
98551,0.475138
98552,0.475138
98553,0.475138
98554,0.475138
98555,0.475138
98556,0.475138
98557,0.475138
98558,0.475138
98559,0.475138
98560,0.475138
98561,0.475138
98562,0.475138
98563,0.475138
98564,0.475138
98565,0.475138
98566,0.475138
98567,0.475138
98568,0.475138
98569,0.475138
98570,0.475138
98571,0.475138
98572,0.475138
98573,0.475138
98574,0.475138
98575,0.475138
98576,0.475138
98577,0.475138
98578,0.475138
98579,0.475138
98580,0.475138
98581,0.475138
98582,0.475138
98583,0.475138
98584,0.475138
98585,0.475138
98586,0.475138
98587,0.475138
98588,0.475138
98589,0.475138
98590,0.475138
98591,0.475138
98592,0.475138
98593,0.475138
98594,0.475138
98595,0.475138
98596,0.475138
98597,0.475138
98598,0.475138
98599,0.475138
98600,0.475138
98601,0.475138
98602,0.475138
98603,0.475138
98604,0.475138
98605,0.475138
98606,0.475138
98607,0.475138
98608,0.475138
98609,0.475138
98610,0.475138
98611,0.475138
98612,0.475138
98613,0.475138
98614,0.475138
98615,0.475138
98616,0.475138
98617,0.475138
98618,0.475138
98619,0.475138
98620,0.475138
98621,0.475138
98622,0.475138
98623,0.475138
98624,0.475138
98625,0.475138
98626,0.475138
98627,0.475138
98628,0.475138
98629,0.475138
98630,0.475138
98631,0.475138
98632,0.475138
98633,0.475138
98634,0.475138
98635,0.475138
98636,0.475138
98637,0.475138
98638,0.475138
98639,0.475138
98640,0.475138
98641,0.475138
98642,0.475138
98643,0.475138
98644,0.475138
98645,0.475138
98646,0.475138
98647,0.475138
98648,0.475138
98649,0.475138
98650,0.475138
98651,0.475138
98652,0.475138
98653,0.475138
98654,0.475138
98655,0.475138
98656,0.475138
98657,0.475138
98658,0.475138
98659,0.475138
98660,0.475138
98661,0.475138
98662,0.475138
98663,0.475138
98664,0.475138
98665,0.475138
98666,0.475138
98667,0.475138
98668,0.475138
98669,0.475138
98670,0.475138
98671,0.475138
98672,0.475138
98673,0.475138
98674,0.475138
98675,0.475138
98676,0.475138
98677,0.475138
98678,0.475138
98679,0.475138
98680,0.475138
98681,0.475138
98682,0.475138
98683,0.475138
98684,0.475138
98685,0.475138
98686,0.475138
98687,0.475138
98688,0.475138
98689,0.475138
98690,0.475138
98691,0.475138
98692,0.475138
98693,0.475138
98694,0.475138
98695,0.475138
98696,0.475138
98697,0.475138
98698,0.475138
98699,0.475138
98700,0.475138
98701,0.475138
98702,0.475138
98703,0.475138
98704,0.475138
98705,0.475138
98706,0.475138
98707,0.475138
98708,0.475138
98709,0.475138
98710,0.475138
98711,0.475138
98712,0.475138
98713,0.475138
98714,0.475138
98715,0.475138
98716,0.475138
98717,0.475138
98718,0.475138
98719,0.475138
98720,0.475138
98721,0.475138
98722,0.475138
98723,0.475138
98724,0.475138
98725,0.475138
98726,0.475138
98727,0.475138
98728,0.475138
98729,0.475138
98730,0.475138
98731,0.475138
98732,0.475138
98733,0.475138
98734,0.475138
98735,0.475138
98736,0.475138
98737,0.475138
98738,0.475138
98739,0.475138
98740,0.475138
98741,0.475138
98742,0.475138
98743,0.475138
98744,0.475138
98745,0.475138
98746,0.475138
98747,0.475138
98748,0.475138
98749,0.475138
98750,0.475138
98751,0.475138
98752,0.475138
98753,0.475138
98754,0.475138
98755,0.475138
98756,0.475138
98757,0.475138
98758,0.475138
98759,0.475138
98760,0.475138
98761,0.475138
98762,0.475138
98763,0.475138
98764,0.475138
98765,0.475138
98766,0.475138
98767,0.475138
98768,0.475138
98769,0.475138
98770,0.475138
98771,0.475138
98772,0.475138
98773,0.475138
98774,0.475138
98775,0.475138
98776,0.475138
98777,0.475138
98778,0.475138
98779,0.475138
98780,0.475138
98781,0.475138
98782,0.475138
98783,0.475138
98784,0.475138
98785,0.475138
98786,0.475138
98787,0.475138
98788,0.475138
98789,0.475138
98790,0.475138
98791,0.475138
98792,0.475138
98793,0.475138
98794,0.475138
98795,0.475138
98796,0.475138
98797,0.475138
98798,0.475138
98799,0.475138
98800,0.475138
98801,0.475138
98802,0.475138
98803,0.475138
98804,0.475138
98805,0.475138
98806,0.475138
98807,0.475138
98808,0.475138
98809,0.475138
98810,0.475138
98811,0.475138
98812,0.475138
98813,0.475138
98814,0.475138
98815,0.475138
98816,0.475138
98817,0.475138
98818,0.475138
98819,0.475138
98820,0.475138
98821,0.475138
98822,0.475138
98823,0.475138
98824,0.475138
98825,0.475138
98826,0.475138
98827,0.475138
98828,0.475138
98829,0.475138
98830,0.475138
98831,0.475138
98832,0.475138
98833,0.475138
98834,0.475138
98835,0.475138
98836,0.475138
98837,0.475138
98838,0.475138
98839,0.475138
98840,0.475138
98841,0.475138
98842,0.475138
98843,0.475138
98844,0.475138
98845,0.475138
98846,0.475138
98847,0.475138
98848,0.475138
98849,0.475138
98850,0.475138
98851,0.475138
98852,0.475138
98853,0.475138
98854,0.475138
98855,0.475138
98856,0.475138
98857,0.475138
98858,0.475138
98859,0.475138
98860,0.475138
98861,0.475138
98862,0.475138
98863,0.475138
98864,0.475138
98865,0.475138
98866,0.475138
98867,0.475138
98868,0.475138
98869,0.475138
98870,0.475138
98871,0.475138
98872,0.475138
98873,0.475138
98874,0.475138
98875,0.475138
98876,0.475138
98877,0.475138
98878,0.475138
98879,0.475138
98880,0.475138
98881,0.475138
98882,0.475138
98883,0.475138
98884,0.475138
98885,0.475138
98886,0.475138
98887,0.475138
98888,0.475138
98889,0.475138
98890,0.475138
98891,0.475138
98892,0.475138
98893,0.475138
98894,0.475138
98895,0.475138
98896,0.475138
98897,0.475138
98898,0.475138
98899,0.475138
98900,0.475138
98901,0.475138
98902,0.475138
98903,0.475138
98904,0.475138
98905,0.475138
98906,0.475138
98907,0.475138
98908,0.475138
98909,0.475138
98910,0.475138
98911,0.475138
98912,0.475138
98913,0.475138
98914,0.475138
98915,0.475138
98916,0.475138
98917,0.475138
98918,0.475138
98919,0.475138
98920,0.475138
98921,0.475138
98922,0.475138
98923,0.475138
98924,0.475138
98925,0.475138
98926,0.475138
98927,0.475138
98928,0.475138
98929,0.475138
98930,0.475138
98931,0.475138
98932,0.475138
98933,0.475138
98934,0.475138
98935,0.475138
98936,0.475138
98937,0.475138
98938,0.475138
98939,0.475138
98940,0.475138
98941,0.475138
98942,0.475138
98943,0.475138
98944,0.475138
98945,0.475138
98946,0.475138
98947,0.475138
98948,0.475138
98949,0.475138
98950,0.475138
98951,0.475138
98952,0.475138
98953,0.475138
98954,0.475138
98955,0.475138
98956,0.475138
98957,0.475138
98958,0.475138
98959,0.475138
98960,0.475138
98961,0.475138
98962,0.475138
98963,0.475138
98964,0.475138
98965,0.475138
98966,0.475138
98967,0.475138
98968,0.475138
98969,0.475138
98970,0.475138
98971,0.475138
98972,0.475138
98973,0.475138
98974,0.475138
98975,0.475138
98976,0.475138
98977,0.475138
98978,0.475138
98979,0.475138
98980,0.475138
98981,0.475138
98982,0.475138
98983,0.475138
98984,0.475138
98985,0.475138
98986,0.475138
98987,0.475138
98988,0.475138
98989,0.475138
98990,0.475138
98991,0.475138
98992,0.475138
98993,0.475138
98994,0.475138
98995,0.475138
98996,0.475138
98997,0.475138
98998,0.475138
98999,0.475138
99000,0.475138
99001,0.475138
99002,0.475138
99003,0.475138
99004,0.475138
99005,0.475138
99006,0.475138
99007,0.475138
99008,0.475138
99009,0.475138
99010,0.475138
99011,0.475138
99012,0.475138
99013,0.475138
99014,0.475138
99015,0.475138
99016,0.475138
99017,0.475138
99018,0.475138
99019,0.475138
99020,0.475138
99021,0.475138
99022,0.475138
99023,0.475138
99024,0.475138
99025,0.475138
99026,0.475138
99027,0.475138
99028,0.475138
99029,0.475138
99030,0.475138
99031,0.475138
99032,0.475138
99033,0.475138
99034,0.475138
99035,0.475138
99036,0.475138
99037,0.475138
99038,0.475138
99039,0.475138
99040,0.475138
99041,0.475138
99042,0.475138
99043,0.475138
99044,0.475138
99045,0.475138
99046,0.475138
99047,0.475138
99048,0.475138
99049,0.475138
99050,0.475138
99051,0.475138
99052,0.475138
99053,0.475138
99054,0.475138
99055,0.475138
99056,0.475138
99057,0.475138
99058,0.475138
99059,0.475138
99060,0.475138
99061,0.475138
99062,0.475138
99063,0.475138
99064,0.475138
99065,0.475138
99066,0.475138
99067,0.475138
99068,0.475138
99069,0.475138
99070,0.475138
99071,0.475138
99072,0.475138
99073,0.475138
99074,0.475138
99075,0.475138
99076,0.475138
99077,0.475138
99078,0.475138
99079,0.475138
99080,0.475138
99081,0.475138
99082,0.475138
99083,0.475138
99084,0.475138
99085,0.475138
99086,0.475138
99087,0.475138
99088,0.475138
99089,0.475138
99090,0.475138
99091,0.475138
99092,0.475138
99093,0.475138
99094,0.475138
99095,0.475138
99096,0.475138
99097,0.475138
99098,0.475138
99099,0.475138
99100,0.475138
99101,0.475138
99102,0.475138
99103,0.475138
99104,0.475138
99105,0.475138
99106,0.475138
99107,0.475138
99108,0.475138
99109,0.475138
99110,0.475138
99111,0.475138
99112,0.475138
99113,0.475138
99114,0.475138
99115,0.475138
99116,0.475138
99117,0.475138
99118,0.475138
99119,0.475138
99120,0.475138
99121,0.475138
99122,0.475138
99123,0.475138
99124,0.475138
99125,0.475138
99126,0.475138
99127,0.475138
99128,0.475138
99129,0.475138
99130,0.475138
99131,0.475138
99132,0.475138
99133,0.475138
99134,0.475138
99135,0.475138
99136,0.475138
99137,0.475138
99138,0.475138
99139,0.475138
99140,0.475138
99141,0.475138
99142,0.475138
99143,0.475138
99144,0.475138
99145,0.475138
99146,0.475138
99147,0.475138
99148,0.475138
99149,0.475138
99150,0.475138
99151,0.475138
99152,0.475138
99153,0.475138
99154,0.475138
99155,0.475138
99156,0.475138
99157,0.475138
99158,0.475138
99159,0.475138
99160,0.475138
99161,0.475138
99162,0.475138
99163,0.475138
99164,0.475138
99165,0.475138
99166,0.475138
99167,0.475138
99168,0.475138
99169,0.475138
99170,0.475138
99171,0.475138
99172,0.475138
99173,0.475138
99174,0.475138
99175,0.475138
99176,0.475138
99177,0.475138
99178,0.475138
99179,0.475138
99180,0.475138
99181,0.475138
99182,0.475138
99183,0.475138
99184,0.475138
99185,0.475138
99186,0.475138
99187,0.475138
99188,0.475138
99189,0.475138
99190,0.475138
99191,0.475138
99192,0.475138
99193,0.475138
99194,0.475138
99195,0.475138
99196,0.475138
99197,0.475138
99198,0.475138
99199,0.475138
99200,0.475138
99201,0.475138
99202,0.475138
99203,0.475138
99204,0.475138
99205,0.475138
99206,0.475138
99207,0.475138
99208,0.475138
99209,0.475138
99210,0.475138
99211,0.475138
99212,0.475138
99213,0.475138
99214,0.475138
99215,0.475138
99216,0.475138
99217,0.475138
99218,0.475138
99219,0.475138
99220,0.475138
99221,0.475138
99222,0.475138
99223,0.475138
99224,0.475138
99225,0.475138
99226,0.475138
99227,0.475138
99228,0.475138
99229,0.475138
99230,0.475138
99231,0.475138
99232,0.475138
99233,0.475138
99234,0.475138
99235,0.475138
99236,0.475138
99237,0.475138
99238,0.475138
99239,0.475138
99240,0.475138
99241,0.475138
99242,0.475138
99243,0.475138
99244,0.475138
99245,0.475138
99246,0.475138
99247,0.475138
99248,0.475138
99249,0.475138
99250,0.475138
99251,0.475138
99252,0.475138
99253,0.475138
99254,0.475138
99255,0.475138
99256,0.475138
99257,0.475138
99258,0.475138
99259,0.475138
99260,0.475138
99261,0.475138
99262,0.475138
99263,0.475138
99264,0.475138
99265,0.475138
99266,0.475138
99267,0.475138
99268,0.475138
99269,0.475138
99270,0.475138
99271,0.475138
99272,0.475138
99273,0.475138
99274,0.475138
99275,0.475138
99276,0.475138
99277,0.475138
99278,0.475138
99279,0.475138
99280,0.475138
99281,0.475138
99282,0.475138
99283,0.475138
99284,0.475138
99285,0.475138
99286,0.475138
99287,0.475138
99288,0.475138
99289,0.475138
99290,0.475138
99291,0.475138
99292,0.475138
99293,0.475138
99294,0.475138
99295,0.475138
99296,0.475138
99297,0.475138
99298,0.475138
99299,0.475138
99300,0.475138
99301,0.475138
99302,0.475138
99303,0.475138
99304,0.475138
99305,0.475138
99306,0.475138
99307,0.475138
99308,0.475138
99309,0.475138
99310,0.475138
99311,0.475138
99312,0.475138
99313,0.475138
99314,0.475138
99315,0.475138
99316,0.475138
99317,0.475138
99318,0.475138
99319,0.475138
99320,0.475138
99321,0.475138
99322,0.475138
99323,0.475138
99324,0.475138
99325,0.475138
99326,0.475138
99327,0.475138
99328,0.475138
99329,0.475138
99330,0.475138
99331,0.475138
99332,0.475138
99333,0.475138
99334,0.475138
99335,0.475138
99336,0.475138
99337,0.475138
99338,0.475138
99339,0.475138
99340,0.475138
99341,0.475138
99342,0.475138
99343,0.475138
99344,0.475138
99345,0.475138
99346,0.475138
99347,0.475138
99348,0.475138
99349,0.475138
99350,0.475138
99351,0.475138
99352,0.475138
99353,0.475138
99354,0.475138
99355,0.475138
99356,0.475138
99357,0.475138
99358,0.475138
99359,0.475138
99360,0.475138
99361,0.475138
99362,0.475138
99363,0.475138
99364,0.475138
99365,0.475138
99366,0.475138
99367,0.475138
99368,0.475138
99369,0.475138
99370,0.475138
99371,0.475138
99372,0.475138
99373,0.475138
99374,0.475138
99375,0.475138
99376,0.475138
99377,0.475138
99378,0.475138
99379,0.475138
99380,0.475138
99381,0.475138
99382,0.475138
99383,0.475138
99384,0.475138
99385,0.475138
99386,0.475138
99387,0.475138
99388,0.475138
99389,0.475138
99390,0.475138
99391,0.475138
99392,0.475138
99393,0.475138
99394,0.475138
99395,0.475138
99396,0.475138
99397,0.475138
99398,0.475138
99399,0.475138
99400,0.475138
99401,0.475138
99402,0.475138
99403,0.475138
99404,0.475138
99405,0.475138
99406,0.475138
99407,0.475138
99408,0.475138
99409,0.475138
99410,0.475138
99411,0.475138
99412,0.475138
99413,0.475138
99414,0.475138
99415,0.475138
99416,0.475138
99417,0.475138
99418,0.475138
99419,0.475138
99420,0.475138
99421,0.475138
99422,0.475138
99423,0.475138
99424,0.475138
99425,0.475138
99426,0.475138
99427,0.475138
99428,0.475138
99429,0.475138
99430,0.475138
99431,0.475138
99432,0.475138
99433,0.475138
99434,0.475138
99435,0.475138
99436,0.475138
99437,0.475138
99438,0.475138
99439,0.475138
99440,0.475138
99441,0.475138
99442,0.475138
99443,0.475138
99444,0.475138
99445,0.475138
99446,0.475138
99447,0.475138
99448,0.475138
99449,0.475138
99450,0.475138
99451,0.475138
99452,0.475138
99453,0.475138
99454,0.475138
99455,0.475138
99456,0.475138
99457,0.475138
99458,0.475138
99459,0.475138
99460,0.475138
99461,0.475138
99462,0.475138
99463,0.475138
99464,0.475138
99465,0.475138
99466,0.475138
99467,0.475138
99468,0.475138
99469,0.475138
99470,0.475138
99471,0.475138
99472,0.475138
99473,0.475138
99474,0.475138
99475,0.475138
99476,0.475138
99477,0.475138
99478,0.475138
99479,0.475138
99480,0.475138
99481,0.475138
99482,0.475138
99483,0.475138
99484,0.475138
99485,0.475138
99486,0.475138
99487,0.475138
99488,0.475138
99489,0.475138
99490,0.475138
99491,0.475138
99492,0.475138
99493,0.475138
99494,0.475138
99495,0.475138
99496,0.475138
99497,0.475138
99498,0.475138
99499,0.475138
99500,0.475138
99501,0.475138
99502,0.475138
99503,0.475138
99504,0.475138
99505,0.475138
99506,0.475138
99507,0.475138
99508,0.475138
99509,0.475138
99510,0.475138
99511,0.475138
99512,0.475138
99513,0.475138
99514,0.475138
99515,0.475138
99516,0.475138
99517,0.475138
99518,0.475138
99519,0.475138
99520,0.475138
99521,0.475138
99522,0.475138
99523,0.475138
99524,0.475138
99525,0.475138
99526,0.475138
99527,0.475138
99528,0.475138
99529,0.475138
99530,0.475138
99531,0.475138
99532,0.475138
99533,0.475138
99534,0.475138
99535,0.475138
99536,0.475138
99537,0.475138
99538,0.475138
99539,0.475138
99540,0.475138
99541,0.475138
99542,0.475138
99543,0.475138
99544,0.475138
99545,0.475138
99546,0.475138
99547,0.475138
99548,0.475138
99549,0.475138
99550,0.475138
99551,0.475138
99552,0.475138
99553,0.475138
99554,0.475138
99555,0.475138
99556,0.475138
99557,0.475138
99558,0.475138
99559,0.475138
99560,0.475138
99561,0.475138
99562,0.475138
99563,0.475138
99564,0.475138
99565,0.475138
99566,0.475138
99567,0.475138
99568,0.475138
99569,0.475138
99570,0.475138
99571,0.475138
99572,0.475138
99573,0.475138
99574,0.475138
99575,0.475138
99576,0.475138
99577,0.475138
99578,0.475138
99579,0.475138
99580,0.475138
99581,0.475138
99582,0.475138
99583,0.475138
99584,0.475138
99585,0.475138
99586,0.475138
99587,0.475138
99588,0.475138
99589,0.475138
99590,0.475138
99591,0.475138
99592,0.475138
99593,0.475138
99594,0.475138
99595,0.475138
99596,0.475138
99597,0.475138
99598,0.475138
99599,0.475138
99600,0.475138
99601,0.475138
99602,0.475138
99603,0.475138
99604,0.475138
99605,0.475138
99606,0.475138
99607,0.475138
99608,0.475138
99609,0.475138
99610,0.475138
99611,0.475138
99612,0.475138
99613,0.475138
99614,0.475138
99615,0.475138
99616,0.475138
99617,0.468550
99618,0.475138
99619,0.475138
99620,0.475138
99621,0.475138
99622,0.475138
99623,0.475138
99624,0.475138
99625,0.475138
99626,0.475138
99627,0.475138
99628,0.475138
99629,0.475138
99630,0.475138
99631,0.475138
99632,0.475138
99633,0.475138
99634,0.475138
99635,0.475138
99636,0.475138
99637,0.475138
99638,0.475138
99639,0.475138
99640,0.475138
99641,0.475138
99642,0.475138
99643,0.475138
99644,0.475138
99645,0.475138
99646,0.475138
99647,0.475138
99648,0.475138
99649,0.475138
99650,0.475138
99651,0.475138
99652,0.475138
99653,0.475138
99654,0.475138
99655,0.475138
99656,0.475138
99657,0.475138
99658,0.475138
99659,0.475138
99660,0.475138
99661,0.475138
99662,0.475138
99663,0.475138
99664,0.475138
99665,0.475138
99666,0.475138
99667,0.475138
99668,0.475138
99669,0.475138
99670,0.475138
99671,0.475138
99672,0.475138
99673,0.475138
99674,0.475138
99675,0.475138
99676,0.475138
99677,0.475138
99678,0.475138
99679,0.475138
99680,0.475138
99681,0.475138
99682,0.475138
99683,0.475138
99684,0.475138
99685,0.475138
99686,0.475138
99687,0.475138
99688,0.475138
99689,0.475138
99690,0.475138
99691,0.475138
99692,0.475138
99693,0.475138
99694,0.475138
99695,0.475138
99696,0.475138
99697,0.475138
99698,0.475138
99699,0.475138
99700,0.475138
99701,0.475138
99702,0.475138
99703,0.475138
99704,0.475138
99705,0.475138
99706,0.475138
99707,0.475138
99708,0.475138
99709,0.475138
99710,0.475138
99711,0.475138
99712,0.475138
99713,0.475138
99714,0.475138
99715,0.475138
99716,0.475138
99717,0.475138
99718,0.475138
99719,0.475138
99720,0.475138
99721,0.475138
99722,0.475138
99723,0.475138
99724,0.475138
99725,0.475138
99726,0.475138
99727,0.475138
99728,0.475138
99729,0.475138
99730,0.475138
99731,0.475138
99732,0.475138
99733,0.475138
99734,0.475138
99735,0.475138
99736,0.475138
99737,0.475138
99738,0.475138
99739,0.475138
99740,0.475138
99741,0.475138
99742,0.475138
99743,0.475138
99744,0.475138
99745,0.475138
99746,0.475138
99747,0.475138
99748,0.475138
99749,0.475138
99750,0.475138
99751,0.475138
99752,0.475138
99753,0.475138
99754,0.475138
99755,0.475138
99756,0.475138
99757,0.475138
99758,0.475138
99759,0.475138
99760,0.475138
99761,0.475138
99762,0.475138
99763,0.475138
99764,0.475138
99765,0.475138
99766,0.475138
99767,0.475138
99768,0.475138
99769,0.475138
99770,0.475138
99771,0.475138
99772,0.475138
99773,0.475138
99774,0.475138
99775,0.475138
99776,0.475138
99777,0.475138
99778,0.475138
99779,0.475138
99780,0.475138
99781,0.475138
99782,0.475138
99783,0.475138
99784,0.475138
99785,0.475138
99786,0.475138
99787,0.475138
99788,0.475138
99789,0.475138
99790,0.475138
99791,0.475138
99792,0.475138
99793,0.475138
99794,0.475138
99795,0.475138
99796,0.475138
99797,0.475138
99798,0.475138
99799,0.475138
99800,0.475138
99801,0.475138
99802,0.475138
99803,0.475138
99804,0.475138
99805,0.475138
99806,0.475138
99807,0.475138
99808,0.475138
99809,0.475138
99810,0.475138
99811,0.475138
99812,0.475138
99813,0.475138
99814,0.475138
99815,0.475138
99816,0.475138
99817,0.475138
99818,0.475138
99819,0.475138
99820,0.475138
99821,0.475138
99822,0.475138
99823,0.475138
99824,0.475138
99825,0.475138
99826,0.475138
99827,0.475138
99828,0.475138
99829,0.475138
99830,0.475138
99831,0.475138
99832,0.475138
99833,0.475138
99834,0.475138
99835,0.475138
99836,0.475138
99837,0.475138
99838,0.475138
99839,0.475138
99840,0.475138
99841,0.475138
99842,0.475138
99843,0.475138
99844,0.475138
99845,0.475138
99846,0.475138
99847,0.475138
99848,0.475138
99849,0.475138
99850,0.475138
99851,0.475138
99852,0.475138
99853,0.475138
99854,0.475138
99855,0.475138
99856,0.475138
99857,0.475138
99858,0.475138
99859,0.475138
99860,0.475138
99861,0.475138
99862,0.475138
99863,0.475138
99864,0.475138
99865,0.475138
99866,0.475138
99867,0.475138
99868,0.475138
99869,0.475138
99870,0.475138
99871,0.475138
99872,0.475138
99873,0.475138
99874,0.475138
99875,0.475138
99876,0.475138
99877,0.475138
99878,0.475138
99879,0.475138
99880,0.475138
99881,0.475138
99882,0.475138
99883,0.475138
99884,0.475138
99885,0.475138
99886,0.475138
99887,0.475138
99888,0.475138
99889,0.475138
99890,0.475138
99891,0.475138
99892,0.475138
99893,0.475138
99894,0.475138
99895,0.475138
99896,0.475138
99897,0.475138
99898,0.475138
99899,0.475138
99900,0.475138
99901,0.475138
99902,0.475138
99903,0.475138
99904,0.475138
99905,0.475138
99906,0.475138
99907,0.475138
99908,0.475138
99909,0.475138
99910,0.475138
99911,0.475138
99912,0.475138
99913,0.475138
99914,0.475138
99915,0.475138
99916,0.475138
99917,0.475138
99918,0.475138
99919,0.475138
99920,0.475138
99921,0.475138
99922,0.475138
99923,0.475138
99924,0.475138
99925,0.475138
99926,0.475138
99927,0.475138
99928,0.475138
99929,0.475138
99930,0.475138
99931,0.475138
99932,0.475138
99933,0.475138
99934,0.475138
99935,0.475138
99936,0.475138
99937,0.475138
99938,0.475138
99939,0.475138
99940,0.475138
99941,0.475138
99942,0.475138
99943,0.475138
99944,0.475138
99945,0.475138
99946,0.475138
99947,0.475138
99948,0.475138
99949,0.475138
99950,0.475138
99951,0.475138
99952,0.475138
99953,0.475138
99954,0.475138
99955,0.475138
99956,0.475138
99957,0.475138
99958,0.475138
99959,0.475138
99960,0.475138
99961,0.475138
99962,0.475138
99963,0.475138
99964,0.475138
99965,0.475138
99966,0.475138
99967,0.475138
99968,0.475138
99969,0.475138
99970,0.475138
99971,0.475138
99972,0.475138
99973,0.475138
99974,0.475138
99975,0.475138
99976,0.475138
99977,0.475138
99978,0.475138
99979,0.475138
99980,0.475138
99981,0.475138
99982,0.475138
99983,0.475138
99984,0.475138
99985,0.475138
99986,0.475138
99987,0.475138
99988,0.475138
99989,0.475138
99990,0.475138
99991,0.475138
99992,0.475138
99993,0.475138
99994,0.475138
99995,0.475138
99996,0.475138
99997,0.475138
99998,0.475138
99999,0.475138
